/*--------------------------------*- C++ -*----------------------------------*\
| =========                 |                                                 |
| \\      /  F ield         | OpenFOAM: The Open Source CFD Toolbox           |
|  \\    /   O peration     | Version:  2312                                  |
|   \\  /    A nd           | Website:  www.openfoam.com                      |
|    \\/     M anipulation  |                                                 |
\*---------------------------------------------------------------------------*/
FoamFile
{
    version     2.0;
    format      ascii;
    arch        "LSB;label=32;scalar=64";
    class       volTensorField;
    location    "2";
    object      Lambda;
}
// * * * * * * * * * * * * * * * * * * * * * * * * * * * * * * * * * * * * * //

dimensions      [0 0 0 0 0 0 0];

internalField   nonuniform List<tensor> 
60
(
(1 1.63349e-16 1.63349e-16 -1.63349e-16 1 6.4673e-28 -1.63349e-16 5.10795e-28 1)
(1 1.63425e-16 1.63425e-16 -1.63425e-16 1 1.21264e-28 -1.63425e-16 -1.46709e-29 1)
(1 1.6358e-16 1.6358e-16 -1.6358e-16 1 9.30189e-29 -1.6358e-16 -4.29161e-29 1)
(1 1.63819e-16 1.63819e-16 -1.63819e-16 1 1.17654e-28 -1.63819e-16 -1.82811e-29 1)
(1 1.6415e-16 1.6415e-16 -1.6415e-16 1 1.14061e-28 -1.6415e-16 -2.18741e-29 1)
(1 1.64583e-16 1.64583e-16 -1.64583e-16 1 9.653e-29 -1.64583e-16 -3.9405e-29 1)
(1 1.6513e-16 1.6513e-16 -1.6513e-16 1 8.15089e-29 -1.6513e-16 -5.44262e-29 1)
(1 1.65807e-16 1.65807e-16 -1.65807e-16 1 7.32798e-29 -1.65807e-16 -6.26552e-29 1)
(1 1.6663e-16 1.6663e-16 -1.6663e-16 1 6.99849e-29 -1.6663e-16 -6.59501e-29 1)
(1 1.67618e-16 1.67618e-16 -1.67618e-16 1 6.90194e-29 -1.67618e-16 -6.69156e-29 1)
(1 1.68789e-16 1.68789e-16 -1.68789e-16 1 6.88182e-29 -1.68789e-16 -6.71168e-29 1)
(1 1.70166e-16 1.70166e-16 -1.70166e-16 1 6.87633e-29 -1.70166e-16 -6.71718e-29 1)
(1 1.7177e-16 1.7177e-16 -1.7177e-16 1 6.87045e-29 -1.7177e-16 -6.72305e-29 1)
(1 1.73624e-16 1.73624e-16 -1.73624e-16 1 6.86387e-29 -1.73624e-16 -6.72964e-29 1)
(1 1.75751e-16 1.75751e-16 -1.75751e-16 1 6.85802e-29 -1.75751e-16 -6.73548e-29 1)
(1 1.78173e-16 1.78173e-16 -1.78173e-16 1 6.85339e-29 -1.78173e-16 -6.74011e-29 1)
(1 1.80914e-16 1.80914e-16 -1.80914e-16 1 6.84974e-29 -1.80914e-16 -6.74376e-29 1)
(1 1.83994e-16 1.83994e-16 -1.83994e-16 1 6.84673e-29 -1.83994e-16 -6.74677e-29 1)
(1 1.87436e-16 1.87436e-16 -1.87436e-16 1 6.8441e-29 -1.87436e-16 -6.7494e-29 1)
(1 1.91258e-16 1.91258e-16 -1.91258e-16 1 6.84172e-29 -1.91258e-16 -6.75179e-29 1)
(1 1.95479e-16 1.95479e-16 -1.95479e-16 1 6.83951e-29 -1.95479e-16 -6.75399e-29 1)
(1 2.00116e-16 2.00116e-16 -2.00116e-16 1 6.83745e-29 -2.00116e-16 -6.75605e-29 1)
(1 2.05182e-16 2.05182e-16 -2.05182e-16 1 6.83552e-29 -2.05182e-16 -6.75798e-29 1)
(1 2.10688e-16 2.10688e-16 -2.10688e-16 1 6.83372e-29 -2.10688e-16 -6.75979e-29 1)
(1 2.16645e-16 2.16645e-16 -2.16645e-16 1 6.83203e-29 -2.16645e-16 -6.76147e-29 1)
(1 2.23058e-16 2.23058e-16 -2.23058e-16 1 6.83047e-29 -2.23058e-16 -6.76303e-29 1)
(1 2.29931e-16 2.29931e-16 -2.29931e-16 1 6.82903e-29 -2.29931e-16 -6.76448e-29 1)
(1 2.37263e-16 2.37263e-16 -2.37263e-16 1 6.8277e-29 -2.37263e-16 -6.76581e-29 1)
(1 2.45052e-16 2.45052e-16 -2.45052e-16 1 6.82647e-29 -2.45052e-16 -6.76703e-29 1)
(1 2.53292e-16 2.53292e-16 -2.53292e-16 1 6.82533e-29 -2.53292e-16 -6.76817e-29 1)
(1 2.61972e-16 2.61972e-16 -2.61972e-16 1 6.82428e-29 -2.61972e-16 -6.76923e-29 1)
(1 2.7108e-16 2.7108e-16 -2.7108e-16 1 6.82328e-29 -2.7108e-16 -6.77022e-29 1)
(1 2.80596e-16 2.80596e-16 -2.80596e-16 1 6.82233e-29 -2.80596e-16 -6.77117e-29 1)
(1 2.90504e-16 2.90504e-16 -2.90504e-16 1 6.82142e-29 -2.90504e-16 -6.77208e-29 1)
(1 3.00779e-16 3.00779e-16 -3.00779e-16 1 6.82053e-29 -3.00779e-16 -6.77298e-29 1)
(1 3.11393e-16 3.11393e-16 -3.11393e-16 1 6.81965e-29 -3.11393e-16 -6.77386e-29 1)
(1 3.22318e-16 3.22318e-16 -3.22318e-16 1 6.81877e-29 -3.22318e-16 -6.77474e-29 1)
(1 3.33519e-16 3.33519e-16 -3.33519e-16 1 6.81789e-29 -3.33519e-16 -6.77562e-29 1)
(1 3.44962e-16 3.44962e-16 -3.44962e-16 1 6.81701e-29 -3.44962e-16 -6.77649e-29 1)
(1 3.56606e-16 3.56606e-16 -3.56606e-16 1 6.81616e-29 -3.56606e-16 -6.77734e-29 1)
(1 3.68411e-16 3.68411e-16 -3.68411e-16 1 6.81534e-29 -3.68411e-16 -6.77816e-29 1)
(1 3.80333e-16 3.80333e-16 -3.80333e-16 1 6.81457e-29 -3.80333e-16 -6.77893e-29 1)
(1 3.92326e-16 3.92326e-16 -3.92326e-16 1 6.81383e-29 -3.92326e-16 -6.77967e-29 1)
(1 4.0434e-16 4.0434e-16 -4.0434e-16 1 6.81308e-29 -4.0434e-16 -6.78042e-29 1)
(1 4.16325e-16 4.16325e-16 -4.16325e-16 1 6.81222e-29 -4.16325e-16 -6.78128e-29 1)
(1 4.28228e-16 4.28228e-16 -4.28228e-16 1 6.81117e-29 -4.28228e-16 -6.78233e-29 1)
(1 4.39994e-16 4.39994e-16 -4.39994e-16 1 6.80986e-29 -4.39994e-16 -6.78364e-29 1)
(1 4.51564e-16 4.51564e-16 -4.51564e-16 1 6.80831e-29 -4.51564e-16 -6.78519e-29 1)
(1 4.62878e-16 4.62878e-16 -4.62878e-16 1 6.80665e-29 -4.62878e-16 -6.78685e-29 1)
(1 4.73872e-16 4.73872e-16 -4.73872e-16 1 6.80512e-29 -4.73872e-16 -6.78838e-29 1)
(1 4.84476e-16 4.84476e-16 -4.84476e-16 1 6.80402e-29 -4.84476e-16 -6.78948e-29 1)
(1 4.94617e-16 4.94617e-16 -4.94617e-16 1 6.8036e-29 -4.94617e-16 -6.7899e-29 1)
(1 5.04214e-16 5.04214e-16 -5.04214e-16 1 6.80399e-29 -5.04214e-16 -6.78951e-29 1)
(1 5.13173e-16 5.13173e-16 -5.13173e-16 1 6.80512e-29 -5.13173e-16 -6.78839e-29 1)
(1 5.21388e-16 5.21388e-16 -5.21388e-16 1 6.80669e-29 -5.21388e-16 -6.78681e-29 1)
(1 5.28739e-16 5.28739e-16 -5.28739e-16 1 6.80833e-29 -5.28739e-16 -6.78517e-29 1)
(1 5.35078e-16 5.35078e-16 -5.35078e-16 1 6.80967e-29 -5.35078e-16 -6.78383e-29 1)
(1 5.40226e-16 5.40226e-16 -5.40226e-16 1 6.81054e-29 -5.40226e-16 -6.78297e-29 1)
(1 5.43961e-16 5.43961e-16 -5.43961e-16 1 6.81098e-29 -5.43961e-16 -6.78252e-29 1)
(1 5.46006e-16 5.46006e-16 -5.46006e-16 1 6.81119e-29 -5.46006e-16 -6.78231e-29 1)
)
;

boundaryField
{
    left
    {
        type            calculated;
        value           uniform (1 1.63349e-16 1.63349e-16 -1.63349e-16 1 6.4673e-28 -1.63349e-16 5.10795e-28 1);
    }
    right
    {
        type            calculated;
        value           uniform (1 5.46006e-16 5.46006e-16 -5.46006e-16 1 6.81119e-29 -5.46006e-16 -6.78231e-29 1);
    }
    beam
    {
        type            empty;
    }
}


// ************************************************************************* //
