/*--------------------------------*- C++ -*----------------------------------*\
| =========                 |                                                 |
| \\      /  F ield         | OpenFOAM: The Open Source CFD Toolbox           |
|  \\    /   O peration     | Version:  2312                                  |
|   \\  /    A nd           | Website:  www.openfoam.com                      |
|    \\/     M anipulation  |                                                 |
\*---------------------------------------------------------------------------*/
FoamFile
{
    version     2.0;
    format      ascii;
    arch        "LSB;label=32;scalar=64";
    class       pointVectorField;
    location    "2";
    object      pointW;
}
// * * * * * * * * * * * * * * * * * * * * * * * * * * * * * * * * * * * * * //

dimensions      [0 1 0 0 0 0 0];

internalField   nonuniform List<vector> 
1952
(
(5.85947 2.375 0.85)
(5.85947 2.375 0.85)
(5.85947 2.375 0.85)
(5.85947 2.375 0.85)
(5.85947 2.375 0.85)
(5.85947 2.375 0.85)
(5.85947 2.375 0.85)
(5.85947 2.375 0.85)
(5.85947 2.375 0.85)
(5.85947 2.375 0.85)
(5.85947 2.375 0.85)
(5.85947 2.375 0.85)
(5.85947 2.375 0.85)
(5.85947 2.375 0.85)
(5.85947 2.375 0.85)
(5.85947 2.375 0.85)
(5.85947 2.375 0.85)
(5.85947 2.375 0.85)
(5.85947 2.375 0.85)
(5.85947 2.375 0.85)
(5.85947 2.375 0.85)
(5.85947 2.375 0.85)
(5.85947 2.375 0.85)
(5.85947 2.375 0.85)
(5.85947 2.375 0.85)
(5.85947 2.375 0.85)
(5.85947 2.375 0.85)
(5.85947 2.375 0.85)
(5.85947 2.375 0.85)
(5.85947 2.375 0.85)
(5.85947 2.375 0.85)
(5.85947 2.375 0.85)
(5.85948 2.375 0.85)
(5.85948 2.375 0.85)
(5.85948 2.375 0.85)
(5.85948 2.375 0.85)
(5.85948 2.375 0.85)
(5.85948 2.375 0.85)
(5.85948 2.375 0.85)
(5.85948 2.375 0.85)
(5.85948 2.375 0.85)
(5.85948 2.375 0.85)
(5.85948 2.375 0.85)
(5.85948 2.375 0.85)
(5.85948 2.375 0.85)
(5.85948 2.375 0.85)
(5.85948 2.375 0.85)
(5.85948 2.375 0.85)
(5.85948 2.375 0.85)
(5.85948 2.375 0.85)
(5.85948 2.375 0.85)
(5.85948 2.375 0.85)
(5.85948 2.375 0.85)
(5.85948 2.375 0.85)
(5.85948 2.375 0.85)
(5.85948 2.375 0.85)
(5.85948 2.375 0.85)
(5.85948 2.375 0.85)
(5.85948 2.375 0.85)
(5.85948 2.375 0.85)
(5.85948 2.375 0.85)
(5.85948 2.375 0.85)
(5.85948 2.375 0.85)
(5.85948 2.375 0.85)
(5.85948 2.375 0.85)
(5.85948 2.375 0.85)
(5.85948 2.375 0.85)
(5.85948 2.375 0.85)
(5.85948 2.375 0.85)
(5.85948 2.375 0.85)
(5.85948 2.375 0.85)
(5.85948 2.375 0.85)
(5.85948 2.375 0.85)
(5.85948 2.375 0.85)
(5.85948 2.375 0.85)
(5.85948 2.375 0.85)
(5.85948 2.375 0.85)
(5.85948 2.375 0.85)
(5.85948 2.375 0.85)
(5.85948 2.375 0.85)
(5.85948 2.375 0.85)
(5.85948 2.375 0.85)
(5.85948 2.375 0.85)
(5.85948 2.375 0.85)
(5.85948 2.375 0.85)
(5.85948 2.375 0.85)
(5.85948 2.375 0.85)
(5.85948 2.375 0.85)
(5.85948 2.375 0.85)
(5.85948 2.375 0.85)
(5.85948 2.375 0.85)
(5.85948 2.375 0.85)
(5.85948 2.375 0.85)
(5.85948 2.375 0.85)
(5.85948 2.375 0.85)
(5.85948 2.375 0.85)
(5.85949 2.375 0.85)
(5.85949 2.375 0.85)
(5.85949 2.375 0.85)
(5.85949 2.375 0.85)
(5.85949 2.375 0.85)
(5.85949 2.375 0.85)
(5.85949 2.375 0.85)
(5.85949 2.375 0.85)
(5.85949 2.375 0.85)
(5.85949 2.375 0.85)
(5.85949 2.375 0.85)
(5.85949 2.375 0.85)
(5.85949 2.375 0.85)
(5.85949 2.375 0.85)
(5.85949 2.375 0.85)
(5.85949 2.375 0.85)
(5.85949 2.375 0.85)
(5.85949 2.375 0.85)
(5.85949 2.375 0.85)
(5.85949 2.375 0.85)
(5.85949 2.375 0.85)
(5.85949 2.375 0.85)
(5.85949 2.375 0.85)
(5.85949 2.375 0.85)
(5.85949 2.375 0.85)
(5.85949 2.375 0.85)
(5.85949 2.375 0.85)
(5.85949 2.375 0.85)
(5.85949 2.375 0.85)
(5.85949 2.375 0.85)
(5.85949 2.375 0.85)
(5.85949 2.375 0.85)
(5.8595 2.375 0.85)
(5.8595 2.375 0.85)
(5.8595 2.375 0.85)
(5.8595 2.375 0.85)
(5.8595 2.375 0.85)
(5.8595 2.375 0.85)
(5.8595 2.375 0.85)
(5.8595 2.375 0.85)
(5.8595 2.375 0.85)
(5.8595 2.375 0.85)
(5.8595 2.375 0.85)
(5.8595 2.375 0.85)
(5.8595 2.375 0.85)
(5.8595 2.375 0.85)
(5.8595 2.375 0.85)
(5.8595 2.375 0.85)
(5.8595 2.375 0.85)
(5.8595 2.375 0.85)
(5.8595 2.375 0.85)
(5.8595 2.375 0.85)
(5.8595 2.375 0.85)
(5.8595 2.375 0.85)
(5.8595 2.375 0.85)
(5.8595 2.375 0.85)
(5.8595 2.375 0.85)
(5.8595 2.375 0.85)
(5.8595 2.375 0.85)
(5.8595 2.375 0.85)
(5.8595 2.375 0.85)
(5.8595 2.375 0.85)
(5.8595 2.375 0.85)
(5.8595 2.375 0.85)
(5.8595 2.375 0.85)
(5.8595 2.375 0.85)
(5.8595 2.375 0.85)
(5.8595 2.375 0.85)
(5.8595 2.375 0.85)
(5.8595 2.375 0.85)
(5.8595 2.375 0.85)
(5.8595 2.375 0.85)
(5.8595 2.375 0.85)
(5.8595 2.375 0.85)
(5.8595 2.375 0.85)
(5.8595 2.375 0.85)
(5.8595 2.375 0.85)
(5.8595 2.375 0.85)
(5.8595 2.375 0.85)
(5.8595 2.375 0.85)
(5.8595 2.375 0.85)
(5.8595 2.375 0.85)
(5.8595 2.375 0.85)
(5.8595 2.375 0.85)
(5.8595 2.375 0.85)
(5.8595 2.375 0.85)
(5.8595 2.375 0.85)
(5.8595 2.375 0.85)
(5.8595 2.375 0.85)
(5.8595 2.375 0.85)
(5.8595 2.375 0.85)
(5.8595 2.375 0.85)
(5.8595 2.375 0.85)
(5.8595 2.375 0.85)
(5.8595 2.375 0.85)
(5.8595 2.375 0.85)
(5.85951 2.375 0.85)
(5.85951 2.375 0.85)
(5.85951 2.375 0.85)
(5.85951 2.375 0.85)
(5.85951 2.375 0.85)
(5.85951 2.375 0.85)
(5.85951 2.375 0.85)
(5.85951 2.375 0.85)
(5.85951 2.375 0.85)
(5.85951 2.375 0.85)
(5.85951 2.375 0.85)
(5.85951 2.375 0.85)
(5.85951 2.375 0.85)
(5.85951 2.375 0.85)
(5.85951 2.375 0.85)
(5.85951 2.375 0.85)
(5.85951 2.375 0.85)
(5.85951 2.375 0.85)
(5.85951 2.375 0.85)
(5.85951 2.375 0.85)
(5.85951 2.375 0.85)
(5.85951 2.375 0.85)
(5.85951 2.375 0.85)
(5.85951 2.375 0.85)
(5.85951 2.375 0.85)
(5.85951 2.375 0.85)
(5.85951 2.375 0.85)
(5.85951 2.375 0.85)
(5.85951 2.375 0.85)
(5.85951 2.375 0.85)
(5.85951 2.375 0.85)
(5.85951 2.375 0.85)
(5.85952 2.375 0.85)
(5.85952 2.375 0.85)
(5.85952 2.375 0.85)
(5.85952 2.375 0.85)
(5.85952 2.375 0.85)
(5.85952 2.375 0.85)
(5.85952 2.375 0.85)
(5.85952 2.375 0.85)
(5.85952 2.375 0.85)
(5.85952 2.375 0.85)
(5.85952 2.375 0.85)
(5.85952 2.375 0.85)
(5.85952 2.375 0.85)
(5.85952 2.375 0.85)
(5.85952 2.375 0.85)
(5.85952 2.375 0.85)
(5.85952 2.375 0.85)
(5.85952 2.375 0.85)
(5.85952 2.375 0.85)
(5.85952 2.375 0.85)
(5.85952 2.375 0.85)
(5.85952 2.375 0.85)
(5.85952 2.375 0.85)
(5.85952 2.375 0.85)
(5.85952 2.375 0.85)
(5.85952 2.375 0.85)
(5.85952 2.375 0.85)
(5.85952 2.375 0.85)
(5.85952 2.375 0.85)
(5.85952 2.375 0.85)
(5.85952 2.375 0.85)
(5.85952 2.375 0.85)
(5.85952 2.375 0.85)
(5.85952 2.375 0.85)
(5.85952 2.375 0.85)
(5.85952 2.375 0.85)
(5.85952 2.375 0.85)
(5.85952 2.375 0.85)
(5.85952 2.375 0.85)
(5.85952 2.375 0.85)
(5.85952 2.375 0.85)
(5.85952 2.375 0.85)
(5.85952 2.375 0.85)
(5.85952 2.375 0.85)
(5.85952 2.375 0.85)
(5.85952 2.375 0.85)
(5.85952 2.375 0.85)
(5.85952 2.375 0.85)
(5.85952 2.375 0.85)
(5.85952 2.375 0.85)
(5.85952 2.375 0.85)
(5.85952 2.375 0.85)
(5.85952 2.375 0.85)
(5.85952 2.375 0.85)
(5.85952 2.375 0.85)
(5.85952 2.375 0.85)
(5.85952 2.375 0.85)
(5.85952 2.375 0.85)
(5.85952 2.375 0.85)
(5.85952 2.375 0.85)
(5.85952 2.375 0.85)
(5.85952 2.375 0.85)
(5.85952 2.375 0.85)
(5.85952 2.375 0.85)
(5.85953 2.375 0.85)
(5.85953 2.375 0.85)
(5.85953 2.375 0.85)
(5.85953 2.375 0.85)
(5.85953 2.375 0.85)
(5.85953 2.375 0.85)
(5.85953 2.375 0.85)
(5.85953 2.375 0.85)
(5.85953 2.375 0.85)
(5.85953 2.375 0.85)
(5.85953 2.375 0.85)
(5.85953 2.375 0.85)
(5.85953 2.375 0.85)
(5.85953 2.375 0.85)
(5.85953 2.375 0.85)
(5.85953 2.375 0.85)
(5.85953 2.375 0.85)
(5.85953 2.375 0.85)
(5.85953 2.375 0.85)
(5.85953 2.375 0.85)
(5.85953 2.375 0.85)
(5.85953 2.375 0.85)
(5.85953 2.375 0.85)
(5.85953 2.375 0.85)
(5.85953 2.375 0.85)
(5.85953 2.375 0.85)
(5.85953 2.375 0.85)
(5.85953 2.375 0.85)
(5.85953 2.375 0.85)
(5.85953 2.375 0.85)
(5.85953 2.375 0.85)
(5.85953 2.375 0.85)
(5.85953 2.375 0.85)
(5.85953 2.375 0.85)
(5.85953 2.375 0.85)
(5.85953 2.375 0.85)
(5.85953 2.375 0.85)
(5.85953 2.375 0.85)
(5.85953 2.375 0.85)
(5.85953 2.375 0.85)
(5.85953 2.375 0.85)
(5.85953 2.375 0.85)
(5.85953 2.375 0.85)
(5.85953 2.375 0.85)
(5.85953 2.375 0.85)
(5.85953 2.375 0.85)
(5.85953 2.375 0.85)
(5.85953 2.375 0.85)
(5.85953 2.375 0.85)
(5.85953 2.375 0.85)
(5.85953 2.375 0.85)
(5.85953 2.375 0.85)
(5.85953 2.375 0.85)
(5.85953 2.375 0.85)
(5.85953 2.375 0.85)
(5.85953 2.375 0.85)
(5.85953 2.375 0.85)
(5.85953 2.375 0.85)
(5.85953 2.375 0.85)
(5.85953 2.375 0.85)
(5.85953 2.375 0.85)
(5.85953 2.375 0.85)
(5.85953 2.375 0.85)
(5.85953 2.375 0.85)
(5.85954 2.375 0.85)
(5.85954 2.375 0.85)
(5.85954 2.375 0.85)
(5.85954 2.375 0.85)
(5.85954 2.375 0.85)
(5.85954 2.375 0.85)
(5.85954 2.375 0.85)
(5.85954 2.375 0.85)
(5.85954 2.375 0.85)
(5.85954 2.375 0.85)
(5.85954 2.375 0.85)
(5.85954 2.375 0.85)
(5.85954 2.375 0.85)
(5.85954 2.375 0.85)
(5.85954 2.375 0.85)
(5.85954 2.375 0.85)
(5.85954 2.375 0.85)
(5.85954 2.375 0.85)
(5.85954 2.375 0.85)
(5.85954 2.375 0.85)
(5.85954 2.375 0.85)
(5.85954 2.375 0.85)
(5.85954 2.375 0.85)
(5.85954 2.375 0.85)
(5.85954 2.375 0.85)
(5.85954 2.375 0.85)
(5.85954 2.375 0.85)
(5.85954 2.375 0.85)
(5.85954 2.375 0.85)
(5.85954 2.375 0.85)
(5.85954 2.375 0.85)
(5.85954 2.375 0.85)
(5.85955 2.375 0.85)
(5.85955 2.375 0.85)
(5.85955 2.375 0.85)
(5.85955 2.375 0.85)
(5.85955 2.375 0.85)
(5.85955 2.375 0.85)
(5.85955 2.375 0.85)
(5.85955 2.375 0.85)
(5.85955 2.375 0.85)
(5.85955 2.375 0.85)
(5.85955 2.375 0.85)
(5.85955 2.375 0.85)
(5.85955 2.375 0.85)
(5.85955 2.375 0.85)
(5.85955 2.375 0.85)
(5.85955 2.375 0.85)
(5.85955 2.375 0.85)
(5.85955 2.375 0.85)
(5.85955 2.375 0.85)
(5.85955 2.375 0.85)
(5.85955 2.375 0.85)
(5.85955 2.375 0.85)
(5.85955 2.375 0.85)
(5.85955 2.375 0.85)
(5.85955 2.375 0.85)
(5.85955 2.375 0.85)
(5.85955 2.375 0.85)
(5.85955 2.375 0.85)
(5.85955 2.375 0.85)
(5.85955 2.375 0.85)
(5.85955 2.375 0.85)
(5.85955 2.375 0.85)
(5.85955 2.375 0.85)
(5.85955 2.375 0.85)
(5.85955 2.375 0.85)
(5.85955 2.375 0.85)
(5.85955 2.375 0.85)
(5.85955 2.375 0.85)
(5.85955 2.375 0.85)
(5.85955 2.375 0.85)
(5.85955 2.375 0.85)
(5.85955 2.375 0.85)
(5.85955 2.375 0.85)
(5.85955 2.375 0.85)
(5.85955 2.375 0.85)
(5.85955 2.375 0.85)
(5.85955 2.375 0.85)
(5.85955 2.375 0.85)
(5.85955 2.375 0.85)
(5.85955 2.375 0.85)
(5.85955 2.375 0.85)
(5.85955 2.375 0.85)
(5.85955 2.375 0.85)
(5.85955 2.375 0.85)
(5.85955 2.375 0.85)
(5.85955 2.375 0.85)
(5.85955 2.375 0.85)
(5.85955 2.375 0.85)
(5.85955 2.375 0.85)
(5.85955 2.375 0.85)
(5.85955 2.375 0.85)
(5.85955 2.375 0.85)
(5.85955 2.375 0.85)
(5.85955 2.375 0.85)
(5.85956 2.375 0.85)
(5.85956 2.375 0.85)
(5.85956 2.375 0.85)
(5.85956 2.375 0.85)
(5.85956 2.375 0.85)
(5.85956 2.375 0.85)
(5.85956 2.375 0.85)
(5.85956 2.375 0.85)
(5.85956 2.375 0.85)
(5.85956 2.375 0.85)
(5.85956 2.375 0.85)
(5.85956 2.375 0.85)
(5.85956 2.375 0.85)
(5.85956 2.375 0.85)
(5.85956 2.375 0.85)
(5.85956 2.375 0.85)
(5.85956 2.375 0.85)
(5.85956 2.375 0.85)
(5.85956 2.375 0.85)
(5.85956 2.375 0.85)
(5.85956 2.375 0.85)
(5.85956 2.375 0.85)
(5.85956 2.375 0.85)
(5.85956 2.375 0.85)
(5.85956 2.375 0.85)
(5.85956 2.375 0.85)
(5.85956 2.375 0.85)
(5.85956 2.375 0.85)
(5.85956 2.375 0.85)
(5.85956 2.375 0.85)
(5.85956 2.375 0.85)
(5.85956 2.375 0.85)
(5.85957 2.375 0.85)
(5.85957 2.375 0.85)
(5.85957 2.375 0.85)
(5.85957 2.375 0.85)
(5.85957 2.375 0.85)
(5.85957 2.375 0.85)
(5.85957 2.375 0.85)
(5.85957 2.375 0.85)
(5.85957 2.375 0.85)
(5.85957 2.375 0.85)
(5.85957 2.375 0.85)
(5.85957 2.375 0.85)
(5.85957 2.375 0.85)
(5.85957 2.375 0.85)
(5.85957 2.375 0.85)
(5.85957 2.375 0.85)
(5.85957 2.375 0.85)
(5.85957 2.375 0.85)
(5.85957 2.375 0.85)
(5.85957 2.375 0.85)
(5.85957 2.375 0.85)
(5.85957 2.375 0.85)
(5.85957 2.375 0.85)
(5.85957 2.375 0.85)
(5.85957 2.375 0.85)
(5.85957 2.375 0.85)
(5.85957 2.375 0.85)
(5.85957 2.375 0.85)
(5.85957 2.375 0.85)
(5.85957 2.375 0.85)
(5.85957 2.375 0.85)
(5.85957 2.375 0.85)
(5.85957 2.375 0.85)
(5.85957 2.375 0.85)
(5.85957 2.375 0.85)
(5.85957 2.375 0.85)
(5.85957 2.375 0.85)
(5.85957 2.375 0.85)
(5.85957 2.375 0.85)
(5.85957 2.375 0.85)
(5.85957 2.375 0.85)
(5.85957 2.375 0.85)
(5.85957 2.375 0.85)
(5.85957 2.375 0.85)
(5.85957 2.375 0.85)
(5.85957 2.375 0.85)
(5.85957 2.375 0.85)
(5.85957 2.375 0.85)
(5.85957 2.375 0.85)
(5.85957 2.375 0.85)
(5.85957 2.375 0.85)
(5.85957 2.375 0.85)
(5.85957 2.375 0.85)
(5.85957 2.375 0.85)
(5.85957 2.375 0.85)
(5.85957 2.375 0.85)
(5.85957 2.375 0.85)
(5.85957 2.375 0.85)
(5.85957 2.375 0.85)
(5.85957 2.375 0.85)
(5.85957 2.375 0.85)
(5.85957 2.375 0.85)
(5.85957 2.375 0.85)
(5.85957 2.375 0.85)
(5.85958 2.375 0.85)
(5.85958 2.375 0.85)
(5.85958 2.375 0.85)
(5.85958 2.375 0.85)
(5.85958 2.375 0.85)
(5.85958 2.375 0.85)
(5.85958 2.375 0.85)
(5.85958 2.375 0.85)
(5.85958 2.375 0.85)
(5.85958 2.375 0.85)
(5.85958 2.375 0.85)
(5.85958 2.375 0.85)
(5.85958 2.375 0.85)
(5.85958 2.375 0.85)
(5.85958 2.375 0.85)
(5.85958 2.375 0.85)
(5.85958 2.375 0.85)
(5.85958 2.375 0.85)
(5.85958 2.375 0.85)
(5.85958 2.375 0.85)
(5.85958 2.375 0.85)
(5.85958 2.375 0.85)
(5.85958 2.375 0.85)
(5.85958 2.375 0.85)
(5.85958 2.375 0.85)
(5.85958 2.375 0.85)
(5.85958 2.375 0.85)
(5.85958 2.375 0.85)
(5.85958 2.375 0.85)
(5.85958 2.375 0.85)
(5.85958 2.375 0.85)
(5.85958 2.375 0.85)
(5.85959 2.375 0.85)
(5.85959 2.375 0.85)
(5.85959 2.375 0.85)
(5.85959 2.375 0.85)
(5.85959 2.375 0.85)
(5.85959 2.375 0.85)
(5.85959 2.375 0.85)
(5.85959 2.375 0.85)
(5.85959 2.375 0.85)
(5.85959 2.375 0.85)
(5.85959 2.375 0.85)
(5.85959 2.375 0.85)
(5.85959 2.375 0.85)
(5.85959 2.375 0.85)
(5.85959 2.375 0.85)
(5.85959 2.375 0.85)
(5.85959 2.375 0.85)
(5.85959 2.375 0.85)
(5.85959 2.375 0.85)
(5.85959 2.375 0.85)
(5.85959 2.375 0.85)
(5.85959 2.375 0.85)
(5.85959 2.375 0.85)
(5.85959 2.375 0.85)
(5.85959 2.375 0.85)
(5.85959 2.375 0.85)
(5.85959 2.375 0.85)
(5.85959 2.375 0.85)
(5.85959 2.375 0.85)
(5.85959 2.375 0.85)
(5.85959 2.375 0.85)
(5.85959 2.375 0.85)
(5.85959 2.375 0.85)
(5.85959 2.375 0.85)
(5.85959 2.375 0.85)
(5.85959 2.375 0.85)
(5.85959 2.375 0.85)
(5.85959 2.375 0.85)
(5.85959 2.375 0.85)
(5.85959 2.375 0.85)
(5.85959 2.375 0.85)
(5.85959 2.375 0.85)
(5.85959 2.375 0.85)
(5.85959 2.375 0.85)
(5.85959 2.375 0.85)
(5.85959 2.375 0.85)
(5.85959 2.375 0.85)
(5.85959 2.375 0.85)
(5.85959 2.375 0.85)
(5.85959 2.375 0.85)
(5.85959 2.375 0.85)
(5.85959 2.375 0.85)
(5.85959 2.375 0.85)
(5.85959 2.375 0.85)
(5.85959 2.375 0.85)
(5.85959 2.375 0.85)
(5.85959 2.375 0.85)
(5.85959 2.375 0.85)
(5.85959 2.375 0.85)
(5.85959 2.375 0.85)
(5.85959 2.375 0.85)
(5.85959 2.375 0.85)
(5.85959 2.375 0.85)
(5.85959 2.375 0.85)
(5.8596 2.375 0.85)
(5.8596 2.375 0.85)
(5.8596 2.375 0.85)
(5.8596 2.375 0.85)
(5.8596 2.375 0.85)
(5.8596 2.375 0.85)
(5.8596 2.375 0.85)
(5.8596 2.375 0.85)
(5.8596 2.375 0.85)
(5.8596 2.375 0.85)
(5.8596 2.375 0.85)
(5.8596 2.375 0.85)
(5.8596 2.375 0.85)
(5.8596 2.375 0.85)
(5.8596 2.375 0.85)
(5.8596 2.375 0.85)
(5.8596 2.375 0.85)
(5.8596 2.375 0.85)
(5.8596 2.375 0.85)
(5.8596 2.375 0.85)
(5.8596 2.375 0.85)
(5.8596 2.375 0.85)
(5.8596 2.375 0.85)
(5.8596 2.375 0.85)
(5.8596 2.375 0.85)
(5.8596 2.375 0.85)
(5.8596 2.375 0.85)
(5.8596 2.375 0.85)
(5.8596 2.375 0.85)
(5.8596 2.375 0.85)
(5.8596 2.375 0.85)
(5.8596 2.375 0.85)
(5.85961 2.375 0.85)
(5.85961 2.375 0.85)
(5.85961 2.375 0.85)
(5.85961 2.375 0.85)
(5.85961 2.375 0.85)
(5.85961 2.375 0.85)
(5.85961 2.375 0.85)
(5.85961 2.375 0.85)
(5.85961 2.375 0.85)
(5.85961 2.375 0.85)
(5.85961 2.375 0.85)
(5.85961 2.375 0.85)
(5.85961 2.375 0.85)
(5.85961 2.375 0.85)
(5.85961 2.375 0.85)
(5.85961 2.375 0.85)
(5.85961 2.375 0.85)
(5.85961 2.375 0.85)
(5.85961 2.375 0.85)
(5.85961 2.375 0.85)
(5.85961 2.375 0.85)
(5.85961 2.375 0.85)
(5.85961 2.375 0.85)
(5.85961 2.375 0.85)
(5.85961 2.375 0.85)
(5.85961 2.375 0.85)
(5.85961 2.375 0.85)
(5.85961 2.375 0.85)
(5.85961 2.375 0.85)
(5.85961 2.375 0.85)
(5.85961 2.375 0.85)
(5.85961 2.375 0.85)
(5.85961 2.375 0.85)
(5.85961 2.375 0.85)
(5.85961 2.375 0.85)
(5.85961 2.375 0.85)
(5.85961 2.375 0.85)
(5.85961 2.375 0.85)
(5.85961 2.375 0.85)
(5.85961 2.375 0.85)
(5.85961 2.375 0.85)
(5.85961 2.375 0.85)
(5.85961 2.375 0.85)
(5.85961 2.375 0.85)
(5.85961 2.375 0.85)
(5.85961 2.375 0.85)
(5.85961 2.375 0.85)
(5.85961 2.375 0.85)
(5.85961 2.375 0.85)
(5.85961 2.375 0.85)
(5.85961 2.375 0.85)
(5.85961 2.375 0.85)
(5.85961 2.375 0.85)
(5.85961 2.375 0.85)
(5.85961 2.375 0.85)
(5.85961 2.375 0.85)
(5.85961 2.375 0.85)
(5.85961 2.375 0.85)
(5.85961 2.375 0.85)
(5.85961 2.375 0.85)
(5.85961 2.375 0.85)
(5.85961 2.375 0.85)
(5.85961 2.375 0.85)
(5.85961 2.375 0.85)
(5.85962 2.375 0.85)
(5.85962 2.375 0.85)
(5.85962 2.375 0.85)
(5.85962 2.375 0.85)
(5.85962 2.375 0.85)
(5.85962 2.375 0.85)
(5.85962 2.375 0.85)
(5.85962 2.375 0.85)
(5.85962 2.375 0.85)
(5.85962 2.375 0.85)
(5.85962 2.375 0.85)
(5.85962 2.375 0.85)
(5.85962 2.375 0.85)
(5.85962 2.375 0.85)
(5.85962 2.375 0.85)
(5.85962 2.375 0.85)
(5.85962 2.375 0.85)
(5.85962 2.375 0.85)
(5.85962 2.375 0.85)
(5.85962 2.375 0.85)
(5.85962 2.375 0.85)
(5.85962 2.375 0.85)
(5.85962 2.375 0.85)
(5.85962 2.375 0.85)
(5.85962 2.375 0.85)
(5.85962 2.375 0.85)
(5.85962 2.375 0.85)
(5.85962 2.375 0.85)
(5.85962 2.375 0.85)
(5.85962 2.375 0.85)
(5.85962 2.375 0.85)
(5.85962 2.375 0.85)
(5.85963 2.375 0.85)
(5.85963 2.375 0.85)
(5.85963 2.375 0.85)
(5.85963 2.375 0.85)
(5.85963 2.375 0.85)
(5.85963 2.375 0.85)
(5.85963 2.375 0.85)
(5.85963 2.375 0.85)
(5.85963 2.375 0.85)
(5.85963 2.375 0.85)
(5.85963 2.375 0.85)
(5.85963 2.375 0.85)
(5.85963 2.375 0.85)
(5.85963 2.375 0.85)
(5.85963 2.375 0.85)
(5.85963 2.375 0.85)
(5.85963 2.375 0.85)
(5.85963 2.375 0.85)
(5.85963 2.375 0.85)
(5.85963 2.375 0.85)
(5.85963 2.375 0.85)
(5.85963 2.375 0.85)
(5.85963 2.375 0.85)
(5.85963 2.375 0.85)
(5.85963 2.375 0.85)
(5.85963 2.375 0.85)
(5.85963 2.375 0.85)
(5.85963 2.375 0.85)
(5.85963 2.375 0.85)
(5.85963 2.375 0.85)
(5.85963 2.375 0.85)
(5.85963 2.375 0.85)
(5.85963 2.375 0.85)
(5.85963 2.375 0.85)
(5.85963 2.375 0.85)
(5.85963 2.375 0.85)
(5.85963 2.375 0.85)
(5.85963 2.375 0.85)
(5.85963 2.375 0.85)
(5.85963 2.375 0.85)
(5.85963 2.375 0.85)
(5.85963 2.375 0.85)
(5.85963 2.375 0.85)
(5.85963 2.375 0.85)
(5.85963 2.375 0.85)
(5.85963 2.375 0.85)
(5.85963 2.375 0.85)
(5.85963 2.375 0.85)
(5.85963 2.375 0.85)
(5.85963 2.375 0.85)
(5.85963 2.375 0.85)
(5.85963 2.375 0.85)
(5.85963 2.375 0.85)
(5.85963 2.375 0.85)
(5.85963 2.375 0.85)
(5.85963 2.375 0.85)
(5.85963 2.375 0.85)
(5.85963 2.375 0.85)
(5.85963 2.375 0.85)
(5.85963 2.375 0.85)
(5.85963 2.375 0.85)
(5.85963 2.375 0.85)
(5.85963 2.375 0.85)
(5.85963 2.375 0.85)
(5.85964 2.375 0.85)
(5.85964 2.375 0.85)
(5.85964 2.375 0.85)
(5.85964 2.375 0.85)
(5.85964 2.375 0.85)
(5.85964 2.375 0.85)
(5.85964 2.375 0.85)
(5.85964 2.375 0.85)
(5.85964 2.375 0.85)
(5.85964 2.375 0.85)
(5.85964 2.375 0.85)
(5.85964 2.375 0.85)
(5.85964 2.375 0.85)
(5.85964 2.375 0.85)
(5.85964 2.375 0.85)
(5.85964 2.375 0.85)
(5.85964 2.375 0.85)
(5.85964 2.375 0.85)
(5.85964 2.375 0.85)
(5.85964 2.375 0.85)
(5.85964 2.375 0.85)
(5.85964 2.375 0.85)
(5.85964 2.375 0.85)
(5.85964 2.375 0.85)
(5.85964 2.375 0.85)
(5.85964 2.375 0.85)
(5.85964 2.375 0.85)
(5.85964 2.375 0.85)
(5.85964 2.375 0.85)
(5.85964 2.375 0.85)
(5.85964 2.375 0.85)
(5.85964 2.375 0.85)
(5.85964 2.375 0.85)
(5.85964 2.375 0.85)
(5.85964 2.375 0.85)
(5.85964 2.375 0.85)
(5.85964 2.375 0.85)
(5.85964 2.375 0.85)
(5.85964 2.375 0.85)
(5.85964 2.375 0.85)
(5.85964 2.375 0.85)
(5.85964 2.375 0.85)
(5.85964 2.375 0.85)
(5.85964 2.375 0.85)
(5.85964 2.375 0.85)
(5.85964 2.375 0.85)
(5.85964 2.375 0.85)
(5.85964 2.375 0.85)
(5.85964 2.375 0.85)
(5.85964 2.375 0.85)
(5.85964 2.375 0.85)
(5.85964 2.375 0.85)
(5.85964 2.375 0.85)
(5.85964 2.375 0.85)
(5.85964 2.375 0.85)
(5.85964 2.375 0.85)
(5.85964 2.375 0.85)
(5.85964 2.375 0.85)
(5.85964 2.375 0.85)
(5.85964 2.375 0.85)
(5.85964 2.375 0.85)
(5.85964 2.375 0.85)
(5.85964 2.375 0.85)
(5.85964 2.375 0.85)
(5.85965 2.375 0.85)
(5.85965 2.375 0.85)
(5.85965 2.375 0.85)
(5.85965 2.375 0.85)
(5.85965 2.375 0.85)
(5.85965 2.375 0.85)
(5.85965 2.375 0.85)
(5.85965 2.375 0.85)
(5.85965 2.375 0.85)
(5.85965 2.375 0.85)
(5.85965 2.375 0.85)
(5.85965 2.375 0.85)
(5.85965 2.375 0.85)
(5.85965 2.375 0.85)
(5.85965 2.375 0.85)
(5.85965 2.375 0.85)
(5.85965 2.375 0.85)
(5.85965 2.375 0.85)
(5.85965 2.375 0.85)
(5.85965 2.375 0.85)
(5.85965 2.375 0.85)
(5.85965 2.375 0.85)
(5.85965 2.375 0.85)
(5.85965 2.375 0.85)
(5.85965 2.375 0.85)
(5.85965 2.375 0.85)
(5.85965 2.375 0.85)
(5.85965 2.375 0.85)
(5.85965 2.375 0.85)
(5.85965 2.375 0.85)
(5.85965 2.375 0.85)
(5.85965 2.375 0.85)
(5.85966 2.375 0.85)
(5.85966 2.375 0.85)
(5.85966 2.375 0.85)
(5.85966 2.375 0.85)
(5.85966 2.375 0.85)
(5.85966 2.375 0.85)
(5.85966 2.375 0.85)
(5.85966 2.375 0.85)
(5.85966 2.375 0.85)
(5.85966 2.375 0.85)
(5.85966 2.375 0.85)
(5.85966 2.375 0.85)
(5.85966 2.375 0.85)
(5.85966 2.375 0.85)
(5.85966 2.375 0.85)
(5.85966 2.375 0.85)
(5.85966 2.375 0.85)
(5.85966 2.375 0.85)
(5.85966 2.375 0.85)
(5.85966 2.375 0.85)
(5.85966 2.375 0.85)
(5.85966 2.375 0.85)
(5.85966 2.375 0.85)
(5.85966 2.375 0.85)
(5.85966 2.375 0.85)
(5.85966 2.375 0.85)
(5.85966 2.375 0.85)
(5.85966 2.375 0.85)
(5.85966 2.375 0.85)
(5.85966 2.375 0.85)
(5.85966 2.375 0.85)
(5.85966 2.375 0.85)
(5.85966 2.375 0.85)
(5.85966 2.375 0.85)
(5.85966 2.375 0.85)
(5.85966 2.375 0.85)
(5.85966 2.375 0.85)
(5.85966 2.375 0.85)
(5.85966 2.375 0.85)
(5.85966 2.375 0.85)
(5.85966 2.375 0.85)
(5.85966 2.375 0.85)
(5.85966 2.375 0.85)
(5.85966 2.375 0.85)
(5.85966 2.375 0.85)
(5.85966 2.375 0.85)
(5.85966 2.375 0.85)
(5.85966 2.375 0.85)
(5.85966 2.375 0.85)
(5.85966 2.375 0.85)
(5.85966 2.375 0.85)
(5.85966 2.375 0.85)
(5.85966 2.375 0.85)
(5.85966 2.375 0.85)
(5.85966 2.375 0.85)
(5.85966 2.375 0.85)
(5.85966 2.375 0.85)
(5.85966 2.375 0.85)
(5.85966 2.375 0.85)
(5.85966 2.375 0.85)
(5.85966 2.375 0.85)
(5.85966 2.375 0.85)
(5.85966 2.375 0.85)
(5.85966 2.375 0.85)
(5.85967 2.375 0.85)
(5.85967 2.375 0.85)
(5.85967 2.375 0.85)
(5.85967 2.375 0.85)
(5.85967 2.375 0.85)
(5.85967 2.375 0.85)
(5.85967 2.375 0.85)
(5.85967 2.375 0.85)
(5.85967 2.375 0.85)
(5.85967 2.375 0.85)
(5.85967 2.375 0.85)
(5.85967 2.375 0.85)
(5.85967 2.375 0.85)
(5.85967 2.375 0.85)
(5.85967 2.375 0.85)
(5.85967 2.375 0.85)
(5.85967 2.375 0.85)
(5.85967 2.375 0.85)
(5.85967 2.375 0.85)
(5.85967 2.375 0.85)
(5.85967 2.375 0.85)
(5.85967 2.375 0.85)
(5.85967 2.375 0.85)
(5.85967 2.375 0.85)
(5.85967 2.375 0.85)
(5.85967 2.375 0.85)
(5.85967 2.375 0.85)
(5.85967 2.375 0.85)
(5.85967 2.375 0.85)
(5.85967 2.375 0.85)
(5.85967 2.375 0.85)
(5.85967 2.375 0.85)
(5.85968 2.375 0.85)
(5.85968 2.375 0.85)
(5.85968 2.375 0.85)
(5.85968 2.375 0.85)
(5.85968 2.375 0.85)
(5.85968 2.375 0.85)
(5.85968 2.375 0.85)
(5.85968 2.375 0.85)
(5.85968 2.375 0.85)
(5.85968 2.375 0.85)
(5.85968 2.375 0.85)
(5.85968 2.375 0.85)
(5.85968 2.375 0.85)
(5.85968 2.375 0.85)
(5.85968 2.375 0.85)
(5.85968 2.375 0.85)
(5.85968 2.375 0.85)
(5.85968 2.375 0.85)
(5.85968 2.375 0.85)
(5.85968 2.375 0.85)
(5.85968 2.375 0.85)
(5.85968 2.375 0.85)
(5.85968 2.375 0.85)
(5.85968 2.375 0.85)
(5.85968 2.375 0.85)
(5.85968 2.375 0.85)
(5.85968 2.375 0.85)
(5.85968 2.375 0.85)
(5.85968 2.375 0.85)
(5.85968 2.375 0.85)
(5.85968 2.375 0.85)
(5.85968 2.375 0.85)
(5.85968 2.375 0.85)
(5.85968 2.375 0.85)
(5.85968 2.375 0.85)
(5.85968 2.375 0.85)
(5.85968 2.375 0.85)
(5.85968 2.375 0.85)
(5.85968 2.375 0.85)
(5.85968 2.375 0.85)
(5.85968 2.375 0.85)
(5.85968 2.375 0.85)
(5.85968 2.375 0.85)
(5.85968 2.375 0.85)
(5.85968 2.375 0.85)
(5.85968 2.375 0.85)
(5.85968 2.375 0.85)
(5.85968 2.375 0.85)
(5.85968 2.375 0.85)
(5.85968 2.375 0.85)
(5.85968 2.375 0.85)
(5.85968 2.375 0.85)
(5.85968 2.375 0.85)
(5.85968 2.375 0.85)
(5.85968 2.375 0.85)
(5.85968 2.375 0.85)
(5.85968 2.375 0.85)
(5.85968 2.375 0.85)
(5.85968 2.375 0.85)
(5.85968 2.375 0.85)
(5.85968 2.375 0.85)
(5.85968 2.375 0.85)
(5.85968 2.375 0.85)
(5.85968 2.375 0.85)
(5.85969 2.375 0.85)
(5.85969 2.375 0.85)
(5.85969 2.375 0.85)
(5.85969 2.375 0.85)
(5.85969 2.375 0.85)
(5.85969 2.375 0.85)
(5.85969 2.375 0.85)
(5.85969 2.375 0.85)
(5.85969 2.375 0.85)
(5.85969 2.375 0.85)
(5.85969 2.375 0.85)
(5.85969 2.375 0.85)
(5.85969 2.375 0.85)
(5.85969 2.375 0.85)
(5.85969 2.375 0.85)
(5.85969 2.375 0.85)
(5.85969 2.375 0.85)
(5.85969 2.375 0.85)
(5.85969 2.375 0.85)
(5.85969 2.375 0.85)
(5.85969 2.375 0.85)
(5.85969 2.375 0.85)
(5.85969 2.375 0.85)
(5.85969 2.375 0.85)
(5.85969 2.375 0.85)
(5.85969 2.375 0.85)
(5.85969 2.375 0.85)
(5.85969 2.375 0.85)
(5.85969 2.375 0.85)
(5.85969 2.375 0.85)
(5.85969 2.375 0.85)
(5.85969 2.375 0.85)
(5.8597 2.375 0.85)
(5.8597 2.375 0.85)
(5.8597 2.375 0.85)
(5.8597 2.375 0.85)
(5.8597 2.375 0.85)
(5.8597 2.375 0.85)
(5.8597 2.375 0.85)
(5.8597 2.375 0.85)
(5.8597 2.375 0.85)
(5.8597 2.375 0.85)
(5.8597 2.375 0.85)
(5.8597 2.375 0.85)
(5.8597 2.375 0.85)
(5.8597 2.375 0.85)
(5.8597 2.375 0.85)
(5.8597 2.375 0.85)
(5.8597 2.375 0.85)
(5.8597 2.375 0.85)
(5.8597 2.375 0.85)
(5.8597 2.375 0.85)
(5.8597 2.375 0.85)
(5.8597 2.375 0.85)
(5.8597 2.375 0.85)
(5.8597 2.375 0.85)
(5.8597 2.375 0.85)
(5.8597 2.375 0.85)
(5.8597 2.375 0.85)
(5.8597 2.375 0.85)
(5.8597 2.375 0.85)
(5.8597 2.375 0.85)
(5.8597 2.375 0.85)
(5.8597 2.375 0.85)
(5.8597 2.375 0.85)
(5.8597 2.375 0.85)
(5.8597 2.375 0.85)
(5.8597 2.375 0.85)
(5.8597 2.375 0.85)
(5.8597 2.375 0.85)
(5.8597 2.375 0.85)
(5.8597 2.375 0.85)
(5.8597 2.375 0.85)
(5.8597 2.375 0.85)
(5.8597 2.375 0.85)
(5.8597 2.375 0.85)
(5.8597 2.375 0.85)
(5.8597 2.375 0.85)
(5.8597 2.375 0.85)
(5.8597 2.375 0.85)
(5.8597 2.375 0.85)
(5.8597 2.375 0.85)
(5.8597 2.375 0.85)
(5.8597 2.375 0.85)
(5.8597 2.375 0.85)
(5.8597 2.375 0.85)
(5.8597 2.375 0.85)
(5.8597 2.375 0.85)
(5.8597 2.375 0.85)
(5.8597 2.375 0.85)
(5.8597 2.375 0.85)
(5.8597 2.375 0.85)
(5.8597 2.375 0.85)
(5.8597 2.375 0.85)
(5.8597 2.375 0.85)
(5.8597 2.375 0.85)
(5.85971 2.375 0.85)
(5.85971 2.375 0.85)
(5.85971 2.375 0.85)
(5.85971 2.375 0.85)
(5.85971 2.375 0.85)
(5.85971 2.375 0.85)
(5.85971 2.375 0.85)
(5.85971 2.375 0.85)
(5.85971 2.375 0.85)
(5.85971 2.375 0.85)
(5.85971 2.375 0.85)
(5.85971 2.375 0.85)
(5.85971 2.375 0.85)
(5.85971 2.375 0.85)
(5.85971 2.375 0.85)
(5.85971 2.375 0.85)
(5.85971 2.375 0.85)
(5.85971 2.375 0.85)
(5.85971 2.375 0.85)
(5.85971 2.375 0.85)
(5.85971 2.375 0.85)
(5.85971 2.375 0.85)
(5.85971 2.375 0.85)
(5.85971 2.375 0.85)
(5.85971 2.375 0.85)
(5.85971 2.375 0.85)
(5.85971 2.375 0.85)
(5.85971 2.375 0.85)
(5.85971 2.375 0.85)
(5.85971 2.375 0.85)
(5.85971 2.375 0.85)
(5.85971 2.375 0.85)
(5.85972 2.375 0.85)
(5.85972 2.375 0.85)
(5.85972 2.375 0.85)
(5.85972 2.375 0.85)
(5.85972 2.375 0.85)
(5.85972 2.375 0.85)
(5.85972 2.375 0.85)
(5.85972 2.375 0.85)
(5.85972 2.375 0.85)
(5.85972 2.375 0.85)
(5.85972 2.375 0.85)
(5.85972 2.375 0.85)
(5.85972 2.375 0.85)
(5.85972 2.375 0.85)
(5.85972 2.375 0.85)
(5.85972 2.375 0.85)
(5.85972 2.375 0.85)
(5.85972 2.375 0.85)
(5.85972 2.375 0.85)
(5.85972 2.375 0.85)
(5.85972 2.375 0.85)
(5.85972 2.375 0.85)
(5.85972 2.375 0.85)
(5.85972 2.375 0.85)
(5.85972 2.375 0.85)
(5.85972 2.375 0.85)
(5.85972 2.375 0.85)
(5.85972 2.375 0.85)
(5.85972 2.375 0.85)
(5.85972 2.375 0.85)
(5.85972 2.375 0.85)
(5.85972 2.375 0.85)
(5.85972 2.375 0.85)
(5.85972 2.375 0.85)
(5.85972 2.375 0.85)
(5.85972 2.375 0.85)
(5.85972 2.375 0.85)
(5.85972 2.375 0.85)
(5.85972 2.375 0.85)
(5.85972 2.375 0.85)
(5.85972 2.375 0.85)
(5.85972 2.375 0.85)
(5.85972 2.375 0.85)
(5.85972 2.375 0.85)
(5.85972 2.375 0.85)
(5.85972 2.375 0.85)
(5.85972 2.375 0.85)
(5.85972 2.375 0.85)
(5.85972 2.375 0.85)
(5.85972 2.375 0.85)
(5.85972 2.375 0.85)
(5.85972 2.375 0.85)
(5.85972 2.375 0.85)
(5.85972 2.375 0.85)
(5.85972 2.375 0.85)
(5.85972 2.375 0.85)
(5.85972 2.375 0.85)
(5.85972 2.375 0.85)
(5.85972 2.375 0.85)
(5.85972 2.375 0.85)
(5.85972 2.375 0.85)
(5.85972 2.375 0.85)
(5.85972 2.375 0.85)
(5.85972 2.375 0.85)
(5.85973 2.375 0.85)
(5.85973 2.375 0.85)
(5.85973 2.375 0.85)
(5.85973 2.375 0.85)
(5.85973 2.375 0.85)
(5.85973 2.375 0.85)
(5.85973 2.375 0.85)
(5.85973 2.375 0.85)
(5.85973 2.375 0.85)
(5.85973 2.375 0.85)
(5.85973 2.375 0.85)
(5.85973 2.375 0.85)
(5.85973 2.375 0.85)
(5.85973 2.375 0.85)
(5.85973 2.375 0.85)
(5.85973 2.375 0.85)
(5.85973 2.375 0.85)
(5.85973 2.375 0.85)
(5.85973 2.375 0.85)
(5.85973 2.375 0.85)
(5.85973 2.375 0.85)
(5.85973 2.375 0.85)
(5.85973 2.375 0.85)
(5.85973 2.375 0.85)
(5.85973 2.375 0.85)
(5.85973 2.375 0.85)
(5.85973 2.375 0.85)
(5.85973 2.375 0.85)
(5.85973 2.375 0.85)
(5.85973 2.375 0.85)
(5.85973 2.375 0.85)
(5.85973 2.375 0.85)
(5.85973 2.375 0.85)
(5.85973 2.375 0.85)
(5.85973 2.375 0.85)
(5.85973 2.375 0.85)
(5.85973 2.375 0.85)
(5.85973 2.375 0.85)
(5.85973 2.375 0.85)
(5.85973 2.375 0.85)
(5.85973 2.375 0.85)
(5.85973 2.375 0.85)
(5.85973 2.375 0.85)
(5.85973 2.375 0.85)
(5.85973 2.375 0.85)
(5.85973 2.375 0.85)
(5.85973 2.375 0.85)
(5.85973 2.375 0.85)
(5.85973 2.375 0.85)
(5.85973 2.375 0.85)
(5.85973 2.375 0.85)
(5.85973 2.375 0.85)
(5.85973 2.375 0.85)
(5.85973 2.375 0.85)
(5.85973 2.375 0.85)
(5.85973 2.375 0.85)
(5.85973 2.375 0.85)
(5.85973 2.375 0.85)
(5.85973 2.375 0.85)
(5.85973 2.375 0.85)
(5.85973 2.375 0.85)
(5.85973 2.375 0.85)
(5.85973 2.375 0.85)
(5.85973 2.375 0.85)
(5.85974 2.375 0.85)
(5.85974 2.375 0.85)
(5.85974 2.375 0.85)
(5.85974 2.375 0.85)
(5.85974 2.375 0.85)
(5.85974 2.375 0.85)
(5.85974 2.375 0.85)
(5.85974 2.375 0.85)
(5.85974 2.375 0.85)
(5.85974 2.375 0.85)
(5.85974 2.375 0.85)
(5.85974 2.375 0.85)
(5.85974 2.375 0.85)
(5.85974 2.375 0.85)
(5.85974 2.375 0.85)
(5.85974 2.375 0.85)
(5.85974 2.375 0.85)
(5.85974 2.375 0.85)
(5.85974 2.375 0.85)
(5.85974 2.375 0.85)
(5.85974 2.375 0.85)
(5.85974 2.375 0.85)
(5.85974 2.375 0.85)
(5.85974 2.375 0.85)
(5.85974 2.375 0.85)
(5.85974 2.375 0.85)
(5.85974 2.375 0.85)
(5.85974 2.375 0.85)
(5.85974 2.375 0.85)
(5.85974 2.375 0.85)
(5.85974 2.375 0.85)
(5.85974 2.375 0.85)
(5.85975 2.375 0.85)
(5.85975 2.375 0.85)
(5.85975 2.375 0.85)
(5.85975 2.375 0.85)
(5.85975 2.375 0.85)
(5.85975 2.375 0.85)
(5.85975 2.375 0.85)
(5.85975 2.375 0.85)
(5.85975 2.375 0.85)
(5.85975 2.375 0.85)
(5.85975 2.375 0.85)
(5.85975 2.375 0.85)
(5.85975 2.375 0.85)
(5.85975 2.375 0.85)
(5.85975 2.375 0.85)
(5.85975 2.375 0.85)
(5.85975 2.375 0.85)
(5.85975 2.375 0.85)
(5.85975 2.375 0.85)
(5.85975 2.375 0.85)
(5.85975 2.375 0.85)
(5.85975 2.375 0.85)
(5.85975 2.375 0.85)
(5.85975 2.375 0.85)
(5.85975 2.375 0.85)
(5.85975 2.375 0.85)
(5.85975 2.375 0.85)
(5.85975 2.375 0.85)
(5.85975 2.375 0.85)
(5.85975 2.375 0.85)
(5.85975 2.375 0.85)
(5.85975 2.375 0.85)
(5.85975 2.375 0.85)
(5.85975 2.375 0.85)
(5.85975 2.375 0.85)
(5.85975 2.375 0.85)
(5.85975 2.375 0.85)
(5.85975 2.375 0.85)
(5.85975 2.375 0.85)
(5.85975 2.375 0.85)
(5.85975 2.375 0.85)
(5.85975 2.375 0.85)
(5.85975 2.375 0.85)
(5.85975 2.375 0.85)
(5.85975 2.375 0.85)
(5.85975 2.375 0.85)
(5.85975 2.375 0.85)
(5.85975 2.375 0.85)
(5.85975 2.375 0.85)
(5.85975 2.375 0.85)
(5.85975 2.375 0.85)
(5.85975 2.375 0.85)
(5.85975 2.375 0.85)
(5.85975 2.375 0.85)
(5.85975 2.375 0.85)
(5.85975 2.375 0.85)
(5.85975 2.375 0.85)
(5.85975 2.375 0.85)
(5.85975 2.375 0.85)
(5.85975 2.375 0.85)
(5.85975 2.375 0.85)
(5.85975 2.375 0.85)
(5.85975 2.375 0.85)
(5.85975 2.375 0.85)
(5.85976 2.375 0.85)
(5.85976 2.375 0.85)
(5.85976 2.375 0.85)
(5.85976 2.375 0.85)
(5.85976 2.375 0.85)
(5.85976 2.375 0.85)
(5.85976 2.375 0.85)
(5.85976 2.375 0.85)
(5.85976 2.375 0.85)
(5.85976 2.375 0.85)
(5.85976 2.375 0.85)
(5.85976 2.375 0.85)
(5.85976 2.375 0.85)
(5.85976 2.375 0.85)
(5.85976 2.375 0.85)
(5.85976 2.375 0.85)
(5.85976 2.375 0.85)
(5.85976 2.375 0.85)
(5.85976 2.375 0.85)
(5.85976 2.375 0.85)
(5.85976 2.375 0.85)
(5.85976 2.375 0.85)
(5.85976 2.375 0.85)
(5.85976 2.375 0.85)
(5.85976 2.375 0.85)
(5.85976 2.375 0.85)
(5.85976 2.375 0.85)
(5.85976 2.375 0.85)
(5.85976 2.375 0.85)
(5.85976 2.375 0.85)
(5.85976 2.375 0.85)
(5.85976 2.375 0.85)
(5.85977 2.375 0.85)
(5.85977 2.375 0.85)
(5.85977 2.375 0.85)
(5.85977 2.375 0.85)
(5.85977 2.375 0.85)
(5.85977 2.375 0.85)
(5.85977 2.375 0.85)
(5.85977 2.375 0.85)
(5.85977 2.375 0.85)
(5.85977 2.375 0.85)
(5.85977 2.375 0.85)
(5.85977 2.375 0.85)
(5.85977 2.375 0.85)
(5.85977 2.375 0.85)
(5.85977 2.375 0.85)
(5.85977 2.375 0.85)
(5.85977 2.375 0.85)
(5.85977 2.375 0.85)
(5.85977 2.375 0.85)
(5.85977 2.375 0.85)
(5.85977 2.375 0.85)
(5.85977 2.375 0.85)
(5.85977 2.375 0.85)
(5.85977 2.375 0.85)
(5.85977 2.375 0.85)
(5.85977 2.375 0.85)
(5.85977 2.375 0.85)
(5.85977 2.375 0.85)
(5.85977 2.375 0.85)
(5.85977 2.375 0.85)
(5.85977 2.375 0.85)
(5.85977 2.375 0.85)
(5.85977 2.375 0.85)
(5.85977 2.375 0.85)
(5.85977 2.375 0.85)
(5.85977 2.375 0.85)
(5.85977 2.375 0.85)
(5.85977 2.375 0.85)
(5.85977 2.375 0.85)
(5.85977 2.375 0.85)
(5.85977 2.375 0.85)
(5.85977 2.375 0.85)
(5.85977 2.375 0.85)
(5.85977 2.375 0.85)
(5.85977 2.375 0.85)
(5.85977 2.375 0.85)
(5.85977 2.375 0.85)
(5.85977 2.375 0.85)
(5.85977 2.375 0.85)
(5.85977 2.375 0.85)
(5.85977 2.375 0.85)
(5.85977 2.375 0.85)
(5.85977 2.375 0.85)
(5.85977 2.375 0.85)
(5.85977 2.375 0.85)
(5.85977 2.375 0.85)
(5.85977 2.375 0.85)
(5.85977 2.375 0.85)
(5.85977 2.375 0.85)
(5.85977 2.375 0.85)
(5.85977 2.375 0.85)
(5.85977 2.375 0.85)
(5.85977 2.375 0.85)
(5.85977 2.375 0.85)
(5.85978 2.375 0.85)
(5.85978 2.375 0.85)
(5.85978 2.375 0.85)
(5.85978 2.375 0.85)
(5.85978 2.375 0.85)
(5.85978 2.375 0.85)
(5.85978 2.375 0.85)
(5.85978 2.375 0.85)
(5.85978 2.375 0.85)
(5.85978 2.375 0.85)
(5.85978 2.375 0.85)
(5.85978 2.375 0.85)
(5.85978 2.375 0.85)
(5.85978 2.375 0.85)
(5.85978 2.375 0.85)
(5.85978 2.375 0.85)
(5.85978 2.375 0.85)
(5.85978 2.375 0.85)
(5.85978 2.375 0.85)
(5.85978 2.375 0.85)
(5.85978 2.375 0.85)
(5.85978 2.375 0.85)
(5.85978 2.375 0.85)
(5.85978 2.375 0.85)
(5.85978 2.375 0.85)
(5.85978 2.375 0.85)
(5.85978 2.375 0.85)
(5.85978 2.375 0.85)
(5.85978 2.375 0.85)
(5.85978 2.375 0.85)
(5.85978 2.375 0.85)
(5.85978 2.375 0.85)
(5.85979 2.375 0.85)
(5.85979 2.375 0.85)
(5.85979 2.375 0.85)
(5.85979 2.375 0.85)
(5.85979 2.375 0.85)
(5.85979 2.375 0.85)
(5.85979 2.375 0.85)
(5.85979 2.375 0.85)
(5.85979 2.375 0.85)
(5.85979 2.375 0.85)
(5.85979 2.375 0.85)
(5.85979 2.375 0.85)
(5.85979 2.375 0.85)
(5.85979 2.375 0.85)
(5.85979 2.375 0.85)
(5.85979 2.375 0.85)
(5.85979 2.375 0.85)
(5.85979 2.375 0.85)
(5.85979 2.375 0.85)
(5.85979 2.375 0.85)
(5.85979 2.375 0.85)
(5.85979 2.375 0.85)
(5.85979 2.375 0.85)
(5.85979 2.375 0.85)
(5.85979 2.375 0.85)
(5.85979 2.375 0.85)
(5.85979 2.375 0.85)
(5.85979 2.375 0.85)
(5.85979 2.375 0.85)
(5.85979 2.375 0.85)
(5.85979 2.375 0.85)
(5.85979 2.375 0.85)
(5.85979 2.375 0.85)
(5.85979 2.375 0.85)
(5.85979 2.375 0.85)
(5.85979 2.375 0.85)
(5.85979 2.375 0.85)
(5.85979 2.375 0.85)
(5.85979 2.375 0.85)
(5.85979 2.375 0.85)
(5.85979 2.375 0.85)
(5.85979 2.375 0.85)
(5.85979 2.375 0.85)
(5.85979 2.375 0.85)
(5.85979 2.375 0.85)
(5.85979 2.375 0.85)
(5.85979 2.375 0.85)
(5.85979 2.375 0.85)
(5.85979 2.375 0.85)
(5.85979 2.375 0.85)
(5.85979 2.375 0.85)
(5.85979 2.375 0.85)
(5.85979 2.375 0.85)
(5.85979 2.375 0.85)
(5.85979 2.375 0.85)
(5.85979 2.375 0.85)
(5.85979 2.375 0.85)
(5.85979 2.375 0.85)
(5.85979 2.375 0.85)
(5.85979 2.375 0.85)
(5.85979 2.375 0.85)
(5.85979 2.375 0.85)
(5.85979 2.375 0.85)
(5.85979 2.375 0.85)
(5.8598 2.375 0.85)
(5.8598 2.375 0.85)
(5.8598 2.375 0.85)
(5.8598 2.375 0.85)
(5.8598 2.375 0.85)
(5.8598 2.375 0.85)
(5.8598 2.375 0.85)
(5.8598 2.375 0.85)
(5.8598 2.375 0.85)
(5.8598 2.375 0.85)
(5.8598 2.375 0.85)
(5.8598 2.375 0.85)
(5.8598 2.375 0.85)
(5.8598 2.375 0.85)
(5.8598 2.375 0.85)
(5.8598 2.375 0.85)
(5.8598 2.375 0.85)
(5.8598 2.375 0.85)
(5.8598 2.375 0.85)
(5.8598 2.375 0.85)
(5.8598 2.375 0.85)
(5.8598 2.375 0.85)
(5.8598 2.375 0.85)
(5.8598 2.375 0.85)
(5.8598 2.375 0.85)
(5.8598 2.375 0.85)
(5.8598 2.375 0.85)
(5.8598 2.375 0.85)
(5.8598 2.375 0.85)
(5.8598 2.375 0.85)
(5.8598 2.375 0.85)
(5.8598 2.375 0.85)
(5.85981 2.375 0.85)
(5.85981 2.375 0.85)
(5.85981 2.375 0.85)
(5.85981 2.375 0.85)
(5.85981 2.375 0.85)
(5.85981 2.375 0.85)
(5.85981 2.375 0.85)
(5.85981 2.375 0.85)
(5.85981 2.375 0.85)
(5.85981 2.375 0.85)
(5.85981 2.375 0.85)
(5.85981 2.375 0.85)
(5.85981 2.375 0.85)
(5.85981 2.375 0.85)
(5.85981 2.375 0.85)
(5.85981 2.375 0.85)
(5.85981 2.375 0.85)
(5.85981 2.375 0.85)
(5.85981 2.375 0.85)
(5.85981 2.375 0.85)
(5.85981 2.375 0.85)
(5.85981 2.375 0.85)
(5.85981 2.375 0.85)
(5.85981 2.375 0.85)
(5.85981 2.375 0.85)
(5.85981 2.375 0.85)
(5.85981 2.375 0.85)
(5.85981 2.375 0.85)
(5.85981 2.375 0.85)
(5.85981 2.375 0.85)
(5.85981 2.375 0.85)
(5.85981 2.375 0.85)
(5.85981 2.375 0.85)
(5.85981 2.375 0.85)
(5.85981 2.375 0.85)
(5.85981 2.375 0.85)
(5.85981 2.375 0.85)
(5.85981 2.375 0.85)
(5.85981 2.375 0.85)
(5.85981 2.375 0.85)
(5.85981 2.375 0.85)
(5.85981 2.375 0.85)
(5.85981 2.375 0.85)
(5.85981 2.375 0.85)
(5.85981 2.375 0.85)
(5.85981 2.375 0.85)
(5.85981 2.375 0.85)
(5.85981 2.375 0.85)
(5.85981 2.375 0.85)
(5.85981 2.375 0.85)
(5.85981 2.375 0.85)
(5.85981 2.375 0.85)
(5.85981 2.375 0.85)
(5.85981 2.375 0.85)
(5.85981 2.375 0.85)
(5.85981 2.375 0.85)
(5.85981 2.375 0.85)
(5.85981 2.375 0.85)
(5.85981 2.375 0.85)
(5.85981 2.375 0.85)
(5.85981 2.375 0.85)
(5.85981 2.375 0.85)
(5.85981 2.375 0.85)
(5.85981 2.375 0.85)
(5.85982 2.375 0.85)
(5.85982 2.375 0.85)
(5.85982 2.375 0.85)
(5.85982 2.375 0.85)
(5.85982 2.375 0.85)
(5.85982 2.375 0.85)
(5.85982 2.375 0.85)
(5.85982 2.375 0.85)
(5.85982 2.375 0.85)
(5.85982 2.375 0.85)
(5.85982 2.375 0.85)
(5.85982 2.375 0.85)
(5.85982 2.375 0.85)
(5.85982 2.375 0.85)
(5.85982 2.375 0.85)
(5.85982 2.375 0.85)
(5.85982 2.375 0.85)
(5.85982 2.375 0.85)
(5.85982 2.375 0.85)
(5.85982 2.375 0.85)
(5.85982 2.375 0.85)
(5.85982 2.375 0.85)
(5.85982 2.375 0.85)
(5.85982 2.375 0.85)
(5.85982 2.375 0.85)
(5.85982 2.375 0.85)
(5.85982 2.375 0.85)
(5.85982 2.375 0.85)
(5.85982 2.375 0.85)
(5.85982 2.375 0.85)
(5.85982 2.375 0.85)
(5.85982 2.375 0.85)
(5.85983 2.375 0.85)
(5.85983 2.375 0.85)
(5.85983 2.375 0.85)
(5.85983 2.375 0.85)
(5.85983 2.375 0.85)
(5.85983 2.375 0.85)
(5.85983 2.375 0.85)
(5.85983 2.375 0.85)
(5.85983 2.375 0.85)
(5.85983 2.375 0.85)
(5.85983 2.375 0.85)
(5.85983 2.375 0.85)
(5.85983 2.375 0.85)
(5.85983 2.375 0.85)
(5.85983 2.375 0.85)
(5.85983 2.375 0.85)
(5.85983 2.375 0.85)
(5.85983 2.375 0.85)
(5.85983 2.375 0.85)
(5.85983 2.375 0.85)
(5.85983 2.375 0.85)
(5.85983 2.375 0.85)
(5.85983 2.375 0.85)
(5.85983 2.375 0.85)
(5.85983 2.375 0.85)
(5.85983 2.375 0.85)
(5.85983 2.375 0.85)
(5.85983 2.375 0.85)
(5.85983 2.375 0.85)
(5.85983 2.375 0.85)
(5.85983 2.375 0.85)
(5.85983 2.375 0.85)
(5.85983 2.375 0.85)
(5.85983 2.375 0.85)
(5.85983 2.375 0.85)
(5.85983 2.375 0.85)
(5.85983 2.375 0.85)
(5.85983 2.375 0.85)
(5.85983 2.375 0.85)
(5.85983 2.375 0.85)
(5.85983 2.375 0.85)
(5.85983 2.375 0.85)
(5.85983 2.375 0.85)
(5.85983 2.375 0.85)
(5.85983 2.375 0.85)
(5.85983 2.375 0.85)
(5.85983 2.375 0.85)
(5.85983 2.375 0.85)
(5.85983 2.375 0.85)
(5.85983 2.375 0.85)
(5.85983 2.375 0.85)
(5.85983 2.375 0.85)
(5.85983 2.375 0.85)
(5.85983 2.375 0.85)
(5.85983 2.375 0.85)
(5.85983 2.375 0.85)
(5.85983 2.375 0.85)
(5.85983 2.375 0.85)
(5.85983 2.375 0.85)
(5.85983 2.375 0.85)
(5.85983 2.375 0.85)
(5.85983 2.375 0.85)
(5.85983 2.375 0.85)
(5.85983 2.375 0.85)
(5.85984 2.375 0.85)
(5.85984 2.375 0.85)
(5.85984 2.375 0.85)
(5.85984 2.375 0.85)
(5.85984 2.375 0.85)
(5.85984 2.375 0.85)
(5.85984 2.375 0.85)
(5.85984 2.375 0.85)
(5.85984 2.375 0.85)
(5.85984 2.375 0.85)
(5.85984 2.375 0.85)
(5.85984 2.375 0.85)
(5.85984 2.375 0.85)
(5.85984 2.375 0.85)
(5.85984 2.375 0.85)
(5.85984 2.375 0.85)
(5.85984 2.375 0.85)
(5.85984 2.375 0.85)
(5.85984 2.375 0.85)
(5.85984 2.375 0.85)
(5.85984 2.375 0.85)
(5.85984 2.375 0.85)
(5.85984 2.375 0.85)
(5.85984 2.375 0.85)
(5.85984 2.375 0.85)
(5.85984 2.375 0.85)
(5.85984 2.375 0.85)
(5.85984 2.375 0.85)
(5.85984 2.375 0.85)
(5.85984 2.375 0.85)
(5.85984 2.375 0.85)
(5.85984 2.375 0.85)
(5.85984 2.375 0.85)
(5.85984 2.375 0.85)
(5.85984 2.375 0.85)
(5.85984 2.375 0.85)
(5.85984 2.375 0.85)
(5.85984 2.375 0.85)
(5.85984 2.375 0.85)
(5.85984 2.375 0.85)
(5.85984 2.375 0.85)
(5.85984 2.375 0.85)
(5.85984 2.375 0.85)
(5.85984 2.375 0.85)
(5.85984 2.375 0.85)
(5.85984 2.375 0.85)
(5.85984 2.375 0.85)
(5.85984 2.375 0.85)
(5.85984 2.375 0.85)
(5.85984 2.375 0.85)
(5.85984 2.375 0.85)
(5.85984 2.375 0.85)
(5.85984 2.375 0.85)
(5.85984 2.375 0.85)
(5.85984 2.375 0.85)
(5.85984 2.375 0.85)
(5.85984 2.375 0.85)
(5.85984 2.375 0.85)
(5.85984 2.375 0.85)
(5.85984 2.375 0.85)
(5.85984 2.375 0.85)
(5.85984 2.375 0.85)
(5.85984 2.375 0.85)
(5.85984 2.375 0.85)
(5.85985 2.375 0.85)
(5.85985 2.375 0.85)
(5.85985 2.375 0.85)
(5.85985 2.375 0.85)
(5.85985 2.375 0.85)
(5.85985 2.375 0.85)
(5.85985 2.375 0.85)
(5.85985 2.375 0.85)
(5.85985 2.375 0.85)
(5.85985 2.375 0.85)
(5.85985 2.375 0.85)
(5.85985 2.375 0.85)
(5.85985 2.375 0.85)
(5.85985 2.375 0.85)
(5.85985 2.375 0.85)
(5.85985 2.375 0.85)
(5.85985 2.375 0.85)
(5.85985 2.375 0.85)
(5.85985 2.375 0.85)
(5.85985 2.375 0.85)
(5.85985 2.375 0.85)
(5.85985 2.375 0.85)
(5.85985 2.375 0.85)
(5.85985 2.375 0.85)
(5.85985 2.375 0.85)
(5.85985 2.375 0.85)
(5.85985 2.375 0.85)
(5.85985 2.375 0.85)
(5.85985 2.375 0.85)
(5.85985 2.375 0.85)
(5.85985 2.375 0.85)
(5.85985 2.375 0.85)
(5.85986 2.375 0.85)
(5.85986 2.375 0.85)
(5.85986 2.375 0.85)
(5.85986 2.375 0.85)
(5.85986 2.375 0.85)
(5.85986 2.375 0.85)
(5.85986 2.375 0.85)
(5.85986 2.375 0.85)
(5.85986 2.375 0.85)
(5.85986 2.375 0.85)
(5.85986 2.375 0.85)
(5.85986 2.375 0.85)
(5.85986 2.375 0.85)
(5.85986 2.375 0.85)
(5.85986 2.375 0.85)
(5.85986 2.375 0.85)
(5.85986 2.375 0.85)
(5.85986 2.375 0.85)
(5.85986 2.375 0.85)
(5.85986 2.375 0.85)
(5.85986 2.375 0.85)
(5.85986 2.375 0.85)
(5.85986 2.375 0.85)
(5.85986 2.375 0.85)
(5.85986 2.375 0.85)
(5.85986 2.375 0.85)
(5.85986 2.375 0.85)
(5.85986 2.375 0.85)
(5.85986 2.375 0.85)
(5.85986 2.375 0.85)
(5.85986 2.375 0.85)
(5.85986 2.375 0.85)
)
;

boundaryField
{
    left
    {
        type            calculated;
    }
    right
    {
        type            calculated;
    }
    beam
    {
        type            empty;
    }
}


// ************************************************************************* //
