                 0.1	   7.000260503183e-01   2.605031828817e-05
0.2	   7.000379231400e-01   3.792313998385e-05
0.3	   7.000251133841e-01   2.511338407529e-05
0.4	   6.999667595876e-01  -3.324041240627e-05
0.5	   6.998265645470e-01  -1.734354529753e-04
0.6	   6.995626333296e-01  -4.373666704487e-04
0.7	   6.991620303606e-01  -8.379696393714e-04
0.8	   6.986591636555e-01  -1.340836344481e-03
0.9	   6.981297434987e-01  -1.870256501344e-03
1	   6.976872557783e-01  -2.312744221698e-03
1.1	   6.974571135470e-01  -2.542886453035e-03
1.2	   6.975610757167e-01  -2.438924283294e-03
1.3	   6.981147011672e-01  -1.885298832776e-03
1.4	   6.992142234934e-01  -7.857765066082e-04
1.5	   7.009339802691e-01   9.339802690727e-04
1.6	   7.032611454871e-01   3.261145487057e-03
1.7	   7.060733160133e-01   6.073316013296e-03
1.8	   7.090936891855e-01   9.093689185495e-03
1.9	   7.118818737964e-01   1.188187379640e-02
2	   7.138867797555e-01   1.388677975553e-02
2.1	   7.145303578098e-01   1.453035780976e-02
2.2	   7.133578454151e-01   1.335784541513e-02
2.3	   7.102220857461e-01   1.022208574612e-02
2.4	   7.053208273149e-01   5.320827314850e-03
2.5	   6.991990366733e-01  -8.009633267477e-04
2.6	   6.925826529093e-01  -7.417347090673e-03
2.7	   6.862776826278e-01  -1.372231737215e-02
2.8	   6.809685985028e-01  -1.903140149716e-02
2.9	   6.772370999978e-01  -2.276290000221e-02
3	   6.755183447545e-01  -2.448165524547e-02
3.1	   6.760831593910e-01  -2.391684060902e-02
3.2	   6.790484663855e-01  -2.095153361450e-02
3.3	   6.843304522719e-01  -1.566954772811e-02
3.4	   6.917380750981e-01  -8.261924901853e-03
3.5	   7.008022183255e-01   8.022183255432e-04
3.6	   7.108637379251e-01   1.086373792511e-02
3.7	   7.211478398788e-01   2.114783987881e-02
3.8	   7.305258756407e-01   3.052587564067e-02
3.9	   7.377910174172e-01   3.779101741724e-02
4	   7.416185689422e-01   4.161856894224e-02
4.1	   7.408678440480e-01   4.086784404799e-02
4.2	   7.350457627029e-01   3.504576270285e-02
4.3	   7.246586777422e-01   2.465867774221e-02
4.4	   7.111882954006e-01   1.118829540059e-02
4.5	   6.964932431700e-01  -3.506756830000e-03
4.6	   6.824198850415e-01  -1.758011495850e-02
4.7	   6.702905861353e-01  -2.970941386473e-02
4.8	   6.610298326058e-01  -3.897016739420e-02
4.9	   6.551281729280e-01  -4.487182707200e-02
5	   6.528950179953e-01  -4.710498200474e-02
5.1	   6.544912842283e-01  -4.550871577174e-02
5.2	   6.600337740180e-01  -3.996622598199e-02
5.3	   6.696193201267e-01  -3.038067987328e-02
5.4	   6.830043356768e-01  -1.699566432323e-02
5.5	   6.997763101927e-01  -2.236898072747e-04
5.6	   7.188527826046e-01   1.885278260458e-02
5.7	   7.385588879864e-01   3.855888798636e-02
5.8	   7.564634358143e-01   5.646343581431e-02
5.9	   7.694940735045e-01   6.949407350452e-02
6	   7.746201702364e-01   7.462017023641e-02
6.1	   7.700599643352e-01   7.005996433522e-02
6.2	   7.563323959680e-01   5.633239596804e-02
6.3	   7.361978060830e-01   3.619780608298e-02
6.4	   7.132783140075e-01   1.327831400750e-02
6.5	   6.907757139104e-01  -9.224286089647e-03
6.6	   6.708635100921e-01  -2.913648990794e-02
6.7	   6.547474439215e-01  -4.525255607849e-02
6.8	   6.429375964702e-01  -5.706240352982e-02
6.9	   6.356543774279e-01  -6.434562257208e-02
7	   6.329607123903e-01  -6.703928760971e-02
7.1	   6.349752796172e-01  -6.502472038277e-02
7.2	   6.420634059664e-01  -5.793659403365e-02
7.3	   6.546232230974e-01  -4.537677690260e-02
7.4	   6.730873805602e-01  -2.691261943976e-02
7.5	   6.974738221137e-01  -2.526177886345e-03
7.6	   7.269162263198e-01   2.691622631981e-02
7.7	   7.587646337721e-01   5.876463377205e-02
7.8	   7.879254988001e-01   8.792549880011e-02
7.9	   8.072986942596e-01   1.072986942596e-01
8	   8.109387591733e-01   1.109387591733e-01
8.1	   7.979570813637e-01   9.795708136371e-02
8.2	   7.727355303774e-01   7.273553037736e-02
8.3	   7.418630793730e-01   4.186307937302e-02
8.4	   7.108260199505e-01   1.082601995048e-02
8.5	   6.828671021448e-01  -1.713289785525e-02
8.6	   6.595395615693e-01  -4.046043843067e-02
8.7	   6.413251244725e-01  -5.867487552747e-02
8.8	   6.283378493089e-01  -7.166215069114e-02
8.9	   6.204607634871e-01  -7.953923651287e-02
9	   6.175958409865e-01  -8.240415901351e-02
9.1	   6.198001786659e-01  -8.019982133411e-02
9.2	   6.275361439871e-01  -7.246385601287e-02
9.3	   6.415503838574e-01  -5.844961614264e-02
9.4	   6.628435705204e-01  -3.715642947957e-02
9.5	   6.921512188293e-01  -7.848781170744e-03
9.6	   7.289567465864e-01   2.895674658636e-02
9.7	   7.697439868641e-01   6.974398686410e-02
9.8	   8.061715458409e-01   1.061715458409e-01
9.9	   8.271562208965e-01   1.271562208965e-01
10	   8.264566105138e-01   1.264566105138e-01
10.1	   8.067039323187e-01   1.067039323187e-01
10.2	   7.758000722615e-01   7.580007226147e-02
10.3	   7.415173538464e-01   4.151735384635e-02
10.4	   7.089353988948e-01   8.935398894755e-03
10.5	   6.805219660470e-01  -1.947803395303e-02
10.6	   6.572516788671e-01  -4.274832113292e-02
10.7	   6.393531756684e-01  -6.064682433155e-02
10.8	   6.268158465708e-01  -7.318415342921e-02
10.9	   6.195214895946e-01  -8.047851040536e-02
11	   6.172433258596e-01  -8.275667414040e-02
11.1	   6.198996780969e-01  -8.010032190315e-02
11.2	   6.278524768756e-01  -7.214752312435e-02
11.3	   6.418552588149e-01  -5.814474118514e-02
11.4	   6.629927090672e-01  -3.700729093279e-02
11.5	   6.921366735700e-01  -7.863326430043e-03
11.6	   7.288266982221e-01   2.882669822214e-02
11.7	   7.695188298461e-01   6.951882984612e-02
11.8	   8.059144742882e-01   1.059144742882e-01
11.9	   8.271626093763e-01   1.271626093763e-01
12	   8.270831044580e-01   1.270831044580e-01
12.1	   8.079295453348e-01   1.079295453348e-01
12.2	   7.773060587237e-01   7.730605872371e-02
12.3	   7.429248551489e-01   4.292485514888e-02
12.4	   7.099444900322e-01   9.944490032226e-03
12.5	   6.809732090229e-01  -1.902679097709e-02
12.6	   6.571760710606e-01  -4.282392893941e-02
12.7	   6.389465967247e-01  -6.105340327535e-02
12.8	   6.263440443683e-01  -7.365595563173e-02
12.9	   6.192446874636e-01  -8.075531253642e-02
13	   6.173111695410e-01  -8.268883045903e-02
13.1	   6.202877282878e-01  -7.971227171221e-02
13.2	   6.283851019220e-01  -7.161489807803e-02
13.3	   6.423307397820e-01  -5.766926021805e-02
13.4	   6.632475295523e-01  -3.675247044767e-02
13.5	   6.920738031452e-01  -7.926196854829e-03
13.6	   7.283974076107e-01   2.839740761071e-02
13.7	   7.687189079346e-01   6.871890793457e-02
13.8	   8.048491131156e-01   1.048491131156e-01
13.9	   8.261264064685e-01   1.261264064685e-01
14	   8.264094951690e-01   1.264094951690e-01
14.1	   8.077739141496e-01   1.077739141496e-01
14.2	   7.776022171330e-01   7.760221713295e-02
14.3	   7.435077226685e-01   4.350772266849e-02
14.4	   7.106319177710e-01   1.063191777099e-02
14.5	   6.816180773797e-01  -1.838192262026e-02
14.6	   6.576904137113e-01  -4.230958628870e-02
14.7	   6.392963561824e-01  -6.070364381761e-02
14.8	   6.265384464317e-01  -7.346155356830e-02
14.9	   6.193072163954e-01  -8.069278360457e-02
15	   6.172769220539e-01  -8.272307794611e-02
15.1	   6.201760559697e-01  -7.982394403032e-02
15.2	   6.282216630470e-01  -7.177833695304e-02
15.3	   6.421382636450e-01  -5.786173635499e-02
15.4	   6.630272032428e-01  -3.697279675724e-02
15.5	   6.917888304810e-01  -8.211169518982e-03
15.6	   7.279763920709e-01   2.797639207089e-02
15.7	   7.680762175741e-01   6.807621757409e-02
15.8	   8.040018008429e-01   1.040018008429e-01
15.9	   8.252816083489e-01   1.252816083489e-01
16	   8.258808202460e-01   1.258808202460e-01
16.1	   8.077350791479e-01   1.077350791479e-01
16.2	   7.779801639099e-01   7.798016390985e-02
16.3	   7.441278120261e-01   4.412781202610e-02
16.4	   7.113313162622e-01   1.133131626221e-02
16.5	   6.822771716101e-01  -1.772282838992e-02
16.6	   6.582324855186e-01  -4.176751448144e-02
16.7	   6.396763379451e-01  -6.032366205494e-02
16.8	   6.267325791463e-01  -7.326742085369e-02
16.9	   6.193075830982e-01  -8.069241690179e-02
17	   6.171141116661e-01  -8.288588833393e-02
17.1	   6.199027359571e-01  -8.009726404289e-02
17.2	   6.279005808290e-01  -7.209941917096e-02
17.3	   6.418378304566e-01  -5.816216954344e-02
17.4	   6.627701228455e-01  -3.722987715454e-02
17.5	   6.915256797381e-01  -8.474320261891e-03
17.6	   7.276042193317e-01   2.760421933167e-02
17.7	   7.674856074223e-01   6.748560742228e-02
17.8	   8.032063260118e-01   1.032063260118e-01
17.9	   8.244971774028e-01   1.244971774028e-01
18	   8.253986492102e-01   1.253986492102e-01
18.1	   8.077280624819e-01   1.077280624819e-01
18.2	   7.783640826096e-01   7.836408260957e-02
18.3	   7.447255553272e-01   4.472555532716e-02
18.4	   7.119957279535e-01   1.199572795345e-02
18.5	   6.829120299973e-01  -1.708797000266e-02
18.6	   6.587688467661e-01  -4.123115323387e-02
18.7	   6.400608883909e-01  -5.993911160914e-02
18.8	   6.269326395692e-01  -7.306736043085e-02
18.9	   6.193114335440e-01  -8.068856645602e-02
19	   6.169443884835e-01  -8.305561151648e-02
19.1	   6.195998135603e-01  -8.040018643969e-02
19.2	   6.275212165978e-01  -7.247878340221e-02
19.3	   6.414598772888e-01  -5.854012271123e-02
19.4	   6.624367809992e-01  -3.756321900077e-02
19.5	   6.912127444172e-01  -8.787255582798e-03
19.6	   7.272358257698e-01   2.723582576980e-02
19.7	   7.669701061010e-01   6.697010610101e-02
19.8	   8.025569397550e-01   1.025569397550e-01
19.9	   8.238954148563e-01   1.238954148563e-01
20	   8.251021174179e-01   1.251021174179e-01
20.1	   8.078523276303e-01   1.078523276303e-01
20.2	   7.788057736307e-01   7.880577363074e-02
20.3	   7.453096933880e-01   4.530969338800e-02
20.4	   7.125891136357e-01   1.258911363572e-02
20.5	   6.834399432096e-01  -1.656005679043e-02
20.6	   6.591951783450e-01  -4.080482165498e-02
20.7	   6.403559761196e-01  -5.964402388035e-02
20.8	   6.270850279043e-01  -7.291497209574e-02
20.9	   6.193160239345e-01  -8.068397606548e-02
21	   6.168151756368e-01  -8.318482436317e-02
21.1	   6.193627730065e-01  -8.063722699352e-02
21.2	   6.272275975703e-01  -7.277240242972e-02
21.3	   6.411541518090e-01  -5.884584819099e-02
21.4	   6.621460678495e-01  -3.785393215050e-02
21.5	   6.909124845627e-01  -9.087515437326e-03
21.6	   7.268593647257e-01   2.685936472569e-02
21.7	   7.664463042801e-01   6.644630428012e-02
21.8	   8.019162372708e-01   1.019162372708e-01
21.9	   8.233260330936e-01   1.233260330936e-01
22	   8.248147893912e-01   1.248147893912e-01
22.1	   8.079484277206e-01   1.079484277206e-01
22.2	   7.792105844002e-01   7.921058440021e-02
22.3	   7.458618939148e-01   4.586189391477e-02
22.4	   7.131553899833e-01   1.315538998333e-02
22.5	   6.839409781687e-01  -1.605902183125e-02
22.6	   6.595853464219e-01  -4.041465357812e-02
22.7	   6.406186873297e-01  -5.938131267026e-02
22.8	   6.272104177819e-01  -7.278958221809e-02
22.9	   6.193013690711e-01  -8.069863092890e-02
23	   6.166829454538e-01  -8.331705454616e-02
23.1	   6.191453747828e-01  -8.085462521717e-02
23.2	   6.269621920548e-01  -7.303780794523e-02
23.3	   6.408785681895e-01  -5.912143181047e-02
23.4	   6.618946334657e-01  -3.810536653427e-02
23.5	   6.906666392422e-01  -9.333360757842e-03
23.6	   7.265642693011e-01   2.656426930108e-02
23.7	   7.660395781198e-01   6.603957811982e-02
23.8	   8.014069503913e-01   1.014069503913e-01
23.9	   8.228421760512e-01   1.228421760512e-01
24	   8.245615064860e-01   1.245615064860e-01
24.1	   8.080162968154e-01   1.080162968154e-01
24.2	   7.795321759887e-01   7.953217598867e-02
24.3	   7.463059086995e-01   4.630590869955e-02
24.4	   7.136090059781e-01   1.360900597810e-02
24.5	   6.843395153970e-01  -1.566048460303e-02
24.6	   6.598906330869e-01  -4.010936691313e-02
24.7	   6.408143181341e-01  -5.918568186591e-02
24.8	   6.272981395178e-01  -7.270186048224e-02
24.9	   6.192808094760e-01  -8.071919052403e-02
25	   6.165648826812e-01  -8.343511731878e-02
25.1	   6.189491123423e-01  -8.105088765767e-02
25.2	   6.266947117882e-01  -7.330528821180e-02
25.3	   6.405899061289e-01  -5.941009387111e-02
25.4	   6.616189388234e-01  -3.838106117663e-02
25.5	   6.903920690258e-01  -9.607930974221e-03
25.6	   7.262522207711e-01   2.625222077114e-02
25.7	   7.656429524455e-01   6.564295244553e-02
25.8	   8.009417532009e-01   1.009417532009e-01
25.9	   8.224244618408e-01   1.224244618408e-01
26	   8.243440299522e-01   1.243440299522e-01
26.1	   8.080733084981e-01   1.080733084981e-01
26.2	   7.798177127839e-01   7.981771278391e-02
26.3	   7.466989310100e-01   4.669893100997e-02
26.4	   7.140100764934e-01   1.401007649338e-02
26.5	   6.846913824260e-01  -1.530861757398e-02
26.6	   6.601515584028e-01  -3.984844159721e-02
26.7	   6.409711976767e-01  -5.902880232335e-02
26.8	   6.273457549235e-01  -7.265424507650e-02
26.9	   6.192328143634e-01  -8.076718563663e-02
27	   6.164494770831e-01  -8.355052291694e-02
27.1	   6.187720159820e-01  -8.122798401804e-02
27.2	   6.264790928450e-01  -7.352090715500e-02
27.3	   6.403843438373e-01  -5.961565616269e-02
27.4	   6.614417660856e-01  -3.855823391439e-02
27.5	   6.902298459860e-01  -9.770154014047e-03
27.6	   7.260610189052e-01   2.606101890515e-02
27.7	   7.653685553615e-01   6.536855536152e-02
27.8	   8.005735979276e-01   1.005735979276e-01
27.9	   8.220522363395e-01   1.220522363395e-01
28	   8.241241353432e-01   1.241241353432e-01
