                 0.1	(   5.750000000000e+00   3.500000000000e+00  7.000260503183e-01) 
0.2	(   5.750000000000e+00   3.500000000000e+00  7.000379231400e-01) 
0.3	(   5.750000000000e+00   3.500000000000e+00  7.000251133841e-01) 
0.4	(   5.750000000000e+00   3.500000000000e+00  6.999667595876e-01) 
0.5	(   5.750000000000e+00   3.500000000000e+00  6.998265645470e-01) 
0.6	(   5.750000000000e+00   3.500000000000e+00  6.995626333296e-01) 
0.7	(   5.750000000000e+00   3.500000000000e+00  6.991620303606e-01) 
0.8	(   5.750000000000e+00   3.500000000000e+00  6.986591636555e-01) 
0.9	(   5.750000000000e+00   3.500000000000e+00  6.981297434987e-01) 
1	(   5.750000000000e+00   3.500000000000e+00  6.976872557783e-01) 
1.1	(   5.750000000000e+00   3.500000000000e+00  6.974571135470e-01) 
1.2	(   5.750000000000e+00   3.500000000000e+00  6.975610757167e-01) 
1.3	(   5.750000000000e+00   3.500000000000e+00  6.981147011672e-01) 
1.4	(   5.750000000000e+00   3.500000000000e+00  6.992142234934e-01) 
1.5	(   5.750000000000e+00   3.500000000000e+00  7.009339802691e-01) 
1.6	(   5.750000000000e+00   3.500000000000e+00  7.032611454871e-01) 
1.7	(   5.750000000000e+00   3.500000000000e+00  7.060733160133e-01) 
1.8	(   5.750000000000e+00   3.500000000000e+00  7.090936891855e-01) 
1.9	(   5.750000000000e+00   3.500000000000e+00  7.118818737964e-01) 
2	(   5.750000000000e+00   3.500000000000e+00  7.138867797555e-01) 
2.1	(   5.750000000000e+00   3.500000000000e+00  7.145303578098e-01) 
2.2	(   5.750000000000e+00   3.500000000000e+00  7.133578454151e-01) 
2.3	(   5.750000000000e+00   3.500000000000e+00  7.102220857461e-01) 
2.4	(   5.750000000000e+00   3.500000000000e+00  7.053208273149e-01) 
2.5	(   5.750000000000e+00   3.500000000000e+00  6.991990366733e-01) 
2.6	(   5.750000000000e+00   3.500000000000e+00  6.925826529093e-01) 
2.7	(   5.750000000000e+00   3.500000000000e+00  6.862776826278e-01) 
2.8	(   5.750000000000e+00   3.500000000000e+00  6.809685985028e-01) 
2.9	(   5.750000000000e+00   3.500000000000e+00  6.772370999978e-01) 
3	(   5.750000000000e+00   3.500000000000e+00  6.755183447545e-01) 
3.1	(   5.750000000000e+00   3.500000000000e+00  6.760831593910e-01) 
3.2	(   5.750000000000e+00   3.500000000000e+00  6.790484663855e-01) 
3.3	(   5.750000000000e+00   3.500000000000e+00  6.843304522719e-01) 
3.4	(   5.750000000000e+00   3.500000000000e+00  6.917380750981e-01) 
3.5	(   5.750000000000e+00   3.500000000000e+00  7.008022183255e-01) 
3.6	(   5.750000000000e+00   3.500000000000e+00  7.108637379251e-01) 
3.7	(   5.750000000000e+00   3.500000000000e+00  7.211478398788e-01) 
3.8	(   5.750000000000e+00   3.500000000000e+00  7.305258756407e-01) 
3.9	(   5.750000000000e+00   3.500000000000e+00  7.377910174172e-01) 
4	(   5.750000000000e+00   3.500000000000e+00  7.416185689422e-01) 
4.1	(   5.750000000000e+00   3.500000000000e+00  7.408678440480e-01) 
4.2	(   5.750000000000e+00   3.500000000000e+00  7.350457627029e-01) 
4.3	(   5.750000000000e+00   3.500000000000e+00  7.246586777422e-01) 
4.4	(   5.750000000000e+00   3.500000000000e+00  7.111882954006e-01) 
4.5	(   5.750000000000e+00   3.500000000000e+00  6.964932431700e-01) 
4.6	(   5.750000000000e+00   3.500000000000e+00  6.824198850415e-01) 
4.7	(   5.750000000000e+00   3.500000000000e+00  6.702905861353e-01) 
4.8	(   5.750000000000e+00   3.500000000000e+00  6.610298326058e-01) 
4.9	(   5.750000000000e+00   3.500000000000e+00  6.551281729280e-01) 
5	(   5.750000000000e+00   3.500000000000e+00  6.528950179953e-01) 
5.1	(   5.750000000000e+00   3.500000000000e+00  6.544912842283e-01) 
5.2	(   5.750000000000e+00   3.500000000000e+00  6.600337740180e-01) 
5.3	(   5.750000000000e+00   3.500000000000e+00  6.696193201267e-01) 
5.4	(   5.750000000000e+00   3.500000000000e+00  6.830043356768e-01) 
5.5	(   5.750000000000e+00   3.500000000000e+00  6.997763101927e-01) 
5.6	(   5.750000000000e+00   3.500000000000e+00  7.188527826046e-01) 
5.7	(   5.750000000000e+00   3.500000000000e+00  7.385588879864e-01) 
5.8	(   5.750000000000e+00   3.500000000000e+00  7.564634358143e-01) 
5.9	(   5.750000000000e+00   3.500000000000e+00  7.694940735045e-01) 
6	(   5.750000000000e+00   3.500000000000e+00  7.746201702364e-01) 
6.1	(   5.750000000000e+00   3.500000000000e+00  7.700599643352e-01) 
6.2	(   5.750000000000e+00   3.500000000000e+00  7.563323959680e-01) 
6.3	(   5.750000000000e+00   3.500000000000e+00  7.361978060830e-01) 
6.4	(   5.750000000000e+00   3.500000000000e+00  7.132783140075e-01) 
6.5	(   5.750000000000e+00   3.500000000000e+00  6.907757139104e-01) 
6.6	(   5.750000000000e+00   3.500000000000e+00  6.708635100921e-01) 
6.7	(   5.750000000000e+00   3.500000000000e+00  6.547474439215e-01) 
6.8	(   5.750000000000e+00   3.500000000000e+00  6.429375964702e-01) 
6.9	(   5.750000000000e+00   3.500000000000e+00  6.356543774279e-01) 
7	(   5.750000000000e+00   3.500000000000e+00  6.329607123903e-01) 
7.1	(   5.750000000000e+00   3.500000000000e+00  6.349752796172e-01) 
7.2	(   5.750000000000e+00   3.500000000000e+00  6.420634059664e-01) 
7.3	(   5.750000000000e+00   3.500000000000e+00  6.546232230974e-01) 
7.4	(   5.750000000000e+00   3.500000000000e+00  6.730873805602e-01) 
7.5	(   5.750000000000e+00   3.500000000000e+00  6.974738221137e-01) 
7.6	(   5.750000000000e+00   3.500000000000e+00  7.269162263198e-01) 
7.7	(   5.750000000000e+00   3.500000000000e+00  7.587646337721e-01) 
7.8	(   5.750000000000e+00   3.500000000000e+00  7.879254988001e-01) 
7.9	(   5.750000000000e+00   3.500000000000e+00  8.072986942596e-01) 
8	(   5.750000000000e+00   3.500000000000e+00  8.109387591733e-01) 
8.1	(   5.750000000000e+00   3.500000000000e+00  7.979570813637e-01) 
8.2	(   5.750000000000e+00   3.500000000000e+00  7.727355303774e-01) 
8.3	(   5.750000000000e+00   3.500000000000e+00  7.418630793730e-01) 
8.4	(   5.750000000000e+00   3.500000000000e+00  7.108260199505e-01) 
8.5	(   5.750000000000e+00   3.500000000000e+00  6.828671021448e-01) 
8.6	(   5.750000000000e+00   3.500000000000e+00  6.595395615693e-01) 
8.7	(   5.750000000000e+00   3.500000000000e+00  6.413251244725e-01) 
8.8	(   5.750000000000e+00   3.500000000000e+00  6.283378493089e-01) 
8.9	(   5.750000000000e+00   3.500000000000e+00  6.204607634871e-01) 
9	(   5.750000000000e+00   3.500000000000e+00  6.175958409865e-01) 
9.1	(   5.750000000000e+00   3.500000000000e+00  6.198001786659e-01) 
9.2	(   5.750000000000e+00   3.500000000000e+00  6.275361439871e-01) 
9.3	(   5.750000000000e+00   3.500000000000e+00  6.415503838574e-01) 
9.4	(   5.750000000000e+00   3.500000000000e+00  6.628435705204e-01) 
9.5	(   5.750000000000e+00   3.500000000000e+00  6.921512188293e-01) 
9.6	(   5.750000000000e+00   3.500000000000e+00  7.289567465864e-01) 
9.7	(   5.750000000000e+00   3.500000000000e+00  7.697439868641e-01) 
9.8	(   5.750000000000e+00   3.500000000000e+00  8.061715458409e-01) 
9.9	(   5.750000000000e+00   3.500000000000e+00  8.271562208965e-01) 
10	(   5.750000000000e+00   3.500000000000e+00  8.264566105138e-01) 
10.1	(   5.750000000000e+00   3.500000000000e+00  8.067039323187e-01) 
10.2	(   5.750000000000e+00   3.500000000000e+00  7.758000722615e-01) 
10.3	(   5.750000000000e+00   3.500000000000e+00  7.415173538464e-01) 
10.4	(   5.750000000000e+00   3.500000000000e+00  7.089353988948e-01) 
10.5	(   5.750000000000e+00   3.500000000000e+00  6.805219660470e-01) 
10.6	(   5.750000000000e+00   3.500000000000e+00  6.572516788671e-01) 
10.7	(   5.750000000000e+00   3.500000000000e+00  6.393531756684e-01) 
10.8	(   5.750000000000e+00   3.500000000000e+00  6.268158465708e-01) 
10.9	(   5.750000000000e+00   3.500000000000e+00  6.195214895946e-01) 
11	(   5.750000000000e+00   3.500000000000e+00  6.172433258596e-01) 
11.1	(   5.750000000000e+00   3.500000000000e+00  6.198996780969e-01) 
11.2	(   5.750000000000e+00   3.500000000000e+00  6.278524768756e-01) 
11.3	(   5.750000000000e+00   3.500000000000e+00  6.418552588149e-01) 
11.4	(   5.750000000000e+00   3.500000000000e+00  6.629927090672e-01) 
11.5	(   5.750000000000e+00   3.500000000000e+00  6.921366735700e-01) 
11.6	(   5.750000000000e+00   3.500000000000e+00  7.288266982221e-01) 
11.7	(   5.750000000000e+00   3.500000000000e+00  7.695188298461e-01) 
11.8	(   5.750000000000e+00   3.500000000000e+00  8.059144742882e-01) 
11.9	(   5.750000000000e+00   3.500000000000e+00  8.271626093763e-01) 
12	(   5.750000000000e+00   3.500000000000e+00  8.270831044580e-01) 
12.1	(   5.750000000000e+00   3.500000000000e+00  8.079295453348e-01) 
12.2	(   5.750000000000e+00   3.500000000000e+00  7.773060587237e-01) 
12.3	(   5.750000000000e+00   3.500000000000e+00  7.429248551489e-01) 
12.4	(   5.750000000000e+00   3.500000000000e+00  7.099444900322e-01) 
12.5	(   5.750000000000e+00   3.500000000000e+00  6.809732090229e-01) 
12.6	(   5.750000000000e+00   3.500000000000e+00  6.571760710606e-01) 
12.7	(   5.750000000000e+00   3.500000000000e+00  6.389465967247e-01) 
12.8	(   5.750000000000e+00   3.500000000000e+00  6.263440443683e-01) 
12.9	(   5.750000000000e+00   3.500000000000e+00  6.192446874636e-01) 
13	(   5.750000000000e+00   3.500000000000e+00  6.173111695410e-01) 
13.1	(   5.750000000000e+00   3.500000000000e+00  6.202877282878e-01) 
13.2	(   5.750000000000e+00   3.500000000000e+00  6.283851019220e-01) 
13.3	(   5.750000000000e+00   3.500000000000e+00  6.423307397820e-01) 
13.4	(   5.750000000000e+00   3.500000000000e+00  6.632475295523e-01) 
13.5	(   5.750000000000e+00   3.500000000000e+00  6.920738031452e-01) 
13.6	(   5.750000000000e+00   3.500000000000e+00  7.283974076107e-01) 
13.7	(   5.750000000000e+00   3.500000000000e+00  7.687189079346e-01) 
13.8	(   5.750000000000e+00   3.500000000000e+00  8.048491131156e-01) 
13.9	(   5.750000000000e+00   3.500000000000e+00  8.261264064685e-01) 
14	(   5.750000000000e+00   3.500000000000e+00  8.264094951690e-01) 
14.1	(   5.750000000000e+00   3.500000000000e+00  8.077739141496e-01) 
14.2	(   5.750000000000e+00   3.500000000000e+00  7.776022171330e-01) 
14.3	(   5.750000000000e+00   3.500000000000e+00  7.435077226685e-01) 
14.4	(   5.750000000000e+00   3.500000000000e+00  7.106319177710e-01) 
14.5	(   5.750000000000e+00   3.500000000000e+00  6.816180773797e-01) 
14.6	(   5.750000000000e+00   3.500000000000e+00  6.576904137113e-01) 
14.7	(   5.750000000000e+00   3.500000000000e+00  6.392963561824e-01) 
14.8	(   5.750000000000e+00   3.500000000000e+00  6.265384464317e-01) 
14.9	(   5.750000000000e+00   3.500000000000e+00  6.193072163954e-01) 
15	(   5.750000000000e+00   3.500000000000e+00  6.172769220539e-01) 
15.1	(   5.750000000000e+00   3.500000000000e+00  6.201760559697e-01) 
15.2	(   5.750000000000e+00   3.500000000000e+00  6.282216630470e-01) 
15.3	(   5.750000000000e+00   3.500000000000e+00  6.421382636450e-01) 
15.4	(   5.750000000000e+00   3.500000000000e+00  6.630272032428e-01) 
15.5	(   5.750000000000e+00   3.500000000000e+00  6.917888304810e-01) 
15.6	(   5.750000000000e+00   3.500000000000e+00  7.279763920709e-01) 
15.7	(   5.750000000000e+00   3.500000000000e+00  7.680762175741e-01) 
15.8	(   5.750000000000e+00   3.500000000000e+00  8.040018008429e-01) 
15.9	(   5.750000000000e+00   3.500000000000e+00  8.252816083489e-01) 
16	(   5.750000000000e+00   3.500000000000e+00  8.258808202460e-01) 
16.1	(   5.750000000000e+00   3.500000000000e+00  8.077350791479e-01) 
16.2	(   5.750000000000e+00   3.500000000000e+00  7.779801639099e-01) 
16.3	(   5.750000000000e+00   3.500000000000e+00  7.441278120261e-01) 
16.4	(   5.750000000000e+00   3.500000000000e+00  7.113313162622e-01) 
16.5	(   5.750000000000e+00   3.500000000000e+00  6.822771716101e-01) 
16.6	(   5.750000000000e+00   3.500000000000e+00  6.582324855186e-01) 
16.7	(   5.750000000000e+00   3.500000000000e+00  6.396763379451e-01) 
16.8	(   5.750000000000e+00   3.500000000000e+00  6.267325791463e-01) 
16.9	(   5.750000000000e+00   3.500000000000e+00  6.193075830982e-01) 
17	(   5.750000000000e+00   3.500000000000e+00  6.171141116661e-01) 
17.1	(   5.750000000000e+00   3.500000000000e+00  6.199027359571e-01) 
17.2	(   5.750000000000e+00   3.500000000000e+00  6.279005808290e-01) 
17.3	(   5.750000000000e+00   3.500000000000e+00  6.418378304566e-01) 
17.4	(   5.750000000000e+00   3.500000000000e+00  6.627701228455e-01) 
17.5	(   5.750000000000e+00   3.500000000000e+00  6.915256797381e-01) 
17.6	(   5.750000000000e+00   3.500000000000e+00  7.276042193317e-01) 
17.7	(   5.750000000000e+00   3.500000000000e+00  7.674856074223e-01) 
17.8	(   5.750000000000e+00   3.500000000000e+00  8.032063260118e-01) 
17.9	(   5.750000000000e+00   3.500000000000e+00  8.244971774028e-01) 
18	(   5.750000000000e+00   3.500000000000e+00  8.253986492102e-01) 
18.1	(   5.750000000000e+00   3.500000000000e+00  8.077280624819e-01) 
18.2	(   5.750000000000e+00   3.500000000000e+00  7.783640826096e-01) 
18.3	(   5.750000000000e+00   3.500000000000e+00  7.447255553272e-01) 
18.4	(   5.750000000000e+00   3.500000000000e+00  7.119957279535e-01) 
18.5	(   5.750000000000e+00   3.500000000000e+00  6.829120299973e-01) 
18.6	(   5.750000000000e+00   3.500000000000e+00  6.587688467661e-01) 
18.7	(   5.750000000000e+00   3.500000000000e+00  6.400608883909e-01) 
18.8	(   5.750000000000e+00   3.500000000000e+00  6.269326395692e-01) 
18.9	(   5.750000000000e+00   3.500000000000e+00  6.193114335440e-01) 
19	(   5.750000000000e+00   3.500000000000e+00  6.169443884835e-01) 
19.1	(   5.750000000000e+00   3.500000000000e+00  6.195998135603e-01) 
19.2	(   5.750000000000e+00   3.500000000000e+00  6.275212165978e-01) 
19.3	(   5.750000000000e+00   3.500000000000e+00  6.414598772888e-01) 
19.4	(   5.750000000000e+00   3.500000000000e+00  6.624367809992e-01) 
19.5	(   5.750000000000e+00   3.500000000000e+00  6.912127444172e-01) 
19.6	(   5.750000000000e+00   3.500000000000e+00  7.272358257698e-01) 
19.7	(   5.750000000000e+00   3.500000000000e+00  7.669701061010e-01) 
19.8	(   5.750000000000e+00   3.500000000000e+00  8.025569397550e-01) 
19.9	(   5.750000000000e+00   3.500000000000e+00  8.238954148563e-01) 
20	(   5.750000000000e+00   3.500000000000e+00  8.251021174179e-01) 
20.1	(   5.750000000000e+00   3.500000000000e+00  8.078523276303e-01) 
20.2	(   5.750000000000e+00   3.500000000000e+00  7.788057736307e-01) 
20.3	(   5.750000000000e+00   3.500000000000e+00  7.453096933880e-01) 
20.4	(   5.750000000000e+00   3.500000000000e+00  7.125891136357e-01) 
20.5	(   5.750000000000e+00   3.500000000000e+00  6.834399432096e-01) 
20.6	(   5.750000000000e+00   3.500000000000e+00  6.591951783450e-01) 
20.7	(   5.750000000000e+00   3.500000000000e+00  6.403559761196e-01) 
20.8	(   5.750000000000e+00   3.500000000000e+00  6.270850279043e-01) 
20.9	(   5.750000000000e+00   3.500000000000e+00  6.193160239345e-01) 
21	(   5.750000000000e+00   3.500000000000e+00  6.168151756368e-01) 
21.1	(   5.750000000000e+00   3.500000000000e+00  6.193627730065e-01) 
21.2	(   5.750000000000e+00   3.500000000000e+00  6.272275975703e-01) 
21.3	(   5.750000000000e+00   3.500000000000e+00  6.411541518090e-01) 
21.4	(   5.750000000000e+00   3.500000000000e+00  6.621460678495e-01) 
21.5	(   5.750000000000e+00   3.500000000000e+00  6.909124845627e-01) 
21.6	(   5.750000000000e+00   3.500000000000e+00  7.268593647257e-01) 
21.7	(   5.750000000000e+00   3.500000000000e+00  7.664463042801e-01) 
21.8	(   5.750000000000e+00   3.500000000000e+00  8.019162372708e-01) 
21.9	(   5.750000000000e+00   3.500000000000e+00  8.233260330936e-01) 
22	(   5.750000000000e+00   3.500000000000e+00  8.248147893912e-01) 
22.1	(   5.750000000000e+00   3.500000000000e+00  8.079484277206e-01) 
22.2	(   5.750000000000e+00   3.500000000000e+00  7.792105844002e-01) 
22.3	(   5.750000000000e+00   3.500000000000e+00  7.458618939148e-01) 
22.4	(   5.750000000000e+00   3.500000000000e+00  7.131553899833e-01) 
22.5	(   5.750000000000e+00   3.500000000000e+00  6.839409781687e-01) 
22.6	(   5.750000000000e+00   3.500000000000e+00  6.595853464219e-01) 
22.7	(   5.750000000000e+00   3.500000000000e+00  6.406186873297e-01) 
22.8	(   5.750000000000e+00   3.500000000000e+00  6.272104177819e-01) 
22.9	(   5.750000000000e+00   3.500000000000e+00  6.193013690711e-01) 
23	(   5.750000000000e+00   3.500000000000e+00  6.166829454538e-01) 
23.1	(   5.750000000000e+00   3.500000000000e+00  6.191453747828e-01) 
23.2	(   5.750000000000e+00   3.500000000000e+00  6.269621920548e-01) 
23.3	(   5.750000000000e+00   3.500000000000e+00  6.408785681895e-01) 
23.4	(   5.750000000000e+00   3.500000000000e+00  6.618946334657e-01) 
23.5	(   5.750000000000e+00   3.500000000000e+00  6.906666392422e-01) 
23.6	(   5.750000000000e+00   3.500000000000e+00  7.265642693011e-01) 
23.7	(   5.750000000000e+00   3.500000000000e+00  7.660395781198e-01) 
23.8	(   5.750000000000e+00   3.500000000000e+00  8.014069503913e-01) 
23.9	(   5.750000000000e+00   3.500000000000e+00  8.228421760512e-01) 
24	(   5.750000000000e+00   3.500000000000e+00  8.245615064860e-01) 
24.1	(   5.750000000000e+00   3.500000000000e+00  8.080162968154e-01) 
24.2	(   5.750000000000e+00   3.500000000000e+00  7.795321759887e-01) 
24.3	(   5.750000000000e+00   3.500000000000e+00  7.463059086995e-01) 
24.4	(   5.750000000000e+00   3.500000000000e+00  7.136090059781e-01) 
24.5	(   5.750000000000e+00   3.500000000000e+00  6.843395153970e-01) 
24.6	(   5.750000000000e+00   3.500000000000e+00  6.598906330869e-01) 
24.7	(   5.750000000000e+00   3.500000000000e+00  6.408143181341e-01) 
24.8	(   5.750000000000e+00   3.500000000000e+00  6.272981395178e-01) 
24.9	(   5.750000000000e+00   3.500000000000e+00  6.192808094760e-01) 
25	(   5.750000000000e+00   3.500000000000e+00  6.165648826812e-01) 
25.1	(   5.750000000000e+00   3.500000000000e+00  6.189491123423e-01) 
25.2	(   5.750000000000e+00   3.500000000000e+00  6.266947117882e-01) 
25.3	(   5.750000000000e+00   3.500000000000e+00  6.405899061289e-01) 
25.4	(   5.750000000000e+00   3.500000000000e+00  6.616189388234e-01) 
25.5	(   5.750000000000e+00   3.500000000000e+00  6.903920690258e-01) 
25.6	(   5.750000000000e+00   3.500000000000e+00  7.262522207711e-01) 
25.7	(   5.750000000000e+00   3.500000000000e+00  7.656429524455e-01) 
25.8	(   5.750000000000e+00   3.500000000000e+00  8.009417532009e-01) 
25.9	(   5.750000000000e+00   3.500000000000e+00  8.224244618408e-01) 
26	(   5.750000000000e+00   3.500000000000e+00  8.243440299522e-01) 
26.1	(   5.750000000000e+00   3.500000000000e+00  8.080733084981e-01) 
26.2	(   5.750000000000e+00   3.500000000000e+00  7.798177127839e-01) 
26.3	(   5.750000000000e+00   3.500000000000e+00  7.466989310100e-01) 
26.4	(   5.750000000000e+00   3.500000000000e+00  7.140100764934e-01) 
26.5	(   5.750000000000e+00   3.500000000000e+00  6.846913824260e-01) 
26.6	(   5.750000000000e+00   3.500000000000e+00  6.601515584028e-01) 
26.7	(   5.750000000000e+00   3.500000000000e+00  6.409711976767e-01) 
26.8	(   5.750000000000e+00   3.500000000000e+00  6.273457549235e-01) 
26.9	(   5.750000000000e+00   3.500000000000e+00  6.192328143634e-01) 
27	(   5.750000000000e+00   3.500000000000e+00  6.164494770831e-01) 
27.1	(   5.750000000000e+00   3.500000000000e+00  6.187720159820e-01) 
27.2	(   5.750000000000e+00   3.500000000000e+00  6.264790928450e-01) 
27.3	(   5.750000000000e+00   3.500000000000e+00  6.403843438373e-01) 
27.4	(   5.750000000000e+00   3.500000000000e+00  6.614417660856e-01) 
27.5	(   5.750000000000e+00   3.500000000000e+00  6.902298459860e-01) 
27.6	(   5.750000000000e+00   3.500000000000e+00  7.260610189052e-01) 
27.7	(   5.750000000000e+00   3.500000000000e+00  7.653685553615e-01) 
27.8	(   5.750000000000e+00   3.500000000000e+00  8.005735979276e-01) 
27.9	(   5.750000000000e+00   3.500000000000e+00  8.220522363395e-01) 
28	(   5.750000000000e+00   3.500000000000e+00  8.241241353432e-01) 
