                 0.1	   7.000437367841e-01   4.373678413061e-05
0.2	   7.001131171955e-01   1.131171955091e-04
0.3	   7.002157751733e-01   2.157751732803e-04
0.4	   7.003538658455e-01   3.538658455498e-04
0.5	   7.005108320923e-01   5.108320922553e-04
0.6	   7.006612003653e-01   6.612003652698e-04
0.7	   7.007883432371e-01   7.883432370990e-04
0.8	   7.008880303144e-01   8.880303144017e-04
0.9	   7.009470868625e-01   9.470868624735e-04
1	   7.009180537652e-01   9.180537651863e-04
1.1	   7.007102482480e-01   7.102482480411e-04
1.2	   7.002137589489e-01   2.137589488854e-04
1.3	   6.993505162054e-01  -6.494837946207e-04
1.4	   6.981109647131e-01  -1.889035286852e-03
1.5	   6.966010439406e-01  -3.398956059372e-03
1.6	   6.950418346649e-01  -4.958165335109e-03
1.7	   6.937921914093e-01  -6.207808590736e-03
1.8	   6.932783266087e-01  -6.721673391279e-03
1.9	   6.939506914718e-01  -6.049308528161e-03
2	   6.961475590666e-01  -3.852440933389e-03
2.1	   6.999178223060e-01  -8.217769404806e-05
2.2	   7.048896670701e-01   4.889667070089e-03
2.3	   7.102369326889e-01   1.023693268892e-02
2.4	   7.147054140088e-01   1.470541400881e-02
2.5	   7.168862727062e-01   1.688627270620e-02
2.6	   7.156985937341e-01   1.569859373410e-02
2.7	   7.109037000943e-01   1.090370009426e-02
2.8	   7.032709365970e-01   3.270936597044e-03
2.9	   6.942765551820e-01  -5.723444817995e-03
3	   6.857167028721e-01  -1.428329712794e-02
3.1	   6.792565222276e-01  -2.074347777238e-02
3.2	   6.762460825984e-01  -2.375391740160e-02
3.3	   6.775631966602e-01  -2.243680333978e-02
3.4	   6.836041580691e-01  -1.639584193091e-02
3.5	   6.941235789086e-01  -5.876421091388e-03
3.6	   7.078001170583e-01   7.800117058346e-03
3.7	   7.222660192407e-01   2.226601924071e-02
3.8	   7.338926294429e-01   3.389262944293e-02
3.9	   7.390682748302e-01   3.906827483024e-02
4	   7.357134230872e-01   3.571342308716e-02
4.1	   7.245728633195e-01   2.457286331948e-02
4.2	   7.086699286055e-01   8.669928605535e-03
4.3	   6.916152122696e-01  -8.384787730433e-03
4.4	   6.765143093136e-01  -2.348569068636e-02
4.5	   6.655788749933e-01  -3.442112500671e-02
4.6	   6.602825902700e-01  -3.971740972995e-02
4.7	   6.614699585294e-01  -3.853004147057e-02
4.8	   6.696352874392e-01  -3.036471256081e-02
4.9	   6.847362557330e-01  -1.526374426698e-02
5	   7.058498391885e-01   5.849839188520e-03
5.1	   7.299619361120e-01   2.996193611202e-02
5.2	   7.512418598790e-01   5.124185987903e-02
5.3	   7.619782959445e-01   6.197829594452e-02
5.4	   7.577423587808e-01   5.774235878079e-02
5.5	   7.403835656640e-01   4.038356566398e-02
5.6	   7.160986272191e-01   1.609862721913e-02
5.7	   6.911196884433e-01  -8.880311556728e-03
5.8	   6.697574435913e-01  -3.024255640874e-02
5.9	   6.544752013759e-01  -4.552479862410e-02
6	   6.464957768421e-01  -5.350422315789e-02
6.1	   6.465353122365e-01  -5.346468776355e-02
6.2	   6.551289168326e-01  -4.487108316739e-02
6.3	   6.727688695989e-01  -2.723113040113e-02
6.4	   6.993297233074e-01  -6.702766926339e-04
6.5	   7.326110479102e-01   3.261104791015e-02
6.6	   7.655615481696e-01   6.556154816957e-02
6.7	   7.849135412281e-01   8.491354122806e-02
6.8	   7.813117084726e-01   8.131170847255e-02
6.9	   7.579853732651e-01   5.798537326508e-02
7	   7.254799561608e-01   2.547995616081e-02
7.1	   6.930402430004e-01  -6.959756999577e-03
7.2	   6.659510186918e-01  -3.404898130822e-02
7.3	   6.466219408790e-01  -5.337805912105e-02
7.4	   6.359904607379e-01  -6.400953926213e-02
7.5	   6.343402311138e-01  -6.565976888617e-02
7.6	   6.422727333684e-01  -5.772726663161e-02
7.7	   6.606765062596e-01  -3.932349374037e-02
7.8	   6.907384174231e-01  -9.261582576947e-03
7.9	   7.320557880869e-01   3.205578808687e-02
8	   7.775788101942e-01   7.757881019422e-02
8.1	   8.073647926994e-01   1.073647926994e-01
8.2	   8.048255168799e-01   1.048255168799e-01
8.3	   7.753263114701e-01   7.532631147007e-02
8.4	   7.348116806627e-01   3.481168066273e-02
8.5	   6.954699200212e-01  -4.530079978828e-03
8.6	   6.633658654863e-01  -3.663413451373e-02
8.7	   6.405555376007e-01  -5.944446239932e-02
8.8	   6.273516668049e-01  -7.264833319513e-02
8.9	   6.236596567555e-01  -7.634034324447e-02
9	   6.297403096912e-01  -7.025969030878e-02
9.1	   6.466356735327e-01  -5.336432646733e-02
9.2	   6.761670141157e-01  -2.383298588427e-02
9.3	   7.198409524240e-01   1.984095242395e-02
9.4	   7.730875551974e-01   7.308755519740e-02
9.5	   8.137711619943e-01   1.137711619943e-01
9.6	   8.177431566316e-01   1.177431566316e-01
9.7	   7.886071529886e-01   8.860715298857e-02
9.8	   7.453742064394e-01   4.537420643937e-02
9.9	   7.029098124714e-01   2.909812471406e-03
10	   6.682030795227e-01  -3.179692047730e-02
10.1	   6.434392308415e-01  -5.656076915850e-02
10.2	   6.286575834220e-01  -7.134241657802e-02
10.3	   6.233393238301e-01  -7.666067616988e-02
10.4	   6.273523032955e-01  -7.264769670454e-02
10.5	   6.413260385360e-01  -5.867396146397e-02
10.6	   6.669061149124e-01  -3.309388508761e-02
10.7	   7.058077074874e-01   5.807707487410e-03
10.8	   7.555907527021e-01   5.559075270208e-02
10.9	   8.000516614549e-01   1.000516614549e-01
11	   8.147695923240e-01   1.147695923240e-01
11.1	   7.956511103932e-01   9.565111039316e-02
11.2	   7.573447213032e-01   5.734472130320e-02
11.3	   7.155869481909e-01   1.558694819094e-02
11.4	   6.793386041259e-01  -2.066139587415e-02
11.5	   6.520783581604e-01  -4.792164183962e-02
11.6	   6.344841147077e-01  -6.551588529226e-02
11.7	   6.260670396176e-01  -7.393296038240e-02
11.8	   6.266887258705e-01  -7.331127412951e-02
11.9	   6.367618541251e-01  -6.323814587494e-02
12	   6.576322729950e-01  -4.236772700502e-02
12.1	   6.913073757683e-01  -8.692624231651e-03
12.2	   7.373335230010e-01   3.733352300103e-02
12.3	   7.847641965797e-01   8.476419657968e-02
12.4	   8.103910847395e-01   1.103910847395e-01
12.5	   8.026305537979e-01   1.026305537979e-01
12.6	   7.707110881643e-01   7.071108816426e-02
12.7	   7.302319065246e-01   3.023190652463e-02
12.8	   6.922815682744e-01  -7.718431725612e-03
12.9	   6.619546781532e-01  -3.804532184678e-02
13	   6.407708875739e-01  -5.922911242605e-02
13.1	   6.287589238169e-01  -7.124107618310e-02
13.2	   6.257756213938e-01  -7.422437860622e-02
13.3	   6.321784600278e-01  -6.782153997217e-02
13.4	   6.490277593668e-01  -5.097224063325e-02
13.5	   6.781725327739e-01  -2.182746722606e-02
13.6	   7.205523062706e-01   2.055230627061e-02
13.7	   7.692676715136e-01   6.926767151360e-02
13.8	   8.040830483827e-01   1.040830483827e-01
13.9	   8.077158575263e-01   1.077158575263e-01
14	   7.834232735857e-01   8.342327358571e-02
14.1	   7.453414853723e-01   4.534148537226e-02
14.2	   7.061877533145e-01   6.187753314511e-03
14.3	   6.728376686865e-01  -2.716233131353e-02
14.4	   6.480121329887e-01  -5.198786701129e-02
14.5	   6.323354124397e-01  -6.766458756027e-02
14.6	   6.257560292349e-01  -7.424397076513e-02
14.7	   6.286056949073e-01  -7.139430509269e-02
14.8	   6.417861219269e-01  -5.821387807313e-02
14.9	   6.673214123014e-01  -3.267858769864e-02
15	   7.064309735947e-01   6.430973594704e-03
15.1	   7.550495009949e-01   5.504950099486e-02
15.2	   7.963294221957e-01   9.632942219574e-02
15.3	   8.102490495618e-01   1.102490495618e-01
15.4	   7.941282952440e-01   9.412829524399e-02
15.5	   7.595376819863e-01   5.953768198630e-02
15.6	   7.200198862189e-01   2.001988621890e-02
15.7	   6.842660282623e-01  -1.573397173774e-02
15.8	   6.560733968305e-01  -4.392660316951e-02
15.9	   6.368556009163e-01  -6.314439908367e-02
16	   6.267763629834e-01  -7.322363701660e-02
16.1	   6.261992413825e-01  -7.380075861749e-02
16.2	   6.357968122636e-01  -6.420318773637e-02
16.3	   6.573117450039e-01  -4.268825499613e-02
16.4	   6.922182283985e-01  -7.781771601546e-03
16.5	   7.388689061599e-01   3.886890615990e-02
16.6	   7.847843692143e-01   8.478436921427e-02
16.7	   8.088913946777e-01   1.088913946777e-01
16.8	   8.022482508251e-01   1.022482508251e-01
16.9	   7.727903774520e-01   7.279037745201e-02
17	   7.340509211370e-01   3.405092113700e-02
17.1	   6.963990458067e-01  -3.600954193263e-03
17.2	   6.651578640508e-01  -3.484213594923e-02
17.3	   6.424433146974e-01  -5.755668530261e-02
17.4	   6.289107068007e-01  -7.108929319933e-02
17.5	   6.248720243079e-01  -7.512797569215e-02
17.6	   6.308802501157e-01  -6.911974988431e-02
17.7	   6.483342286737e-01  -5.166577132629e-02
17.8	   6.789300211917e-01  -2.106997880834e-02
17.9	   7.226315540688e-01   2.263155406878e-02
18	   7.709597778362e-01   7.095977783617e-02
18.1	   8.040192124931e-01   1.040192124931e-01
18.2	   8.073789412501e-01   1.073789412501e-01
18.3	   7.844151763164e-01   8.441517631641e-02
18.4	   7.476538583818e-01   4.765385838176e-02
18.5	   7.089703274007e-01   8.970327400712e-03
18.6	   6.750935739509e-01  -2.490642604909e-02
18.7	   6.491167403848e-01  -5.088325961523e-02
18.8	   6.322387809057e-01  -6.776121909431e-02
18.9	   6.248376494625e-01  -7.516235053746e-02
19	   6.274394128931e-01  -7.256058710690e-02
19.1	   6.410415219128e-01  -5.895847808716e-02
19.2	   6.672374000145e-01  -3.276259998549e-02
19.3	   7.070332473273e-01   7.033247327312e-03
19.4	   7.555827608160e-01   5.558276081603e-02
19.5	   7.957815925390e-01   9.578159253902e-02
19.6	   8.093643253406e-01   1.093643253406e-01
19.7	   7.942124287568e-01   9.421242875679e-02
19.8	   7.608387941684e-01   6.083879416839e-02
19.9	   7.218877870249e-01   2.188778702493e-02
20	   6.859335478484e-01  -1.406645215156e-02
20.1	   6.569700550350e-01  -4.302994496499e-02
20.2	   6.368234433907e-01  -6.317655660930e-02
20.3	   6.260761741396e-01  -7.392382586044e-02
20.4	   6.252922568202e-01  -7.470774317977e-02
20.5	   6.351417017602e-01  -6.485829823984e-02
20.6	   6.571829166726e-01  -4.281708332740e-02
20.7	   6.928100783504e-01  -7.189921649552e-03
20.8	   7.398520095345e-01   3.985200953454e-02
20.9	   7.850515566866e-01   8.505155668665e-02
21	   8.082576162680e-01   1.082576162680e-01
21.1	   8.017177512323e-01   1.017177512323e-01
21.2	   7.729861644764e-01   7.298616447640e-02
21.3	   7.348327106539e-01   3.483271065389e-02
21.4	   6.972751323630e-01  -2.724867637017e-03
21.5	   6.656684449307e-01  -3.433155506932e-02
21.6	   6.423655112242e-01  -5.763448877577e-02
21.7	   6.284002178193e-01  -7.159978218067e-02
21.8	   6.242882748828e-01  -7.571172511720e-02
21.9	   6.306319676047e-01  -6.936803239526e-02
22	   6.486569281173e-01  -5.134307188275e-02
22.1	   6.799025514789e-01  -2.009744852114e-02
22.2	   7.241366852779e-01   2.413668527793e-02
22.3	   7.720610611141e-01   7.206106111409e-02
22.4	   8.039501046946e-01   1.039501046946e-01
22.5	   8.067249296928e-01   1.067249296928e-01
22.6	   7.839830592093e-01   8.398305920932e-02
22.7	   7.476707129767e-01   4.767071297666e-02
22.8	   7.092117364153e-01   9.211736415278e-03
22.9	   6.752495805613e-01  -2.475041943871e-02
23	   6.490023475761e-01  -5.099765242392e-02
23.1	   6.318954849692e-01  -6.810451503077e-02
23.2	   6.245068383087e-01  -7.549316169133e-02
23.3	   6.274542025960e-01  -7.254579740399e-02
23.4	   6.415752000548e-01  -5.842479994523e-02
23.5	   6.685607860064e-01  -3.143921399359e-02
23.6	   7.092622143229e-01   9.262214322905e-03
23.7	   7.579153015494e-01   5.791530154944e-02
23.8	   7.969119378560e-01   9.691193785603e-02
23.9	   8.091255230152e-01   1.091255230152e-01
24	   7.934024572184e-01   9.340245721842e-02
24.1	   7.600972377450e-01   6.009723774496e-02
24.2	   7.213873575297e-01   2.138735752971e-02
24.3	   6.855271097006e-01  -1.447289029940e-02
24.4	   6.564903182614e-01  -4.350968173858e-02
24.5	   6.362776067063e-01  -6.372239329371e-02
24.6	   6.256411565744e-01  -7.435884342560e-02
24.7	   6.252594167396e-01  -7.474058326041e-02
24.8	   6.357864465020e-01  -6.421355349797e-02
24.9	   6.587781610587e-01  -4.122183894127e-02
25	   6.956731412990e-01  -4.326858700982e-03
25.1	   7.433633186197e-01   4.336331861975e-02
25.2	   7.875864483742e-01   8.758644837425e-02
25.3	   8.089562561322e-01   1.089562561322e-01
25.4	   8.011318699129e-01   1.011318699129e-01
25.5	   7.719597224003e-01   7.195972240028e-02
25.6	   7.338539372543e-01   3.385393725425e-02
25.7	   6.964296615377e-01  -3.570338462304e-03
25.8	   6.648957957567e-01  -3.510420424330e-02
25.9	   6.416769050407e-01  -5.832309495931e-02
26	   6.279247590547e-01  -7.207524094532e-02
26.1	   6.242435325606e-01  -7.575646743937e-02
26.2	   6.312814061016e-01  -6.871859389840e-02
26.3	   6.503133649799e-01  -4.968663502012e-02
26.4	   6.830830031206e-01  -1.691699687941e-02
26.5	   7.285663840193e-01   2.856638401927e-02
26.6	   7.760535302673e-01   7.605353026728e-02
26.7	   8.057547466330e-01   1.057547466330e-01
26.8	   8.064699329748e-01   1.064699329748e-01
26.9	   7.826349307992e-01   8.263493079920e-02
27	   7.461060749858e-01   4.610607498578e-02
27.1	   7.078074164245e-01   7.807416424494e-03
27.2	   6.740586685460e-01  -2.594133145400e-02
27.3	   6.480237781824e-01  -5.197622181760e-02
27.4	   6.311917440793e-01  -6.880825592073e-02
27.5	   6.242525621090e-01  -7.574743789105e-02
27.6	   6.278540744113e-01  -7.214592558869e-02
27.7	   6.428756752096e-01  -5.712432479036e-02
27.8	   6.711740165454e-01  -2.882598345460e-02
27.9	   7.130432046642e-01   1.304320466423e-02
28	   7.616960148250e-01   6.169601482501e-02
