                 0.1	(   5.750000000000e+00   3.500000000000e+00  7.000437367841e-01) 
0.2	(   5.750000000000e+00   3.500000000000e+00  7.001131171955e-01) 
0.3	(   5.750000000000e+00   3.500000000000e+00  7.002157751733e-01) 
0.4	(   5.750000000000e+00   3.500000000000e+00  7.003538658455e-01) 
0.5	(   5.750000000000e+00   3.500000000000e+00  7.005108320923e-01) 
0.6	(   5.750000000000e+00   3.500000000000e+00  7.006612003653e-01) 
0.7	(   5.750000000000e+00   3.500000000000e+00  7.007883432371e-01) 
0.8	(   5.750000000000e+00   3.500000000000e+00  7.008880303144e-01) 
0.9	(   5.750000000000e+00   3.500000000000e+00  7.009470868625e-01) 
1	(   5.750000000000e+00   3.500000000000e+00  7.009180537652e-01) 
1.1	(   5.750000000000e+00   3.500000000000e+00  7.007102482480e-01) 
1.2	(   5.750000000000e+00   3.500000000000e+00  7.002137589489e-01) 
1.3	(   5.750000000000e+00   3.500000000000e+00  6.993505162054e-01) 
1.4	(   5.750000000000e+00   3.500000000000e+00  6.981109647131e-01) 
1.5	(   5.750000000000e+00   3.500000000000e+00  6.966010439406e-01) 
1.6	(   5.750000000000e+00   3.500000000000e+00  6.950418346649e-01) 
1.7	(   5.750000000000e+00   3.500000000000e+00  6.937921914093e-01) 
1.8	(   5.750000000000e+00   3.500000000000e+00  6.932783266087e-01) 
1.9	(   5.750000000000e+00   3.500000000000e+00  6.939506914718e-01) 
2	(   5.750000000000e+00   3.500000000000e+00  6.961475590666e-01) 
2.1	(   5.750000000000e+00   3.500000000000e+00  6.999178223060e-01) 
2.2	(   5.750000000000e+00   3.500000000000e+00  7.048896670701e-01) 
2.3	(   5.750000000000e+00   3.500000000000e+00  7.102369326889e-01) 
2.4	(   5.750000000000e+00   3.500000000000e+00  7.147054140088e-01) 
2.5	(   5.750000000000e+00   3.500000000000e+00  7.168862727062e-01) 
2.6	(   5.750000000000e+00   3.500000000000e+00  7.156985937341e-01) 
2.7	(   5.750000000000e+00   3.500000000000e+00  7.109037000943e-01) 
2.8	(   5.750000000000e+00   3.500000000000e+00  7.032709365970e-01) 
2.9	(   5.750000000000e+00   3.500000000000e+00  6.942765551820e-01) 
3	(   5.750000000000e+00   3.500000000000e+00  6.857167028721e-01) 
3.1	(   5.750000000000e+00   3.500000000000e+00  6.792565222276e-01) 
3.2	(   5.750000000000e+00   3.500000000000e+00  6.762460825984e-01) 
3.3	(   5.750000000000e+00   3.500000000000e+00  6.775631966602e-01) 
3.4	(   5.750000000000e+00   3.500000000000e+00  6.836041580691e-01) 
3.5	(   5.750000000000e+00   3.500000000000e+00  6.941235789086e-01) 
3.6	(   5.750000000000e+00   3.500000000000e+00  7.078001170583e-01) 
3.7	(   5.750000000000e+00   3.500000000000e+00  7.222660192407e-01) 
3.8	(   5.750000000000e+00   3.500000000000e+00  7.338926294429e-01) 
3.9	(   5.750000000000e+00   3.500000000000e+00  7.390682748302e-01) 
4	(   5.750000000000e+00   3.500000000000e+00  7.357134230872e-01) 
4.1	(   5.750000000000e+00   3.500000000000e+00  7.245728633195e-01) 
4.2	(   5.750000000000e+00   3.500000000000e+00  7.086699286055e-01) 
4.3	(   5.750000000000e+00   3.500000000000e+00  6.916152122696e-01) 
4.4	(   5.750000000000e+00   3.500000000000e+00  6.765143093136e-01) 
4.5	(   5.750000000000e+00   3.500000000000e+00  6.655788749933e-01) 
4.6	(   5.750000000000e+00   3.500000000000e+00  6.602825902700e-01) 
4.7	(   5.750000000000e+00   3.500000000000e+00  6.614699585294e-01) 
4.8	(   5.750000000000e+00   3.500000000000e+00  6.696352874392e-01) 
4.9	(   5.750000000000e+00   3.500000000000e+00  6.847362557330e-01) 
5	(   5.750000000000e+00   3.500000000000e+00  7.058498391885e-01) 
5.1	(   5.750000000000e+00   3.500000000000e+00  7.299619361120e-01) 
5.2	(   5.750000000000e+00   3.500000000000e+00  7.512418598790e-01) 
5.3	(   5.750000000000e+00   3.500000000000e+00  7.619782959445e-01) 
5.4	(   5.750000000000e+00   3.500000000000e+00  7.577423587808e-01) 
5.5	(   5.750000000000e+00   3.500000000000e+00  7.403835656640e-01) 
5.6	(   5.750000000000e+00   3.500000000000e+00  7.160986272191e-01) 
5.7	(   5.750000000000e+00   3.500000000000e+00  6.911196884433e-01) 
5.8	(   5.750000000000e+00   3.500000000000e+00  6.697574435913e-01) 
5.9	(   5.750000000000e+00   3.500000000000e+00  6.544752013759e-01) 
6	(   5.750000000000e+00   3.500000000000e+00  6.464957768421e-01) 
6.1	(   5.750000000000e+00   3.500000000000e+00  6.465353122365e-01) 
6.2	(   5.750000000000e+00   3.500000000000e+00  6.551289168326e-01) 
6.3	(   5.750000000000e+00   3.500000000000e+00  6.727688695989e-01) 
6.4	(   5.750000000000e+00   3.500000000000e+00  6.993297233074e-01) 
6.5	(   5.750000000000e+00   3.500000000000e+00  7.326110479102e-01) 
6.6	(   5.750000000000e+00   3.500000000000e+00  7.655615481696e-01) 
6.7	(   5.750000000000e+00   3.500000000000e+00  7.849135412281e-01) 
6.8	(   5.750000000000e+00   3.500000000000e+00  7.813117084726e-01) 
6.9	(   5.750000000000e+00   3.500000000000e+00  7.579853732651e-01) 
7	(   5.750000000000e+00   3.500000000000e+00  7.254799561608e-01) 
7.1	(   5.750000000000e+00   3.500000000000e+00  6.930402430004e-01) 
7.2	(   5.750000000000e+00   3.500000000000e+00  6.659510186918e-01) 
7.3	(   5.750000000000e+00   3.500000000000e+00  6.466219408790e-01) 
7.4	(   5.750000000000e+00   3.500000000000e+00  6.359904607379e-01) 
7.5	(   5.750000000000e+00   3.500000000000e+00  6.343402311138e-01) 
7.6	(   5.750000000000e+00   3.500000000000e+00  6.422727333684e-01) 
7.7	(   5.750000000000e+00   3.500000000000e+00  6.606765062596e-01) 
7.8	(   5.750000000000e+00   3.500000000000e+00  6.907384174231e-01) 
7.9	(   5.750000000000e+00   3.500000000000e+00  7.320557880869e-01) 
8	(   5.750000000000e+00   3.500000000000e+00  7.775788101942e-01) 
8.1	(   5.750000000000e+00   3.500000000000e+00  8.073647926994e-01) 
8.2	(   5.750000000000e+00   3.500000000000e+00  8.048255168799e-01) 
8.3	(   5.750000000000e+00   3.500000000000e+00  7.753263114701e-01) 
8.4	(   5.750000000000e+00   3.500000000000e+00  7.348116806627e-01) 
8.5	(   5.750000000000e+00   3.500000000000e+00  6.954699200212e-01) 
8.6	(   5.750000000000e+00   3.500000000000e+00  6.633658654863e-01) 
8.7	(   5.750000000000e+00   3.500000000000e+00  6.405555376007e-01) 
8.8	(   5.750000000000e+00   3.500000000000e+00  6.273516668049e-01) 
8.9	(   5.750000000000e+00   3.500000000000e+00  6.236596567555e-01) 
9	(   5.750000000000e+00   3.500000000000e+00  6.297403096912e-01) 
9.1	(   5.750000000000e+00   3.500000000000e+00  6.466356735327e-01) 
9.2	(   5.750000000000e+00   3.500000000000e+00  6.761670141157e-01) 
9.3	(   5.750000000000e+00   3.500000000000e+00  7.198409524240e-01) 
9.4	(   5.750000000000e+00   3.500000000000e+00  7.730875551974e-01) 
9.5	(   5.750000000000e+00   3.500000000000e+00  8.137711619943e-01) 
9.6	(   5.750000000000e+00   3.500000000000e+00  8.177431566316e-01) 
9.7	(   5.750000000000e+00   3.500000000000e+00  7.886071529886e-01) 
9.8	(   5.750000000000e+00   3.500000000000e+00  7.453742064394e-01) 
9.9	(   5.750000000000e+00   3.500000000000e+00  7.029098124714e-01) 
10	(   5.750000000000e+00   3.500000000000e+00  6.682030795227e-01) 
10.1	(   5.750000000000e+00   3.500000000000e+00  6.434392308415e-01) 
10.2	(   5.750000000000e+00   3.500000000000e+00  6.286575834220e-01) 
10.3	(   5.750000000000e+00   3.500000000000e+00  6.233393238301e-01) 
10.4	(   5.750000000000e+00   3.500000000000e+00  6.273523032955e-01) 
10.5	(   5.750000000000e+00   3.500000000000e+00  6.413260385360e-01) 
10.6	(   5.750000000000e+00   3.500000000000e+00  6.669061149124e-01) 
10.7	(   5.750000000000e+00   3.500000000000e+00  7.058077074874e-01) 
10.8	(   5.750000000000e+00   3.500000000000e+00  7.555907527021e-01) 
10.9	(   5.750000000000e+00   3.500000000000e+00  8.000516614549e-01) 
11	(   5.750000000000e+00   3.500000000000e+00  8.147695923240e-01) 
11.1	(   5.750000000000e+00   3.500000000000e+00  7.956511103932e-01) 
11.2	(   5.750000000000e+00   3.500000000000e+00  7.573447213032e-01) 
11.3	(   5.750000000000e+00   3.500000000000e+00  7.155869481909e-01) 
11.4	(   5.750000000000e+00   3.500000000000e+00  6.793386041259e-01) 
11.5	(   5.750000000000e+00   3.500000000000e+00  6.520783581604e-01) 
11.6	(   5.750000000000e+00   3.500000000000e+00  6.344841147077e-01) 
11.7	(   5.750000000000e+00   3.500000000000e+00  6.260670396176e-01) 
11.8	(   5.750000000000e+00   3.500000000000e+00  6.266887258705e-01) 
11.9	(   5.750000000000e+00   3.500000000000e+00  6.367618541251e-01) 
12	(   5.750000000000e+00   3.500000000000e+00  6.576322729950e-01) 
12.1	(   5.750000000000e+00   3.500000000000e+00  6.913073757683e-01) 
12.2	(   5.750000000000e+00   3.500000000000e+00  7.373335230010e-01) 
12.3	(   5.750000000000e+00   3.500000000000e+00  7.847641965797e-01) 
12.4	(   5.750000000000e+00   3.500000000000e+00  8.103910847395e-01) 
12.5	(   5.750000000000e+00   3.500000000000e+00  8.026305537979e-01) 
12.6	(   5.750000000000e+00   3.500000000000e+00  7.707110881643e-01) 
12.7	(   5.750000000000e+00   3.500000000000e+00  7.302319065246e-01) 
12.8	(   5.750000000000e+00   3.500000000000e+00  6.922815682744e-01) 
12.9	(   5.750000000000e+00   3.500000000000e+00  6.619546781532e-01) 
13	(   5.750000000000e+00   3.500000000000e+00  6.407708875739e-01) 
13.1	(   5.750000000000e+00   3.500000000000e+00  6.287589238169e-01) 
13.2	(   5.750000000000e+00   3.500000000000e+00  6.257756213938e-01) 
13.3	(   5.750000000000e+00   3.500000000000e+00  6.321784600278e-01) 
13.4	(   5.750000000000e+00   3.500000000000e+00  6.490277593668e-01) 
13.5	(   5.750000000000e+00   3.500000000000e+00  6.781725327739e-01) 
13.6	(   5.750000000000e+00   3.500000000000e+00  7.205523062706e-01) 
13.7	(   5.750000000000e+00   3.500000000000e+00  7.692676715136e-01) 
13.8	(   5.750000000000e+00   3.500000000000e+00  8.040830483827e-01) 
13.9	(   5.750000000000e+00   3.500000000000e+00  8.077158575263e-01) 
14	(   5.750000000000e+00   3.500000000000e+00  7.834232735857e-01) 
14.1	(   5.750000000000e+00   3.500000000000e+00  7.453414853723e-01) 
14.2	(   5.750000000000e+00   3.500000000000e+00  7.061877533145e-01) 
14.3	(   5.750000000000e+00   3.500000000000e+00  6.728376686865e-01) 
14.4	(   5.750000000000e+00   3.500000000000e+00  6.480121329887e-01) 
14.5	(   5.750000000000e+00   3.500000000000e+00  6.323354124397e-01) 
14.6	(   5.750000000000e+00   3.500000000000e+00  6.257560292349e-01) 
14.7	(   5.750000000000e+00   3.500000000000e+00  6.286056949073e-01) 
14.8	(   5.750000000000e+00   3.500000000000e+00  6.417861219269e-01) 
14.9	(   5.750000000000e+00   3.500000000000e+00  6.673214123014e-01) 
15	(   5.750000000000e+00   3.500000000000e+00  7.064309735947e-01) 
15.1	(   5.750000000000e+00   3.500000000000e+00  7.550495009949e-01) 
15.2	(   5.750000000000e+00   3.500000000000e+00  7.963294221957e-01) 
15.3	(   5.750000000000e+00   3.500000000000e+00  8.102490495618e-01) 
15.4	(   5.750000000000e+00   3.500000000000e+00  7.941282952440e-01) 
15.5	(   5.750000000000e+00   3.500000000000e+00  7.595376819863e-01) 
15.6	(   5.750000000000e+00   3.500000000000e+00  7.200198862189e-01) 
15.7	(   5.750000000000e+00   3.500000000000e+00  6.842660282623e-01) 
15.8	(   5.750000000000e+00   3.500000000000e+00  6.560733968305e-01) 
15.9	(   5.750000000000e+00   3.500000000000e+00  6.368556009163e-01) 
16	(   5.750000000000e+00   3.500000000000e+00  6.267763629834e-01) 
16.1	(   5.750000000000e+00   3.500000000000e+00  6.261992413825e-01) 
16.2	(   5.750000000000e+00   3.500000000000e+00  6.357968122636e-01) 
16.3	(   5.750000000000e+00   3.500000000000e+00  6.573117450039e-01) 
16.4	(   5.750000000000e+00   3.500000000000e+00  6.922182283985e-01) 
16.5	(   5.750000000000e+00   3.500000000000e+00  7.388689061599e-01) 
16.6	(   5.750000000000e+00   3.500000000000e+00  7.847843692143e-01) 
16.7	(   5.750000000000e+00   3.500000000000e+00  8.088913946777e-01) 
16.8	(   5.750000000000e+00   3.500000000000e+00  8.022482508251e-01) 
16.9	(   5.750000000000e+00   3.500000000000e+00  7.727903774520e-01) 
17	(   5.750000000000e+00   3.500000000000e+00  7.340509211370e-01) 
17.1	(   5.750000000000e+00   3.500000000000e+00  6.963990458067e-01) 
17.2	(   5.750000000000e+00   3.500000000000e+00  6.651578640508e-01) 
17.3	(   5.750000000000e+00   3.500000000000e+00  6.424433146974e-01) 
17.4	(   5.750000000000e+00   3.500000000000e+00  6.289107068007e-01) 
17.5	(   5.750000000000e+00   3.500000000000e+00  6.248720243079e-01) 
17.6	(   5.750000000000e+00   3.500000000000e+00  6.308802501157e-01) 
17.7	(   5.750000000000e+00   3.500000000000e+00  6.483342286737e-01) 
17.8	(   5.750000000000e+00   3.500000000000e+00  6.789300211917e-01) 
17.9	(   5.750000000000e+00   3.500000000000e+00  7.226315540688e-01) 
18	(   5.750000000000e+00   3.500000000000e+00  7.709597778362e-01) 
18.1	(   5.750000000000e+00   3.500000000000e+00  8.040192124931e-01) 
18.2	(   5.750000000000e+00   3.500000000000e+00  8.073789412501e-01) 
18.3	(   5.750000000000e+00   3.500000000000e+00  7.844151763164e-01) 
18.4	(   5.750000000000e+00   3.500000000000e+00  7.476538583818e-01) 
18.5	(   5.750000000000e+00   3.500000000000e+00  7.089703274007e-01) 
18.6	(   5.750000000000e+00   3.500000000000e+00  6.750935739509e-01) 
18.7	(   5.750000000000e+00   3.500000000000e+00  6.491167403848e-01) 
18.8	(   5.750000000000e+00   3.500000000000e+00  6.322387809057e-01) 
18.9	(   5.750000000000e+00   3.500000000000e+00  6.248376494625e-01) 
19	(   5.750000000000e+00   3.500000000000e+00  6.274394128931e-01) 
19.1	(   5.750000000000e+00   3.500000000000e+00  6.410415219128e-01) 
19.2	(   5.750000000000e+00   3.500000000000e+00  6.672374000145e-01) 
19.3	(   5.750000000000e+00   3.500000000000e+00  7.070332473273e-01) 
19.4	(   5.750000000000e+00   3.500000000000e+00  7.555827608160e-01) 
19.5	(   5.750000000000e+00   3.500000000000e+00  7.957815925390e-01) 
19.6	(   5.750000000000e+00   3.500000000000e+00  8.093643253406e-01) 
19.7	(   5.750000000000e+00   3.500000000000e+00  7.942124287568e-01) 
19.8	(   5.750000000000e+00   3.500000000000e+00  7.608387941684e-01) 
19.9	(   5.750000000000e+00   3.500000000000e+00  7.218877870249e-01) 
20	(   5.750000000000e+00   3.500000000000e+00  6.859335478484e-01) 
20.1	(   5.750000000000e+00   3.500000000000e+00  6.569700550350e-01) 
20.2	(   5.750000000000e+00   3.500000000000e+00  6.368234433907e-01) 
20.3	(   5.750000000000e+00   3.500000000000e+00  6.260761741396e-01) 
20.4	(   5.750000000000e+00   3.500000000000e+00  6.252922568202e-01) 
20.5	(   5.750000000000e+00   3.500000000000e+00  6.351417017602e-01) 
20.6	(   5.750000000000e+00   3.500000000000e+00  6.571829166726e-01) 
20.7	(   5.750000000000e+00   3.500000000000e+00  6.928100783504e-01) 
20.8	(   5.750000000000e+00   3.500000000000e+00  7.398520095345e-01) 
20.9	(   5.750000000000e+00   3.500000000000e+00  7.850515566866e-01) 
21	(   5.750000000000e+00   3.500000000000e+00  8.082576162680e-01) 
21.1	(   5.750000000000e+00   3.500000000000e+00  8.017177512323e-01) 
21.2	(   5.750000000000e+00   3.500000000000e+00  7.729861644764e-01) 
21.3	(   5.750000000000e+00   3.500000000000e+00  7.348327106539e-01) 
21.4	(   5.750000000000e+00   3.500000000000e+00  6.972751323630e-01) 
21.5	(   5.750000000000e+00   3.500000000000e+00  6.656684449307e-01) 
21.6	(   5.750000000000e+00   3.500000000000e+00  6.423655112242e-01) 
21.7	(   5.750000000000e+00   3.500000000000e+00  6.284002178193e-01) 
21.8	(   5.750000000000e+00   3.500000000000e+00  6.242882748828e-01) 
21.9	(   5.750000000000e+00   3.500000000000e+00  6.306319676047e-01) 
22	(   5.750000000000e+00   3.500000000000e+00  6.486569281173e-01) 
22.1	(   5.750000000000e+00   3.500000000000e+00  6.799025514789e-01) 
22.2	(   5.750000000000e+00   3.500000000000e+00  7.241366852779e-01) 
22.3	(   5.750000000000e+00   3.500000000000e+00  7.720610611141e-01) 
22.4	(   5.750000000000e+00   3.500000000000e+00  8.039501046946e-01) 
22.5	(   5.750000000000e+00   3.500000000000e+00  8.067249296928e-01) 
22.6	(   5.750000000000e+00   3.500000000000e+00  7.839830592093e-01) 
22.7	(   5.750000000000e+00   3.500000000000e+00  7.476707129767e-01) 
22.8	(   5.750000000000e+00   3.500000000000e+00  7.092117364153e-01) 
22.9	(   5.750000000000e+00   3.500000000000e+00  6.752495805613e-01) 
23	(   5.750000000000e+00   3.500000000000e+00  6.490023475761e-01) 
23.1	(   5.750000000000e+00   3.500000000000e+00  6.318954849692e-01) 
23.2	(   5.750000000000e+00   3.500000000000e+00  6.245068383087e-01) 
23.3	(   5.750000000000e+00   3.500000000000e+00  6.274542025960e-01) 
23.4	(   5.750000000000e+00   3.500000000000e+00  6.415752000548e-01) 
23.5	(   5.750000000000e+00   3.500000000000e+00  6.685607860064e-01) 
23.6	(   5.750000000000e+00   3.500000000000e+00  7.092622143229e-01) 
23.7	(   5.750000000000e+00   3.500000000000e+00  7.579153015494e-01) 
23.8	(   5.750000000000e+00   3.500000000000e+00  7.969119378560e-01) 
23.9	(   5.750000000000e+00   3.500000000000e+00  8.091255230152e-01) 
24	(   5.750000000000e+00   3.500000000000e+00  7.934024572184e-01) 
24.1	(   5.750000000000e+00   3.500000000000e+00  7.600972377450e-01) 
24.2	(   5.750000000000e+00   3.500000000000e+00  7.213873575297e-01) 
24.3	(   5.750000000000e+00   3.500000000000e+00  6.855271097006e-01) 
24.4	(   5.750000000000e+00   3.500000000000e+00  6.564903182614e-01) 
24.5	(   5.750000000000e+00   3.500000000000e+00  6.362776067063e-01) 
24.6	(   5.750000000000e+00   3.500000000000e+00  6.256411565744e-01) 
24.7	(   5.750000000000e+00   3.500000000000e+00  6.252594167396e-01) 
24.8	(   5.750000000000e+00   3.500000000000e+00  6.357864465020e-01) 
24.9	(   5.750000000000e+00   3.500000000000e+00  6.587781610587e-01) 
25	(   5.750000000000e+00   3.500000000000e+00  6.956731412990e-01) 
25.1	(   5.750000000000e+00   3.500000000000e+00  7.433633186197e-01) 
25.2	(   5.750000000000e+00   3.500000000000e+00  7.875864483742e-01) 
25.3	(   5.750000000000e+00   3.500000000000e+00  8.089562561322e-01) 
25.4	(   5.750000000000e+00   3.500000000000e+00  8.011318699129e-01) 
25.5	(   5.750000000000e+00   3.500000000000e+00  7.719597224003e-01) 
25.6	(   5.750000000000e+00   3.500000000000e+00  7.338539372543e-01) 
25.7	(   5.750000000000e+00   3.500000000000e+00  6.964296615377e-01) 
25.8	(   5.750000000000e+00   3.500000000000e+00  6.648957957567e-01) 
25.9	(   5.750000000000e+00   3.500000000000e+00  6.416769050407e-01) 
26	(   5.750000000000e+00   3.500000000000e+00  6.279247590547e-01) 
26.1	(   5.750000000000e+00   3.500000000000e+00  6.242435325606e-01) 
26.2	(   5.750000000000e+00   3.500000000000e+00  6.312814061016e-01) 
26.3	(   5.750000000000e+00   3.500000000000e+00  6.503133649799e-01) 
26.4	(   5.750000000000e+00   3.500000000000e+00  6.830830031206e-01) 
26.5	(   5.750000000000e+00   3.500000000000e+00  7.285663840193e-01) 
26.6	(   5.750000000000e+00   3.500000000000e+00  7.760535302673e-01) 
26.7	(   5.750000000000e+00   3.500000000000e+00  8.057547466330e-01) 
26.8	(   5.750000000000e+00   3.500000000000e+00  8.064699329748e-01) 
26.9	(   5.750000000000e+00   3.500000000000e+00  7.826349307992e-01) 
27	(   5.750000000000e+00   3.500000000000e+00  7.461060749858e-01) 
27.1	(   5.750000000000e+00   3.500000000000e+00  7.078074164245e-01) 
27.2	(   5.750000000000e+00   3.500000000000e+00  6.740586685460e-01) 
27.3	(   5.750000000000e+00   3.500000000000e+00  6.480237781824e-01) 
27.4	(   5.750000000000e+00   3.500000000000e+00  6.311917440793e-01) 
27.5	(   5.750000000000e+00   3.500000000000e+00  6.242525621090e-01) 
27.6	(   5.750000000000e+00   3.500000000000e+00  6.278540744113e-01) 
27.7	(   5.750000000000e+00   3.500000000000e+00  6.428756752096e-01) 
27.8	(   5.750000000000e+00   3.500000000000e+00  6.711740165454e-01) 
27.9	(   5.750000000000e+00   3.500000000000e+00  7.130432046642e-01) 
28	(   5.750000000000e+00   3.500000000000e+00  7.616960148250e-01) 
