# Motion State      
# Angle Units       : radians
# Time              	centreOfRotation	centreOfMass	rotation	velocity	omega
0.1                 	(5.750155384436e+00 2.374997252576e+00 5.954085976231e-01)	(5.750155384436e+00 2.374997252576e+00 5.954085976231e-01)	(9.959878956211e-05 1.513426515657e-03 -4.523272678159e-07)	(3.319950197076e-03 -4.975595944483e-05 -1.983970220431e-01)	(3.177023655674e-03 3.800827144313e-02 -2.089858128326e-05)
0.2                 	(5.750581222156e+00 2.374993344278e+00 5.812704806756e-01)	(5.750581222156e+00 2.374993344278e+00 5.812704806756e-01)	(6.082447978111e-04 6.786128930544e-03 -7.735669968808e-06)	(4.801797741824e-03 -2.392661800471e-05 -8.050852589469e-02)	(6.769383274344e-03 6.182965227855e-02 -1.066747923003e-04)
0.3                 	(5.751065028913e+00 2.374990249029e+00 5.794464330093e-01)	(5.751065028913e+00 2.374990249029e+00 5.794464330093e-01)	(1.404758540248e-03 1.271542168220e-02 -2.958922642061e-05)	(4.752032503858e-03 -6.345553828869e-05 4.179770120040e-02)	(8.895264338154e-03 5.132369850489e-02 -1.978999715421e-04)
0.4                 	(5.751516997820e+00 2.374975254043e+00 5.889511294443e-01)	(5.751516997820e+00 2.374975254043e+00 5.889511294443e-01)	(2.333460012962e-03 1.659477345639e-02 -5.569577450468e-05)	(4.223089403782e-03 -2.535085202184e-04 1.419799577840e-01)	(9.381648460438e-03 2.460110866484e-02 -1.769753060395e-04)
0.5                 	(5.751882396946e+00 2.374939165579e+00 6.059679520958e-01)	(5.751882396946e+00 2.374939165579e+00 6.059679520958e-01)	(3.228063491423e-03 1.720360064163e-02 -7.478657270375e-05)	(2.921453198705e-03 -4.569067973231e-04 1.874935723933e-01)	(8.278580099616e-03 -1.378185809006e-02 -2.013655745993e-04)
0.6                 	(5.752072640603e+00 2.374889005542e+00 6.242129731852e-01)	(5.752072640603e+00 2.374889005542e+00 6.242129731852e-01)	(3.954134718864e-03 1.381350715930e-02 -8.914089014922e-05)	(7.939967304135e-04 -5.106668469271e-04 1.670675828844e-01)	(6.104653275734e-03 -5.239432696489e-02 -3.394670753018e-04)
0.7                 	(5.752051855712e+00 2.374844200046e+00 6.378577935211e-01)	(5.752051855712e+00 2.374844200046e+00 6.378577935211e-01)	(4.426215982136e-03 7.601533000116e-03 -9.957970392884e-05)	(-9.792706365680e-04 -3.527577999673e-04 1.001570113660e-01)	(3.243800946755e-03 -6.627525589484e-02 -3.736908313521e-04)
0.8                 	(5.751932033411e+00 2.374824632999e+00 6.433558876990e-01)	(5.751932033411e+00 2.374824632999e+00 6.433558876990e-01)	(4.592580737944e-03 1.488137675169e-03 -1.068112523880e-04)	(-1.118215515036e-03 -1.464492319368e-05 7.350769461659e-03)	(7.442641577656e-05 -5.211101262748e-02 -3.104943915157e-04)
0.9                 	(5.751890959909e+00 2.374841692891e+00 6.393751758455e-01)	(5.751890959909e+00 2.374841692891e+00 6.393751758455e-01)	(4.451726021786e-03 -2.199781642036e-03 -1.137573199551e-04)	(4.954366279205e-04 3.366314957073e-04 -8.360433674671e-02)	(-2.778647291737e-03 -1.958224685267e-02 -1.584999119095e-04)
1                   	(5.752051195939e+00 2.374886767294e+00 6.279301127957e-01)	(5.752051195939e+00 2.374886767294e+00 6.279301127957e-01)	(4.063016643728e-03 -2.081695118094e-03 -1.218561061025e-04)	(2.659934194424e-03 5.340101160666e-04 -1.367758154741e-01)	(-4.847740402742e-03 2.262267120379e-02 4.479829146412e-06)
1.1                 	(5.752384078970e+00 2.374945162483e+00 6.137666011613e-01)	(5.752384078970e+00 2.374945162483e+00 6.137666011613e-01)	(3.511339542230e-03 2.022823540700e-03 -1.289787251034e-04)	(3.707891908817e-03 6.203496253726e-04 -1.384593608809e-01)	(-6.039526714850e-03 5.584950201804e-02 1.475050504394e-04)
1.2                 	(5.752737214089e+00 2.375007409915e+00 6.016117891583e-01)	(5.752737214089e+00 2.375007409915e+00 6.016117891583e-01)	(2.889188738402e-03 8.103429278933e-03 -1.333105867985e-04)	(3.148403778033e-03 6.041263524081e-04 -9.896683898267e-02)	(-6.219316073762e-03 6.045998610719e-02 1.313879412907e-04)
1.3                 	(5.752995693038e+00 2.375062944624e+00 5.948998254889e-01)	(5.752995693038e+00 2.375062944624e+00 5.948998254889e-01)	(2.300565638642e-03 1.329632171163e-02 -1.367911935241e-04)	(2.015959030107e-03 4.953980585022e-04 -3.197667609233e-02)	(-5.409761205038e-03 4.054616437064e-02 6.281949968201e-05)
1.4                 	(5.753156565775e+00 2.375105552242e+00 5.954489689662e-01)	(5.753156565775e+00 2.375105552242e+00 5.954489689662e-01)	(1.833757698517e-03 1.579922694157e-02 -1.396778294505e-04)	(1.296230122510e-03 3.609490409142e-04 4.162052050543e-02)	(-3.820056094904e-03 7.949309331457e-03 -3.128183024520e-06)
1.5                 	(5.753272964428e+00 2.375136681661e+00 6.025161480145e-01)	(5.753272964428e+00 2.375136681661e+00 6.025161480145e-01)	(1.550363311666e-03 1.473187303739e-02 -1.382768053429e-04)	(1.124283415184e-03 2.690509641064e-04 9.459118712788e-02)	(-1.808392594698e-03 -2.890987735622e-02 1.660156375193e-05)
1.6                 	(5.753402420148e+00 2.375160478338e+00 6.132204178691e-01)	(5.753402420148e+00 2.375160478338e+00 6.132204178691e-01)	(1.473375021413e-03 1.042468349050e-02 -1.264079746626e-04)	(1.582405981110e-03 2.088166499001e-04 1.136717421901e-01)	(2.569066844523e-04 -5.371164999914e-02 8.415325662242e-05)
1.7                 	(5.753611941799e+00 2.375179257025e+00 6.241038664782e-01)	(5.753611941799e+00 2.375179257025e+00 6.241038664782e-01)	(1.592837500320e-03 4.781001056685e-03 -1.089792193717e-04)	(2.714031293584e-03 1.723661652554e-04 9.829895967745e-02)	(2.065681083136e-03 -5.542170068102e-02 9.950931431563e-05)
1.8                 	(5.753959452639e+00 2.375195784922e+00 6.318475857606e-01)	(5.753959452639e+00 2.375195784922e+00 6.318475857606e-01)	(1.871157950057e-03 -8.807041919079e-05 -8.681089382564e-05)	(4.265258240683e-03 1.568406293035e-04 5.228269567093e-02)	(3.420770143697e-03 -3.979289518347e-02 1.854919860010e-04)
1.9                 	(5.754454658494e+00 2.375210342174e+00 6.340325416978e-01)	(5.754454658494e+00 2.375210342174e+00 6.340325416978e-01)	(2.259363228934e-03 -2.818234469651e-03 -5.857314343510e-05)	(5.502743567502e-03 1.368572912283e-04 -9.120786586545e-03)	(4.237688566453e-03 -1.341993877690e-02 2.655550351053e-04)
2                   	(5.755008091186e+00 2.375224783198e+00 6.303090976914e-01)	(5.755008091186e+00 2.375224783198e+00 6.303090976914e-01)	(2.694027256537e-03 -2.666512049901e-03 -3.020934905798e-05)	(5.180944229336e-03 1.614868480412e-04 -6.237783913472e-02)	(4.332972853152e-03 1.570848791639e-02 3.025919548336e-04)
2.1                 	(5.755397568084e+00 2.375244395538e+00 6.223394453197e-01)	(5.755397568084e+00 2.375244395538e+00 6.223394453197e-01)	(3.103065026774e-03 -8.246894941556e-05 -6.645054185773e-06)	(2.122824675158e-03 2.358655314192e-04 -9.254978784403e-02)	(3.746298699029e-03 3.307519049381e-02 3.128172246818e-04)
2.2                 	(5.755350187180e+00 2.375271855538e+00 6.127900505612e-01)	(5.755350187180e+00 2.375271855538e+00 6.127900505612e-01)	(3.426476427174e-03 3.374029053062e-03 1.013906179425e-05)	(-3.348131599758e-03 3.060155754414e-04 -9.318373057789e-02)	(2.655990955852e-03 3.377201916891e-02 2.220597530097e-04)
2.3                 	(5.754707305880e+00 2.375303546545e+00 6.046955390923e-01)	(5.754707305880e+00 2.375303546545e+00 6.046955390923e-01)	(3.624144427368e-03 6.377214589085e-03 1.288576048115e-05)	(-9.410753294257e-03 3.170197402401e-04 -6.447035308694e-02)	(1.261034599098e-03 2.547649044892e-02 5.322611644257e-05)
2.4                 	(5.753521935128e+00 2.375333561648e+00 6.004836529556e-01)	(5.753521935128e+00 2.375333561648e+00 6.004836529556e-01)	(3.675247336465e-03 8.378241349880e-03 3.570828392438e-06)	(-1.383712688192e-02 2.782200945571e-04 -1.826313795935e-02)	(-2.399046957749e-04 1.446298346316e-02 -8.446807483864e-05)
2.5                 	(5.752059110580e+00 2.375358388918e+00 6.010872339419e-01)	(5.752059110580e+00 2.375358388918e+00 6.010872339419e-01)	(3.581416791254e-03 9.350394361302e-03 -1.438314315870e-05)	(-1.471647458384e-02 2.189023225700e-04 2.948380241584e-02)	(-1.599175444530e-03 6.084793886193e-03 -2.073925090408e-04)
2.6                 	(5.750730247380e+00 2.375378565329e+00 6.060086385595e-01)	(5.750730247380e+00 2.375378565329e+00 6.060086385595e-01)	(3.366060267636e-03 9.892343094932e-03 -3.903222785785e-05)	(-1.112311891099e-02 1.965591606333e-04 6.623183424467e-02)	(-2.655932892395e-03 6.178863317447e-03 -2.268746844893e-04)
2.7                 	(5.749970395252e+00 2.375399766545e+00 6.136221117371e-01)	(5.749970395252e+00 2.375399766545e+00 6.136221117371e-01)	(3.065170433643e-03 1.075249285975e-02 -6.191617066118e-05)	(-3.523232393008e-03 2.349991193916e-04 8.187384321624e-02)	(-3.280821289862e-03 1.101130126854e-02 -1.800732639941e-04)
2.8                 	(5.750102389315e+00 2.375425831370e+00 6.215290111354e-01)	(5.750102389315e+00 2.375425831370e+00 6.215290111354e-01)	(2.729601653060e-03 1.194508956704e-02 -8.273582983323e-05)	(6.310522648441e-03 2.829208268709e-04 7.222222986224e-02)	(-3.335185729507e-03 1.150057876401e-02 -1.752372934332e-04)
2.9                 	(5.751211255294e+00 2.375455311351e+00 6.273948057789e-01)	(5.751211255294e+00 2.375455311351e+00 6.273948057789e-01)	(2.417547153045e-03 1.272650169362e-02 -1.013215920720e-04)	(1.546427266534e-02 3.018756545302e-04 4.255974283497e-02)	(-2.825992605520e-03 2.240929563503e-03 -1.403476049660e-04)
3                   	(5.753056539198e+00 2.375485547397e+00 6.297031425671e-01)	(5.753056539198e+00 2.375485547397e+00 6.297031425671e-01)	(2.179691611998e-03 1.198864363522e-02 -1.088715441469e-04)	(2.058996202198e-02 3.025961643491e-04 2.828203666489e-03)	(-1.875741717676e-03 -1.876518888777e-02 -3.385288355808e-05)
3.1                 	(5.755123255032e+00 2.375515632192e+00 6.279965549029e-01)	(5.755123255032e+00 2.375515632192e+00 6.279965549029e-01)	(2.051273968164e-03 8.723150329578e-03 -9.927333273835e-05)	(1.967228591766e-02 2.980836370697e-04 -3.583345800870e-02)	(-6.615911560605e-04 -4.675053598991e-02 8.114771557609e-05)
3.2                 	(5.756781744844e+00 2.375544268524e+00 6.229507668632e-01)	(5.756781744844e+00 2.375544268524e+00 6.229507668632e-01)	(2.050179651552e-03 2.881396289746e-03 -7.761386117166e-05)	(1.255104172778e-02 2.657136099432e-04 -6.226198514812e-02)	(6.474448331625e-04 -6.744666279075e-02 9.762488804126e-05)
3.3                 	(5.757482377103e+00 2.375567248657e+00 6.161924027455e-01)	(5.757482377103e+00 2.375567248657e+00 6.161924027455e-01)	(2.177730053450e-03 -4.008547382844e-03 -5.277642342859e-05)	(9.457498973258e-04 1.895619183578e-04 -6.953381158295e-02)	(1.867742259369e-03 -6.578087047777e-02 1.100933875890e-04)
3.4                 	(5.756923335740e+00 2.375582148493e+00 6.096706424776e-01)	(5.756923335740e+00 2.375582148493e+00 6.096706424776e-01)	(2.413450810829e-03 -9.326587794691e-03 -2.678370305959e-05)	(-1.202320675965e-02 1.134770149579e-04 -5.809443630572e-02)	(2.769934431511e-03 -3.592891611061e-02 1.801172440628e-04)
3.5                 	(5.755161313058e+00 2.375591469418e+00 6.050504004755e-01)	(5.755161313058e+00 2.375591469418e+00 6.050504004755e-01)	(2.714895912960e-03 -1.039506843921e-02 -1.712068180664e-06)	(-2.242021273466e-02 7.980058124489e-05 -3.237694934828e-02)	(3.159390177460e-03 1.765276432608e-02 2.656415589566e-04)
3.6                 	(5.752647138023e+00 2.375598948588e+00 6.034480876234e-01)	(5.752647138023e+00 2.375598948588e+00 6.034480876234e-01)	(3.027119946912e-03 -5.509286042318e-03 1.162843629577e-05)	(-2.656344158275e-02 7.215519628922e-05 8.266461126105e-04)	(2.991166183854e-03 7.953808624239e-02 2.619469102656e-04)
3.7                 	(5.750131560954e+00 2.375605866307e+00 6.051597769936e-01)	(5.750131560954e+00 2.375605866307e+00 6.051597769936e-01)	(3.296921058609e-03 4.972453300868e-03 -7.466805281559e-07)	(-2.232212728529e-02 6.416825572626e-05 3.237424703684e-02)	(2.335318214691e-03 1.252612954188e-01 1.492671547804e-04)
3.8                 	(5.748440175516e+00 2.375611374101e+00 6.096056746374e-01)	(5.748440175516e+00 2.375611374101e+00 6.096056746374e-01)	(3.483794979456e-03 1.823733486404e-02 -3.624194368321e-05)	(-1.047505311203e-02 4.598327629372e-05 5.450478335100e-02)	(1.353084335966e-03 1.321624918298e-01 4.608652171532e-05)
3.9                 	(5.748175368216e+00 2.375615570833e+00 6.155967721229e-01)	(5.748175368216e+00 2.375615570833e+00 6.155967721229e-01)	(3.563454389621e-03 2.972961809528e-02 -7.642443105848e-05)	(5.473509022433e-03 4.373669270842e-05 6.282635118761e-02)	(2.052874841458e-04 8.949261022926e-02 -4.205873971637e-05)
4                   	(5.749506322002e+00 2.375621454884e+00 6.216559794080e-01)	(5.749506322002e+00 2.375621454884e+00 6.216559794080e-01)	(3.526701768761e-03 3.470147164097e-02 -1.041172787025e-04)	(2.061039570188e-02 7.965726245204e-05 5.587223631618e-02)	(-9.427063250880e-04 4.611208468020e-03 -1.607779565898e-04)
4.1                 	(5.752110479343e+00 2.375631991642e+00 6.263153480957e-01)	(5.752110479343e+00 2.375631991642e+00 6.263153480957e-01)	(3.382648073230e-03 3.008081951965e-02 -1.099036115583e-04)	(3.023150216045e-02 1.300584513492e-04 3.540690992758e-02)	(-1.892553599708e-03 -9.691544989109e-02 -2.648845923366e-04)
4.2                 	(5.755259031679e+00 2.375646747658e+00 6.284484686047e-01)	(5.755259031679e+00 2.375646747658e+00 6.284484686047e-01)	(3.160502897515e-03 1.601664329970e-02 -9.321253506064e-05)	(3.117880554574e-02 1.593201915223e-04 6.306921144996e-03)	(-2.472044657599e-03 -1.778659990932e-01 -3.055074425976e-04)
4.3                 	(5.758041048590e+00 2.375662719112e+00 6.275186059694e-01)	(5.758041048590e+00 2.375662719112e+00 6.275186059694e-01)	(2.903303979230e-03 -3.607289682755e-03 -6.214429799011e-05)	(2.303632175559e-02 1.559925888118e-04 -2.462706147870e-02)	(-2.591196790741e-03 -2.034027877014e-01 -2.455985407986e-04)
4.4                 	(5.759626500652e+00 2.375677590523e+00 6.236844956641e-01)	(5.759626500652e+00 2.375677590523e+00 6.236844956641e-01)	(2.657373751855e-03 -2.225262815437e-02 -2.819783236608e-05)	(7.778632600734e-03 1.409383078194e-04 -5.069893420527e-02)	(-2.266898577095e-03 -1.576316720446e-01 -1.025382888898e-04)
4.5                 	(5.759508959726e+00 2.375691024973e+00 6.177613927805e-01)	(5.759508959726e+00 2.375691024973e+00 6.177613927805e-01)	(2.463524425247e-03 -3.302943508751e-02 -1.526156906338e-06)	(-1.008962386653e-02 1.282783924708e-04 -6.535851044209e-02)	(-1.573160363301e-03 -4.968616122650e-02 8.775799549043e-05)
4.6                 	(5.757698636868e+00 2.375703324506e+00 6.111371252286e-01)	(5.757698636868e+00 2.375703324506e+00 6.111371252286e-01)	(2.351689689222e-03 -3.121944318384e-02 1.276378032637e-05)	(-2.522759435939e-02 1.176856003766e-04 -6.432526431967e-02)	(-6.488801667757e-04 8.688261011266e-02 2.735751572574e-04)
4.7                 	(5.754709624530e+00 2.375714122851e+00 6.054534132396e-01)	(5.754709624530e+00 2.375714122851e+00 6.054534132396e-01)	(2.336853886124e-03 -1.628108826589e-02 1.074798289365e-05)	(-3.303834880165e-02 9.457405124990e-05 -4.671908501086e-02)	(3.534995253327e-04 2.046564502801e-01 3.650966146358e-04)
4.8                 	(5.751431903183e+00 2.375721662586e+00 6.022671684583e-01)	(5.751431903183e+00 2.375721662586e+00 6.022671684583e-01)	(2.419167393543e-03 7.583550939403e-03 -9.363180670714e-06)	(-3.078299933206e-02 5.564227141728e-05 -1.516743076827e-02)	(1.259594915902e-03 2.591932725276e-01 3.445805031650e-04)
4.9                 	(5.748889930440e+00 2.375725116780e+00 6.026543176251e-01)	(5.748889930440e+00 2.375725116780e+00 6.026543176251e-01)	(2.580147814083e-03 3.255918114746e-02 -4.285287973862e-05)	(-1.853979560957e-02 1.269208898956e-05 2.333592925658e-02)	(1.892060134048e-03 2.249529820113e-01 2.119223241978e-04)
5                   	(5.747971312698e+00 2.375724356102e+00 6.068538533344e-01)	(5.747971312698e+00 2.375724356102e+00 6.068538533344e-01)	(2.787847045915e-03 4.978798303506e-02 -7.917344432882e-05)	(9.218994327351e-04 -2.423432078565e-05 5.935738667060e-02)	(2.160322602305e-03 1.078702261827e-01 -3.034259960686e-05)
5.1                 	(5.749126035514e+00 2.375721282687e+00 6.140996762376e-01)	(5.749126035514e+00 2.375721282687e+00 6.140996762376e-01)	(3.000590800796e-03 5.257379259702e-02 -1.016754384735e-04)	(2.182279568203e-02 -3.376056564463e-05 8.264311117856e-02)	(2.003107595917e-03 -5.536680245760e-02 -2.398792094378e-04)
5.2                 	(5.752148059132e+00 2.375717786082e+00 6.226820391255e-01)	(5.752148059132e+00 2.375717786082e+00 6.226820391255e-01)	(3.177876939450e-03 3.904952895640e-02 -8.771611015971e-05)	(3.712526544079e-02 -3.678740738570e-05 8.512660125933e-02)	(1.513637001765e-03 -2.089093862188e-01 -3.064907109725e-04)
5.3                 	(5.756156012267e+00 2.375713665204e+00 6.303144775349e-01)	(5.756156012267e+00 2.375713665204e+00 6.303144775349e-01)	(3.295626673959e-03 1.283732599825e-02 -3.461997717072e-05)	(4.080232744753e-02 -4.742280534085e-05 6.360937716046e-02)	(8.517935212831e-04 -3.018817557600e-01 -3.314462459563e-04)
5.4                 	(5.759864586109e+00 2.375708253634e+00 6.347163302562e-01)	(5.759864586109e+00 2.375708253634e+00 6.347163302562e-01)	(3.346359253334e-03 -1.807279847701e-02 3.461048933664e-05)	(3.132210552937e-02 -5.958165305965e-05 2.157687604168e-02)	(1.639827191404e-04 -2.986797111513e-01 -3.354467613882e-04)
5.5                 	(5.762092486268e+00 2.375702345830e+00 6.342515298779e-01)	(5.762092486268e+00 2.375702345830e+00 6.342515298779e-01)	(3.332508948584e-03 -4.340833664517e-02 8.745809383682e-05)	(1.207001868832e-02 -5.363357861190e-05 -3.159306158536e-02)	(-4.583379388876e-04 -1.922689723210e-01 -2.932371543371e-04)
5.6                 	(5.762151517150e+00 2.375698695036e+00 6.284828483719e-01)	(5.762151517150e+00 2.375698695036e+00 6.284828483719e-01)	(3.260623864572e-03 -5.402237229102e-02 9.941309294697e-05)	(-1.094375308099e-02 -1.515143642165e-05 -8.185947326045e-02)	(-9.609286855407e-04 -1.207700801186e-02 -1.606466195431e-04)
5.7                 	(5.759990193190e+00 2.375699821853e+00 6.185349384991e-01)	(5.759990193190e+00 2.375699821853e+00 6.185349384991e-01)	(3.145771411698e-03 -4.536588104975e-02 6.279015989680e-05)	(-3.140692129475e-02 3.775846555803e-05 -1.125895733354e-01)	(-1.259560507094e-03 1.817007230227e-01 -1.967382368320e-05)
5.8                 	(5.756133746328e+00 2.375705895888e+00 6.070618193510e-01)	(5.756133746328e+00 2.375705895888e+00 6.070618193510e-01)	(3.012284257972e-03 -1.949963672133e-02 -1.053927751398e-05)	(-4.401953588703e-02 7.994083862991e-05 -1.108289962983e-01)	(-1.326846669120e-03 3.216501961690e-01 1.458585361341e-04)
5.9                 	(5.751586175322e+00 2.375714451965e+00 5.975624423792e-01)	(5.751586175322e+00 2.375714451965e+00 5.975624423792e-01)	(2.884104959764e-03 1.541537812279e-02 -9.091953658683e-05)	(-4.472168020807e-02 8.187486408610e-05 -7.377574245971e-02)	(-1.202528277693e-03 3.566618788778e-01 2.940918045234e-04)
6                   	(5.747660344012e+00 2.375720917687e+00 5.931842992490e-01)	(5.747660344012e+00 2.375720917687e+00 5.931842992490e-01)	(2.778332772436e-03 4.780821114312e-02 -1.512681720259e-04)	(-3.143298130712e-02 4.507882833870e-05 -1.071281376303e-02)	(-9.360794958637e-04 2.722850412737e-01 2.986122957832e-04)
6.1                 	(5.745738434697e+00 2.375723340398e+00 5.957190869314e-01)	(5.745738434697e+00 2.375723340398e+00 5.957190869314e-01)	(2.702211689510e-03 6.676473050328e-02 -1.816993000956e-04)	(-5.336517939396e-03 3.458112848792e-06 6.116747384745e-02)	(-6.184759596768e-04 9.555859921837e-02 9.353295619020e-05)
6.2                 	(5.746753539089e+00 2.375721630880e+00 6.049910970475e-01)	(5.746753539089e+00 2.375721630880e+00 6.049910970475e-01)	(2.656915779312e-03 6.579004710077e-02 -1.858322091816e-04)	(2.539577169898e-02 -3.566361209384e-05 1.203109182017e-01)	(-2.938029243266e-04 -1.148861079981e-01 -2.115214274772e-04)
6.3                 	(5.750554797038e+00 2.375715985002e+00 6.186733484683e-01)	(5.750554797038e+00 2.375715985002e+00 6.186733484683e-01)	(2.642951265426e-03 4.497837959175e-02 -1.614263110108e-04)	(4.847128145382e-02 -7.886260136637e-05 1.467423379005e-01)	(4.649396960236e-05 -2.907435241086e-01 -3.696114347134e-04)
6.4                 	(5.755884674002e+00 2.375705847167e+00 6.328872181292e-01)	(5.755884674002e+00 2.375705847167e+00 6.328872181292e-01)	(2.663126858798e-03 1.054424089061e-02 -1.062296939832e-04)	(5.493356485616e-02 -1.222902190237e-04 1.300658988304e-01)	(3.796095790561e-04 -3.803606445383e-01 -3.222103974948e-04)
6.5                 	(5.760916663869e+00 2.375692140586e+00 6.432825782304e-01)	(5.760916663869e+00 2.375692140586e+00 6.432825782304e-01)	(2.716000680761e-03 -2.724907992461e-02 -2.912773878462e-05)	(4.292201539465e-02 -1.478399422234e-04 7.163503529411e-02)	(6.500608535393e-04 -3.556050398332e-01 -1.458265898260e-04)
6.6                 	(5.764031948251e+00 2.375676741393e+00 6.462691852037e-01)	(5.764031948251e+00 2.375676741393e+00 6.462691852037e-01)	(2.795630674834e-03 -5.672122215450e-02 5.212526581231e-05)	(1.791519273756e-02 -1.591614747540e-04 -1.480727921188e-02)	(8.607790729039e-04 -2.163523777473e-01 1.750320385178e-04)
6.7                 	(5.764345135546e+00 2.375660920486e+00 6.401641850930e-01)	(5.764345135546e+00 2.375660920486e+00 6.401641850930e-01)	(2.893920286693e-03 -6.781407702569e-02 1.162000108345e-04)	(-1.163800847276e-02 -1.458220569864e-04 -1.055506305821e-01)	(1.002414012307e-03 2.563668882352e-03 4.419311245402e-04)
6.8                 	(5.761816930807e+00 2.375650688939e+00 6.260453340329e-01)	(5.761816930807e+00 2.375650688939e+00 6.260453340329e-01)	(2.995135363163e-03 -5.589067312016e-02 1.314785042236e-04)	(-3.793366835579e-02 -4.696766543036e-05 -1.700836857845e-01)	(9.783366962188e-04 2.308120112170e-01 5.484598866441e-04)
6.9                 	(5.757061963187e+00 2.375651645455e+00 6.078942224555e-01)	(5.757061963187e+00 2.375651645455e+00 6.078942224555e-01)	(3.085345953185e-03 -2.396988928082e-02 8.877749102504e-05)	(-5.517645241162e-02 5.803226328788e-05 -1.830521158397e-01)	(8.372943122640e-04 3.906526088865e-01 5.301606808733e-04)
7                   	(5.751270895714e+00 2.375659642272e+00 5.914426988905e-01)	(5.751270895714e+00 2.375659642272e+00 5.914426988905e-01)	(3.155907036154e-03 1.804323642124e-02 6.115216345355e-06)	(-5.782162491112e-02 8.777272919229e-05 -1.365688063326e-01)	(5.507056102876e-04 4.263042114673e-01 4.231376875551e-04)
7.1                 	(5.746134356371e+00 2.375666740230e+00 5.821516647520e-01)	(5.746134356371e+00 2.375666740230e+00 5.821516647520e-01)	(3.194121978435e-03 5.662148789053e-02 -8.379587641468e-05)	(-4.152510432252e-02 4.666420601178e-05 -4.348844952570e-02)	(1.196418881505e-04 3.234856411794e-01 1.986647913105e-04)
7.2                 	(5.743605045202e+00 2.375668312090e+00 5.833870008959e-01)	(5.743605045202e+00 2.375668312090e+00 5.833870008959e-01)	(3.183473350778e-03 7.917259000176e-02 -1.554241875144e-04)	(-6.625038063097e-03 -1.851129472998e-05 6.861712546202e-02)	(-4.443745420708e-04 1.145101199589e-01 -1.922824451756e-04)
7.3                 	(5.745041384671e+00 2.375662336541e+00 5.953601290193e-01)	(5.745041384671e+00 2.375662336541e+00 5.953601290193e-01)	(3.114584663196e-03 7.826744980787e-02 -1.923276128770e-04)	(3.494000259988e-02 -1.006502023201e-04 1.653258579769e-01)	(-9.693974799950e-04 -1.320626832118e-01 -5.672327089458e-04)
7.4                 	(5.750207766809e+00 2.375649254502e+00 6.148574960881e-01)	(5.750207766809e+00 2.375649254502e+00 6.148574960881e-01)	(2.998844387276e-03 5.409788798121e-02 -1.828294577702e-04)	(6.530198672746e-02 -1.547127683348e-04 2.149660430459e-01)	(-1.292791802069e-03 -3.395270121424e-01 -6.763082060611e-04)
7.5                 	(5.757322803918e+00 2.375632941105e+00 6.361919909991e-01)	(5.757322803918e+00 2.375632941105e+00 6.361919909991e-01)	(2.862930272815e-03 1.360585341758e-02 -1.303860000853e-04)	(7.270058889265e-02 -1.655561524242e-04 2.005479838120e-01)	(-1.347671801409e-03 -4.509517149543e-01 -6.153372889170e-04)
7.6                 	(5.763909588696e+00 2.375616863425e+00 6.528327252594e-01)	(5.763909588696e+00 2.375616863425e+00 6.528327252594e-01)	(2.736795268504e-03 -3.181246931222e-02 -5.813204939752e-05)	(5.544159973551e-02 -1.518208614572e-04 1.228857573095e-01)	(-1.156347885462e-03 -4.344891792531e-01 -4.632531970673e-04)
7.7                 	(5.767871756187e+00 2.375603461938e+00 6.592945921146e-01)	(5.767871756187e+00 2.375603461938e+00 6.592945921146e-01)	(2.641026180551e-03 -6.873342904068e-02 1.075470276928e-05)	(2.221409304060e-02 -1.141550037788e-04 1.365485238363e-03)	(-8.042722653585e-04 -2.823526429648e-01 -1.370125026977e-04)
7.8                 	(5.768258666990e+00 2.375594457593e+00 6.527450095890e-01)	(5.768258666990e+00 2.375594457593e+00 6.527450095890e-01)	(2.587921486984e-03 -8.477688482574e-02 5.648605435018e-05)	(-1.392021603555e-02 -6.159751658792e-05 -1.304376218063e-01)	(-3.143202306745e-04 -2.706753632651e-02 2.111555835466e-04)
7.9                 	(5.765301469150e+00 2.375591502963e+00 6.343643112036e-01)	(5.765301469150e+00 2.375591502963e+00 6.343643112036e-01)	(2.584685829496e-03 -7.345442955120e-02 6.328171972232e-05)	(-4.389931183654e-02 2.393229881238e-06 -2.278329610062e-01)	(2.562968708450e-04 2.492293258121e-01 4.794679018743e-04)
8                   	(5.759803874779e+00 2.375595196030e+00 6.095582375944e-01)	(5.759803874779e+00 2.375595196030e+00 6.095582375944e-01)	(2.638766855951e-03 -3.726384288326e-02 2.346027820894e-05)	(-6.399527565991e-02 7.149386944985e-05 -2.547224192385e-01)	(8.596943980738e-04 4.561292310783e-01 5.981516847238e-04)
8.1                 	(5.753027559131e+00 2.375604442159e+00 5.862120378122e-01)	(5.753027559131e+00 2.375604442159e+00 5.862120378122e-01)	(2.749365813138e-03 1.296025892901e-02 -5.091925796577e-05)	(-6.833932037084e-02 1.031339295547e-04 -1.988715498477e-01)	(1.328699877687e-03 5.205251713066e-01 5.699144235729e-04)
8.2                 	(5.746884760060e+00 2.375613067580e+00 5.720308115330e-01)	(5.746884760060e+00 2.375613067580e+00 5.720308115330e-01)	(2.896086628745e-03 6.110297664131e-02 -1.404853738613e-04)	(-5.040676340418e-02 5.801571282898e-05 -7.638989190099e-02)	(1.467611270309e-03 4.145785519076e-01 3.142752047530e-04)
8.3                 	(5.743753824176e+00 2.375614805548e+00 5.718975199471e-01)	(5.743753824176e+00 2.375614805548e+00 5.718975199471e-01)	(3.038339545398e-03 9.117026331805e-02 -2.180747190952e-04)	(-8.915765918101e-03 -3.009520771254e-05 7.481098017891e-02)	(1.194091456490e-03 1.690067455496e-01 -8.916242555234e-05)
8.4                 	(5.745431731502e+00 2.375605728802e+00 5.863805579420e-01)	(5.745431731502e+00 2.375605728802e+00 5.863805579420e-01)	(3.134266158870e-03 9.305826436078e-02 -2.519694532441e-04)	(4.200618168361e-02 -1.540054505986e-04 2.076525272652e-01)	(6.254502324167e-04 -1.315374906049e-01 -4.593591456846e-04)
8.5                 	(5.751651057850e+00 2.375584616846e+00 6.113487835217e-01)	(5.751651057850e+00 2.375584616846e+00 6.113487835217e-01)	(3.162996507980e-03 6.628026690285e-02 -2.252475178949e-04)	(7.828087878934e-02 -2.586584132626e-04 2.790607248611e-01)	(1.726831549851e-06 -3.908363769611e-01 -6.669539164070e-04)
8.6                 	(5.760091412893e+00 2.375556769257e+00 6.393730764122e-01)	(5.760091412893e+00 2.375556769257e+00 6.393730764122e-01)	(3.133788965257e-03 1.859840529991e-02 -1.439985639876e-04)	(8.520841649140e-02 -2.845207138436e-04 2.668505195275e-01)	(-4.880147780807e-04 -5.402003586323e-01 -6.691077696580e-04)
8.7                 	(5.767669998244e+00 2.375529421749e+00 6.619333466040e-01)	(5.767669998244e+00 2.375529421749e+00 6.619333466040e-01)	(3.069058286144e-03 -3.668151288261e-02 -2.996624259229e-05)	(6.204752585930e-02 -2.559370819774e-04 1.719715270295e-01)	(-7.951860237726e-04 -5.375575417149e-01 -4.713229968007e-04)
8.8                 	(5.771893977702e+00 2.375506916449e+00 6.717843160238e-01)	(5.771893977702e+00 2.375506916449e+00 6.717843160238e-01)	(2.987332212105e-03 -8.323164465019e-02 8.166536600298e-05)	(2.099397015410e-02 -1.872517216871e-04 1.815933423658e-02)	(-9.567341506575e-04 -3.657839034698e-01 -1.208168498245e-04)
8.9                 	(5.771877103629e+00 2.375494030121e+00 6.649905240009e-01)	(5.771877103629e+00 2.375494030121e+00 6.649905240009e-01)	(2.896543772941e-03 -1.052559578373e-01 1.537667298424e-04)	(-2.002176255133e-02 -6.335685796731e-05 -1.520358554743e-01)	(-9.657168199951e-04 -5.937969319859e-02 2.437397987317e-04)
9                   	(5.768249132921e+00 2.375495211036e+00 6.427918913392e-01)	(5.768249132921e+00 2.375495211036e+00 6.427918913392e-01)	(2.809691638006e-03 -9.410273824534e-02 1.588119320122e-04)	(-5.075927299188e-02 8.755146386516e-05 -2.802973421056e-01)	(-7.392177610762e-04 2.779024168562e-01 4.663896555312e-04)
9.1                 	(5.762066494358e+00 2.375510293143e+00 6.118648766415e-01)	(5.762066494358e+00 2.375510293143e+00 6.118648766415e-01)	(2.752979337020e-03 -5.223257011014e-02 9.400012680488e-05)	(-7.109629393779e-02 2.014285119610e-04 -3.214598225399e-01)	(-2.653518173640e-04 5.384570516482e-01 5.419233418111e-04)
9.2                 	(5.754472655644e+00 2.375531934709e+00 5.819674834059e-01)	(5.754472655644e+00 2.375531934709e+00 5.819674834059e-01)	(2.752401373912e-03 7.892088441277e-03 -1.849919333396e-05)	(-7.788883609304e-02 2.142369491886e-04 -2.597663352733e-01)	(2.873868482029e-04 6.301838841698e-01 4.797306912569e-04)
9.3                 	(5.747257855894e+00 2.375550136235e+00 5.627588267260e-01)	(5.747257855894e+00 2.375550136235e+00 5.627588267260e-01)	(2.804998502862e-03 6.673137803799e-02 -1.428361046380e-04)	(-6.171355282586e-02 1.384104356754e-04 -1.136080114402e-01)	(6.144218693705e-04 5.121497207425e-01 2.580865048561e-04)
9.4                 	(5.743128908232e+00 2.375558119538e+00 5.605464703179e-01)	(5.743128908232e+00 2.375558119538e+00 5.605464703179e-01)	(2.877948445028e-03 1.044506506681e-01 -2.440036148498e-04)	(-1.649084629835e-02 1.198748130102e-05 7.135512362077e-02)	(6.225681096741e-04 2.199964803459e-01 -1.707419390450e-04)
9.5                 	(5.744424787439e+00 2.375551210586e+00 5.763807223440e-01)	(5.744424787439e+00 2.375551210586e+00 5.763807223440e-01)	(2.935683986108e-03 1.085053927638e-01 -2.949277118476e-04)	(4.212591743027e-02 -1.497872683087e-04 2.369528144033e-01)	(3.902035558931e-04 -1.383480106251e-01 -5.762318393588e-04)
9.6                 	(5.750978492182e+00 2.375529745955e+00 6.054960057671e-01)	(5.750978492182e+00 2.375529745955e+00 6.054960057671e-01)	(2.958384042901e-03 7.865783920714e-02 -2.778805211103e-04)	(8.416104648299e-02 -2.689340388650e-04 3.303713975501e-01)	(1.181471138919e-04 -4.423188631331e-01 -8.098715434905e-04)
9.7                 	(5.760110245890e+00 2.375499618089e+00 6.391294196189e-01)	(5.760110245890e+00 2.375499618089e+00 6.391294196189e-01)	(2.958234408788e-03 2.440732101169e-02 -2.006419779037e-04)	(9.241278843194e-02 -3.198493074880e-04 3.250032163114e-01)	(-3.235245792997e-05 -6.165085583150e-01 -8.283545554913e-04)
9.8                 	(5.768313762088e+00 2.375468132782e+00 6.671782037904e-01)	(5.768313762088e+00 2.375468132782e+00 6.671782037904e-01)	(2.947686891162e-03 -3.881761868293e-02 -8.738718603885e-05)	(6.685238691294e-02 -2.997642748998e-04 2.210022514998e-01)	(-1.942873052375e-04 -6.162464026188e-01 -6.244030598196e-04)
9.9                 	(5.772843378653e+00 2.375441678572e+00 6.808965423284e-01)	(5.772843378653e+00 2.375441678572e+00 6.808965423284e-01)	(2.927967789959e-03 -9.233275009013e-02 2.488213946053e-05)	(2.251910356822e-02 -2.187366582005e-04 4.460904161211e-02)	(-3.415978762983e-04 -4.223678966543e-01 -2.780065303323e-04)
10                  	(5.772918852879e+00 2.375426270932e+00 6.752750598426e-01)	(5.772918852879e+00 2.375426270932e+00 6.752750598426e-01)	(2.897948312381e-03 -1.180744145796e-01 9.327786524055e-05)	(-1.902124758954e-02 -8.196639925761e-05 -1.555043860095e-01)	(-3.859799391344e-04 -7.554595048700e-02 1.168981032626e-04)
10.1                	(5.769523420816e+00 2.375426851015e+00 6.513257618385e-01)	(5.769523420816e+00 2.375426851015e+00 6.513257618385e-01)	(2.861554021475e-03 -1.065376615966e-01 8.933182624676e-05)	(-4.682659817069e-02 9.177502618633e-05 -3.105509357023e-01)	(-2.838711543203e-04 3.001454864372e-01 4.404562648870e-04)
10.2                	(5.763850289876e+00 2.375443044242e+00 6.164427649710e-01)	(5.763850289876e+00 2.375443044242e+00 6.164427649710e-01)	(2.847488047213e-03 -6.097406913168e-02 1.255560912669e-05)	(-6.547088196880e-02 2.218509158244e-04 -3.683692382097e-01)	(1.828585041118e-04 5.879412748847e-01 6.062295316217e-04)
10.3                	(5.756710177298e+00 2.375468724835e+00 5.815895992419e-01)	(5.756710177298e+00 2.375468724835e+00 5.815895992419e-01)	(2.887500746294e-03 4.715545251683e-03 -1.114400960114e-04)	(-7.519883909330e-02 2.772758532486e-04 -3.094686837572e-01)	(6.422879529854e-04 6.879418285957e-01 6.355541806029e-04)
10.4                	(5.749495313224e+00 2.375494870685e+00 5.578768419562e-01)	(5.749495313224e+00 2.375494870685e+00 5.578768419562e-01)	(2.964070878322e-03 6.871366057572e-02 -2.418802665575e-04)	(-6.436458333938e-02 2.262490031368e-04 -1.518496753480e-01)	(7.193074071191e-04 5.538977406681e-01 4.604554540397e-04)
10.5                	(5.744930845300e+00 2.375510618519e+00 5.528540574295e-01)	(5.744930845300e+00 2.375510618519e+00 5.528540574295e-01)	(3.032903569310e-03 1.091140745936e-01 -3.354757055894e-04)	(-2.183095412432e-02 7.303098814068e-05 5.451887879531e-02)	(4.435401428177e-04 2.307050411913e-01 4.263345190635e-05)
10.6                	(5.745726288822e+00 2.375507820401e+00 5.682451170662e-01)	(5.745726288822e+00 2.375507820401e+00 5.682451170662e-01)	(3.058895629995e-03 1.127600416613e-01 -3.687358193300e-04)	(3.775969493308e-02 -1.270459939395e-04 2.446459575465e-01)	(-1.974422142477e-05 -1.547548496510e-01 -4.531929570758e-04)
10.7                	(5.751914570475e+00 2.375487580325e+00 5.991831367584e-01)	(5.751914570475e+00 2.375487580325e+00 5.991831367584e-01)	(3.029639532190e-03 8.063710823051e-02 -3.295211663557e-04)	(8.106370125350e-02 -2.631189679493e-04 3.579842491017e-01)	(-4.602367950083e-04 -4.687081452218e-01 -6.789882411379e-04)
10.8                	(5.760750977582e+00 2.375457909856e+00 6.362100696178e-01)	(5.760750977582e+00 2.375457909856e+00 6.362100696178e-01)	(2.965181550213e-03 2.384464247241e-02 -2.264579809842e-04)	(8.940239393846e-02 -3.167027938544e-04 3.635144731047e-01)	(-6.926555348325e-04 -6.392049604792e-01 -6.463067179265e-04)
10.9                	(5.768637730872e+00 2.375426645058e+00 6.682076977968e-01)	(5.768637730872e+00 2.375426645058e+00 6.682076977968e-01)	(2.889588314889e-03 -4.111369469289e-02 -9.118916794415e-05)	(6.358548283694e-02 -2.984292081472e-04 2.595871359107e-01)	(-8.271937448717e-04 -6.275786903966e-01 -4.376800487826e-04)
11                  	(5.772856918045e+00 2.375400680935e+00 6.853490016837e-01)	(5.772856918045e+00 2.375400680935e+00 6.853490016837e-01)	(2.812046550339e-03 -9.512485852700e-02 3.635525360160e-05)	(1.978339044871e-02 -2.067631696093e-04 7.286079302536e-02)	(-8.845930135013e-04 -4.210376818892e-01 -9.079950631245e-05)
11.1                	(5.772748059432e+00 2.375387395390e+00 6.817002716670e-01)	(5.772748059432e+00 2.375387395390e+00 6.817002716670e-01)	(2.735405790523e-03 -1.201893562650e-01 1.150069550124e-04)	(-1.959085140916e-02 -5.107352741167e-05 -1.451366552971e-01)	(-7.884025424273e-04 -6.456864345301e-02 2.322915520600e-04)
11.2                	(5.769476521744e+00 2.375390681410e+00 6.578048955285e-01)	(5.769476521744e+00 2.375390681410e+00 6.578048955285e-01)	(2.667283225572e-03 -1.074646322532e-01 1.166415314176e-04)	(-4.370785766044e-02 1.055814396536e-04 -3.195566779111e-01)	(-5.167982074470e-04 3.112305725138e-01 4.589229634608e-04)
11.3                	(5.764247236841e+00 2.375407012209e+00 6.211922623496e-01)	(5.764247236841e+00 2.375407012209e+00 6.211922623496e-01)	(2.642724045154e-03 -6.109933044502e-02 4.690033792611e-05)	(-6.025338143065e-02 2.158240379580e-04 -3.929726463004e-01)	(2.176883609417e-04 5.921978248015e-01 5.970789198000e-04)
11.4                	(5.757585692290e+00 2.375432549619e+00 5.834116619696e-01)	(5.757585692290e+00 2.375432549619e+00 5.834116619696e-01)	(2.702992714650e-03 4.572558200300e-03 -6.601500641512e-05)	(-7.141074094204e-02 2.838710896831e-04 -3.419031287312e-01)	(9.993837894179e-04 6.832067949160e-01 6.032855595938e-04)
11.5                	(5.750573115308e+00 2.375460589337e+00 5.564575257336e-01)	(5.750573115308e+00 2.375460589337e+00 5.564575257336e-01)	(2.828723059224e-03 6.770316040782e-02 -1.905525053924e-04)	(-6.424671023549e-02 2.564946580132e-04 -1.826772546568e-01)	(1.331108080714e-03 5.421703412070e-01 3.483097326949e-04)
11.6                	(5.745852567750e+00 2.375479881217e+00 5.487962682974e-01)	(5.745852567750e+00 2.375479881217e+00 5.487962682974e-01)	(2.966658780393e-03 1.068565770099e-01 -2.913936458673e-04)	(-2.472412180303e-02 1.124682518053e-04 3.381648843919e-02)	(1.174553190824e-03 2.188741395723e-01 -1.356639849518e-04)
11.7                	(5.746304822409e+00 2.375480794256e+00 5.628668276738e-01)	(5.746304822409e+00 2.375480794256e+00 5.628668276738e-01)	(3.065843212949e-03 1.096909576325e-01 -3.403839663177e-04)	(3.415270723966e-02 -9.425177351534e-05 2.394207112448e-01)	(6.501383124413e-04 -1.576124888404e-01 -6.242799119412e-04)
11.8                	(5.752158687255e+00 2.375462233354e+00 5.940761124869e-01)	(5.752158687255e+00 2.375462233354e+00 5.940761124869e-01)	(3.098180902743e-03 7.802408270265e-02 -3.171637724369e-04)	(7.810595235083e-02 -2.637376642343e-04 3.683055096221e-01)	(5.801746561169e-05 -4.566076891041e-01 -8.301801960123e-04)
11.9                	(5.760753845170e+00 2.375431041377e+00 6.327672274851e-01)	(5.760753845170e+00 2.375431041377e+00 6.327672274851e-01)	(3.075342469695e-03 2.307032852359e-02 -2.293391443570e-04)	(8.759390174686e-02 -3.430435943299e-04 3.855467211113e-01)	(-4.080584781868e-04 -6.156376968592e-01 -7.820072658681e-04)
12                  	(5.768538158266e+00 2.375396705285e+00 6.672999220104e-01)	(5.768538158266e+00 2.375396705285e+00 6.672999220104e-01)	(3.015966911910e-03 -3.932598225828e-02 -1.048712826473e-04)	(6.338436809504e-02 -3.316014692239e-04 2.870634908482e-01)	(-7.803097444895e-04 -6.019760008189e-01 -5.080660412096e-04)
12.1                	(5.772812536547e+00 2.375367679432e+00 6.871578910257e-01)	(5.772812536547e+00 2.375367679432e+00 6.871578910257e-01)	(2.931726018771e-03 -9.122040122624e-02 2.084816343556e-05)	(2.093457814319e-02 -2.325265938332e-04 9.848214884130e-02)	(-1.058147992917e-03 -4.063602537928e-01 -6.486022618870e-05)
12.2                	(5.772841901414e+00 2.375352938240e+00 6.856759181236e-01)	(5.772841901414e+00 2.375352938240e+00 6.856759181236e-01)	(2.827646886829e-03 -1.157486512044e-01 1.065851019056e-04)	(-1.806009623709e-02 -5.332508746327e-05 -1.285082476503e-01)	(-1.161938531223e-03 -6.913455861849e-02 3.148274556694e-04)
12.3                	(5.769737339396e+00 2.375357006615e+00 6.627948081563e-01)	(5.769737339396e+00 2.375357006615e+00 6.627948081563e-01)	(2.716746597863e-03 -1.044890495444e-01 1.195491263712e-04)	(-4.183225215905e-02 1.233793244183e-04 -3.163016654635e-01)	(-1.013236497616e-03 2.871122391267e-01 5.380889045933e-04)
12.4                	(5.764715632758e+00 2.375375730805e+00 6.258145718241e-01)	(5.764715632758e+00 2.375375730805e+00 6.258145718241e-01)	(2.642032335819e-03 -6.121826324632e-02 6.300242180327e-05)	(-5.805957193593e-02 2.440118962519e-04 -4.033354011745e-01)	(-2.946232509769e-04 5.565442560550e-01 6.347750642176e-04)
12.5                	(5.758257434670e+00 2.375404217258e+00 5.864404301049e-01)	(5.758257434670e+00 2.375404217258e+00 5.864404301049e-01)	(2.656026275926e-03 9.267708159346e-04 -3.783139278541e-05)	(-6.974001662031e-02 3.131808358673e-04 -3.625896063239e-01)	(5.998578238108e-04 6.509682049016e-01 5.885294860431e-04)
12.6                	(5.751325047888e+00 2.375435076631e+00 5.571415286028e-01)	(5.751325047888e+00 2.375435076631e+00 5.571415286028e-01)	(2.749585698794e-03 6.161640187224e-02 -1.548698705810e-04)	(-6.453947641426e-02 2.828801457403e-04 -2.077223208891e-01)	(1.111369197080e-03 5.275665594291e-01 3.036172256288e-04)
12.7                	(5.746439322061e+00 2.375456943136e+00 5.470497463965e-01)	(5.746439322061e+00 2.375456943136e+00 5.470497463965e-01)	(2.874628808164e-03 1.005486721862e-01 -2.561573852431e-04)	(-2.765756325836e-02 1.382852777382e-04 1.136762806724e-02)	(1.144447029547e-03 2.293686363973e-01 -1.714704092447e-04)
12.8                	(5.746528837967e+00 2.375460678067e+00 5.592905374983e-01)	(5.746528837967e+00 2.375460678067e+00 5.592905374983e-01)	(2.979037483277e-03 1.055151076297e-01 -3.137134939630e-04)	(3.024814719662e-02 -6.463486303925e-05 2.261240860917e-01)	(7.626554251275e-04 -1.270221825531e-01 -6.419923387959e-04)
12.9                	(5.752042923273e+00 2.375445031343e+00 5.897695805429e-01)	(5.752042923273e+00 2.375445031343e+00 5.897695805429e-01)	(3.027955115255e-03 7.747333586645e-02 -3.044254119214e-04)	(7.549698951554e-02 -2.368583836292e-04 3.671638232147e-01)	(2.443489513544e-04 -4.167662057347e-01 -8.230764937165e-04)
13                  	(5.760486599107e+00 2.375416235528e+00 6.289489500081e-01)	(5.760486599107e+00 2.375416235528e+00 6.289489500081e-01)	(3.026503571246e-03 2.640049509134e-02 -2.305408226797e-04)	(8.721878972080e-02 -3.233426733904e-04 3.961140985292e-01)	(-1.816669641170e-04 -5.801196934337e-01 -7.687909593236e-04)
13.1                	(5.768343621389e+00 2.375383350532e+00 6.650020298905e-01)	(5.768343621389e+00 2.375383350532e+00 6.650020298905e-01)	(2.990376759452e-03 -3.318946666644e-02 -1.169853416032e-04)	(6.508523303360e-02 -3.229250673986e-04 3.061878415919e-01)	(-5.350363261748e-04 -5.833121951621e-01 -5.213068490492e-04)
13.2                	(5.772843594086e+00 2.375354516711e+00 6.870052671412e-01)	(5.772843594086e+00 2.375354516711e+00 6.870052671412e-01)	(2.929233276964e-03 -8.447923145440e-02 4.367446527376e-06)	(2.344970527075e-02 -2.382972410008e-04 1.213720279360e-01)	(-8.302341263219e-04 -4.139366223620e-01 -8.486549680376e-05)
13.3                	(5.773092532644e+00 2.375338824488e+00 6.877426953632e-01)	(5.773092532644e+00 2.375338824488e+00 6.877426953632e-01)	(2.844929706974e-03 -1.110845654994e-01 9.610386075450e-05)	(-1.640382983249e-02 -6.460210754710e-05 -1.082245763351e-01)	(-1.003178025421e-03 -1.015293652188e-01 3.282466878360e-04)
13.4                	(5.770100823694e+00 2.375342242739e+00 6.664681524466e-01)	(5.770100823694e+00 2.375342242739e+00 6.664681524466e-01)	(2.747172878985e-03 -1.037515662095e-01 1.217146603753e-04)	(-4.101866562869e-02 1.236946580466e-04 -3.052537447111e-01)	(-9.467857039080e-04 2.432315265633e-01 5.609613217358e-04)
13.5                	(5.765175293901e+00 2.375361864733e+00 6.300162907979e-01)	(5.765175293901e+00 2.375361864733e+00 6.300162907979e-01)	(2.674202359016e-03 -6.485754574192e-02 7.685778738417e-05)	(-5.681983121248e-02 2.617521032287e-04 -4.039955531515e-01)	(-3.421230565791e-04 5.156713728212e-01 6.364243511043e-04)
13.6                	(5.758866030940e+00 2.375392673925e+00 5.899882918130e-01)	(5.758866030940e+00 2.375392673925e+00 5.899882918130e-01)	(2.680111365431e-03 -5.939235346693e-03 -1.757718831025e-05)	(-6.818896034028e-02 3.406874891733e-04 -3.746533333417e-01)	(5.054882519888e-04 6.297096881369e-01 5.852377468524e-04)
13.7                	(5.752026409900e+00 2.375426565649e+00 5.590569779800e-01)	(5.752026409900e+00 2.375426565649e+00 5.590569779800e-01)	(2.763071511333e-03 5.402023781452e-02 -1.341630402341e-04)	(-6.462829560389e-02 3.143706544147e-04 -2.274662319114e-01)	(1.015869328811e-03 5.347157191881e-01 3.063338304714e-04)
13.8                	(5.746970303356e+00 2.375451481280e+00 5.468439942313e-01)	(5.746970303356e+00 2.375451481280e+00 5.468439942313e-01)	(2.878740040667e-03 9.500373547796e-02 -2.400593711304e-04)	(-3.101585492519e-02 1.666962809862e-04 -1.029841058747e-02)	(1.061766067845e-03 2.616694985112e-01 -1.395124229222e-04)
13.9                	(5.746616017502e+00 2.375457758722e+00 5.571014863794e-01)	(5.746616017502e+00 2.375457758722e+00 5.571014863794e-01)	(2.975966823112e-03 1.038434624147e-01 -3.054662157038e-04)	(2.523091524580e-02 -4.355213209194e-05 2.091821740021e-01)	(6.916026306965e-04 -8.483759228478e-02 -6.099091764223e-04)
14                  	(5.751673558370e+00 2.375443896820e+00 5.863292100311e-01)	(5.751673558370e+00 2.375443896820e+00 5.863292100311e-01)	(3.018485106123e-03 7.988483112362e-02 -3.061695494989e-04)	(7.174648631487e-02 -2.227917878253e-04 3.595071973241e-01)	(1.668490129141e-04 -3.791155291847e-01 -8.064498147967e-04)
14.1                	(5.759868753695e+00 2.375416281930e+00 6.252876803909e-01)	(5.759868753695e+00 2.375416281930e+00 6.252876803909e-01)	(3.009616842674e-03 3.191855141655e-02 -2.418257377425e-04)	(8.608203703418e-02 -3.136389604734e-04 3.994232176062e-01)	(-2.557796223539e-04 -5.570055305025e-01 -7.715158659620e-04)
14.2                	(5.767742082745e+00 2.375384240614e+00 6.621823868345e-01)	(5.767742082745e+00 2.375384240614e+00 6.621823868345e-01)	(2.966916099650e-03 -2.635185051036e-02 -1.354763765393e-04)	(6.644051230842e-02 -3.163509949130e-04 3.193626244237e-01)	(-5.811094718392e-04 -5.807105119039e-01 -5.565269031190e-04)
14.3                	(5.772460304581e+00 2.375355697999e+00 6.858718258850e-01)	(5.772460304581e+00 2.375355697999e+00 6.858718258850e-01)	(2.902410108072e-03 -7.851804752299e-02 -1.758991336102e-05)	(2.619798988035e-02 -2.400128490113e-04 1.412538956273e-01)	(-8.336001678541e-04 -4.339956615514e-01 -1.416849291286e-04)
14.4                	(5.772984009200e+00 2.375339406743e+00 6.887161074292e-01)	(5.772984009200e+00 2.375339406743e+00 6.887161074292e-01)	(2.818448555543e-03 -1.080603467302e-01 7.707696387963e-05)	(-1.392758381313e-02 -7.376521060250e-05 -8.719182344625e-02)	(-9.889933240297e-04 -1.380181209372e-01 2.943095969166e-04)
14.5                	(5.770211259599e+00 2.375342051099e+00 6.692951504508e-01)	(5.770211259599e+00 2.375342051099e+00 6.692951504508e-01)	(2.723505561124e-03 -1.045808808666e-01 1.117570659473e-04)	(-3.900944951754e-02 1.188990217183e-04 -2.902698607330e-01)	(-9.321926963505e-04 2.047085761605e-01 5.554540255538e-04)
14.6                	(5.765502598972e+00 2.375361353034e+00 6.338496560224e-01)	(5.765502598972e+00 2.375361353034e+00 6.338496560224e-01)	(2.650926934013e-03 -6.918290332407e-02 7.746760296430e-05)	(-5.441858204242e-02 2.604012821126e-04 -3.993442352072e-01)	(-3.638900720090e-04 4.861528527195e-01 6.407093104480e-04)
14.7                	(5.759441821023e+00 2.375392292283e+00 5.936980000612e-01)	(5.759441821023e+00 2.375392292283e+00 5.936980000612e-01)	(2.654458366691e-03 -1.231222588594e-02 -9.259031393138e-06)	(-6.585205909852e-02 3.464304606657e-04 -3.817322953475e-01)	(4.942570564846e-04 6.196917308026e-01 6.037927612006e-04)
14.8                	(5.752750272644e+00 2.375427386592e+00 5.615527603056e-01)	(5.752750272644e+00 2.375427386592e+00 5.615527603056e-01)	(2.738113353638e-03 4.780178585148e-02 -1.220566520218e-04)	(-6.440387474555e-02 3.330307032052e-04 -2.440151589132e-01)	(1.060193413198e-03 5.475666974739e-01 3.431949871480e-04)
14.9                	(5.747531523099e+00 2.375454769583e+00 5.474071191806e-01)	(5.747531523099e+00 2.375454769583e+00 5.474071191806e-01)	(2.860399391421e-03 9.100846847938e-02 -2.286562519952e-04)	(-3.454143671583e-02 1.958051831848e-04 -3.148854634658e-02)	(1.160130444063e-03 2.917046818972e-01 -8.695095094232e-05)
15                  	(5.746690874873e+00 2.375464183845e+00 5.555787954214e-01)	(5.746690874873e+00 2.375464183845e+00 5.555787954214e-01)	(2.969746525633e-03 1.031699190590e-01 -2.985444765374e-04)	(1.956840664390e-02 -1.288897136321e-05 1.898451756849e-01)	(8.228128759670e-04 -5.093080289013e-02 -5.712775243035e-04)
15.1                	(5.751215188162e+00 2.375453049084e+00 5.832142124831e-01)	(5.751215188162e+00 2.375453049084e+00 5.832142124831e-01)	(3.025415299632e-03 8.233258008931e-02 -3.060636236583e-04)	(6.719329324749e-02 -2.007417048068e-04 3.476845939031e-01)	(2.805717170802e-04 -3.516385064399e-01 -7.871202021220e-04)
15.2                	(5.759088982670e+00 2.375426907721e+00 6.214976457936e-01)	(5.759088982670e+00 2.375426907721e+00 6.214976457936e-01)	(3.026265082415e-03 3.657909236440e-02 -2.473300249802e-04)	(8.436145418745e-02 -3.064693556737e-04 3.980560454220e-01)	(-1.764304406808e-04 -5.409003581363e-01 -7.735593656378e-04)
15.3                	(5.766944338304e+00 2.375395065504e+00 6.588033224562e-01)	(5.766944338304e+00 2.375395065504e+00 6.588033224562e-01)	(2.989652252055e-03 -2.078666385954e-02 -1.440996168495e-04)	(6.772904053462e-02 -3.183249732463e-04 3.288220313405e-01)	(-5.304493793283e-04 -5.790794430155e-01 -5.843735458988e-04)
15.4                	(5.771904609279e+00 2.375365822360e+00 6.838964532667e-01)	(5.771904609279e+00 2.375365822360e+00 6.838964532667e-01)	(2.928433828832e-03 -7.359329794158e-02 -2.708011275886e-05)	(2.948345241616e-02 -2.512556646236e-04 1.593619997415e-01)	(-8.022326762275e-04 -4.485501872791e-01 -1.916264660600e-04)
15.5                	(5.772785039390e+00 2.375348045110e+00 6.887975386683e-01)	(5.772785039390e+00 2.375348045110e+00 6.887975386683e-01)	(2.845877114095e-03 -1.053142547795e-01 6.974713981235e-05)	(-1.040843743352e-02 -9.166103068680e-05 -6.525876334647e-02)	(-9.890757631450e-04 -1.656935461844e-01 2.547767889719e-04)
15.6                	(5.770321979496e+00 2.375349064867e+00 6.714381262438e-01)	(5.770321979496e+00 2.375349064867e+00 6.714381262438e-01)	(2.749755730828e-03 -1.048145682015e-01 1.098006996481e-04)	(-3.629785584902e-02 1.068721932499e-04 -2.721261802821e-01)	(-9.732019470277e-04 1.742779182599e-01 5.390110270652e-04)
15.7                	(5.765862980974e+00 2.375367365662e+00 6.373785739298e-01)	(5.765862980974e+00 2.375367365662e+00 6.373785739298e-01)	(2.669920787486e-03 -7.228133684452e-02 8.147470095068e-05)	(-5.208715628917e-02 2.512553046224e-04 -3.904166701604e-01)	(-4.782858773807e-04 4.605717275008e-01 6.323857549498e-04)
15.8                	(5.760010754603e+00 2.375397521149e+00 5.975350733223e-01)	(5.760010754603e+00 2.375397521149e+00 5.975350733223e-01)	(2.660024198919e-03 -1.736367128486e-02 -1.535521675420e-06)	(-6.416497043811e-02 3.415372681191e-04 -3.846362521408e-01)	(3.547167888855e-04 6.075785326799e-01 6.047147533522e-04)
15.9                	(5.753398990762e+00 2.375432690311e+00 5.645380755755e-01)	(5.753398990762e+00 2.375432690311e+00 5.645380755755e-01)	(2.730475189555e-03 4.244261592896e-02 -1.124057090278e-04)	(-6.480863843762e-02 3.404801856062e-04 -2.576601502216e-01)	(9.545897371729e-04 5.537257128705e-01 3.625556002086e-04)
16                  	(5.747968817623e+00 2.375461466929e+00 5.486580419156e-01)	(5.747968817623e+00 2.375461466929e+00 5.486580419156e-01)	(2.844049622736e-03 8.711031785844e-02 -2.194856748483e-04)	(-3.842286288455e-02 2.158258506609e-04 -5.168826347104e-02)	(1.105068432524e-03 3.139161702707e-01 -4.749151058969e-05)
16.1                	(5.746609969321e+00 2.375473225596e+00 5.547330953983e-01)	(5.746609969321e+00 2.375473225596e+00 5.547330953983e-01)	(2.951022933381e-03 1.019328035524e-01 -2.926303751459e-04)	(1.358829007748e-02 1.255793159294e-05 1.693710084301e-01)	(8.267153202600e-04 -2.199798502095e-02 -5.364928577155e-04)
16.2                	(5.750569892182e+00 2.375464611824e+00 5.805789838750e-01)	(5.750569892182e+00 2.375464611824e+00 5.805789838750e-01)	(3.009281344221e-03 8.392612017590e-02 -3.065387161992e-04)	(6.238014724716e-02 -1.769526078248e-04 3.331951161827e-01)	(3.096852537810e-04 -3.248939530249e-01 -7.694320340388e-04)
16.3                	(5.758111645892e+00 2.375440465149e+00 6.178849302927e-01)	(5.758111645892e+00 2.375440465149e+00 6.178849302927e-01)	(3.013998574790e-03 4.052059706232e-02 -2.546492782082e-04)	(8.272082172393e-02 -2.907615315497e-04 3.934510437854e-01)	(-1.342961151110e-04 -5.215207014102e-01 -7.723927579957e-04)
16.4                	(5.765979159556e+00 2.375409769142e+00 6.552872399245e-01)	(5.765979159556e+00 2.375409769142e+00 6.552872399245e-01)	(2.982051184079e-03 -1.546793586086e-02 -1.558248248811e-04)	(6.954146491733e-02 -3.103808383098e-04 3.353693228727e-01)	(-4.717854009906e-04 -5.716010723926e-01 -5.790547095077e-04)
16.5                	(5.771251340479e+00 2.375380933146e+00 6.815370146507e-01)	(5.771251340479e+00 2.375380933146e+00 6.815370146507e-01)	(2.926927440092e-03 -6.829183640333e-02 -3.952091641701e-05)	(3.361350827121e-02 -2.515571992495e-04 1.755299779928e-01)	(-7.232855590810e-04 -4.569295686209e-01 -2.008415254781e-04)
16.6                	(5.772576183926e+00 2.375362597009e+00 6.883735401744e-01)	(5.772576183926e+00 2.375362597009e+00 6.883735401744e-01)	(2.852431471559e-03 -1.016868741407e-01 6.059618770556e-05)	(-6.067938887191e-03 -1.027982922095e-04 -4.377783513117e-02)	(-9.086180611506e-04 -1.898765899842e-01 2.445753395601e-04)
16.7                	(5.770487539937e+00 2.375362424701e+00 6.731203985763e-01)	(5.770487539937e+00 2.375362424701e+00 6.731203985763e-01)	(2.764687767988e-03 -1.040400296291e-01 1.076399375796e-04)	(-3.323689424853e-02 9.725541022767e-05 -2.527899494491e-01)	(-9.098798234970e-04 1.430766929173e-01 5.309151263277e-04)
16.8                	(5.766279656145e+00 2.375379964745e+00 6.406178698695e-01)	(5.766279656145e+00 2.375379964745e+00 6.406178698695e-01)	(2.689094247923e-03 -7.462893660671e-02 8.736524383007e-05)	(-5.004197519470e-02 2.449328324264e-04 -3.793460384882e-01)	(-4.774315584823e-04 4.307399849415e-01 6.353213891629e-04)
16.9                	(5.760592116267e+00 2.375409469686e+00 6.013154477800e-01)	(5.760592116267e+00 2.375409469686e+00 6.013154477800e-01)	(2.676896473195e-03 -2.220126509598e-02 1.012701753224e-05)	(-6.296938235450e-02 3.357378437635e-04 -3.851740837309e-01)	(3.167060458030e-04 5.893975547606e-01 6.059238937699e-04)
17                  	(5.754022826982e+00 2.375444322486e+00 5.676828346499e-01)	(5.754022826982e+00 2.375444322486e+00 5.676828346499e-01)	(2.743196727514e-03 3.671720115441e-02 -9.833787473674e-05)	(-6.541033265290e-02 3.423200246365e-04 -2.694529508551e-01)	(9.246832603224e-04 5.548421731795e-01 3.808445375626e-04)
17.1                	(5.748380940732e+00 2.375473863295e+00 5.502061564374e-01)	(5.748380940732e+00 2.375473863295e+00 5.502061564374e-01)	(2.853612145986e-03 8.249625613670e-02 -2.063896024876e-04)	(-4.217781098189e-02 2.292303666036e-04 -7.103170161943e-02)	(1.082958889503e-03 3.344500028368e-01 -8.669430962314e-06)
17.2                	(5.746514841392e+00 2.375487284049e+00 5.542042039847e-01)	(5.746514841392e+00 2.375487284049e+00 5.542042039847e-01)	(2.958915554278e-03 1.000206766012e-01 -2.833316863945e-04)	(7.653815037129e-03 3.005077951941e-05 1.484557863350e-01)	(8.142938936489e-04 9.240286355835e-03 -5.003629903711e-04)
17.3                	(5.749906539409e+00 2.375480154636e+00 5.781646763189e-01)	(5.749906539409e+00 2.375480154636e+00 5.781646763189e-01)	(3.016672000327e-03 8.518700312502e-02 -3.042455591258e-04)	(5.748167406509e-02 -1.655238541115e-04 3.173181409551e-01)	(2.920495980806e-04 -2.940079720642e-01 -7.548933869514e-04)
17.4                	(5.757110325113e+00 2.375456779363e+00 6.143269337466e-01)	(5.757110325113e+00 2.375456779363e+00 6.143269337466e-01)	(3.019115807895e-03 4.455019670823e-02 -2.597986333521e-04)	(8.106659059503e-02 -2.871659327081e-04 3.870040301621e-01)	(-1.662874186894e-04 -4.981626910605e-01 -7.717211323895e-04)
17.5                	(5.764995556790e+00 2.375426077201e+00 6.516400431280e-01)	(5.764995556790e+00 2.375426077201e+00 6.516400431280e-01)	(2.983505022917e-03 -9.728094654590e-03 -1.662464188573e-04)	(7.147410512431e-02 -3.129409374559e-04 3.401156759554e-01)	(-4.984611108873e-04 -5.616281444143e-01 -5.804711659948e-04)
17.6                	(5.770595220953e+00 2.375396802053e+00 6.788909733215e-01)	(5.770595220953e+00 2.375396802053e+00 6.788909733215e-01)	(2.925355117120e-03 -6.242187460241e-02 -5.189810914870e-05)	(3.792970996154e-02 -2.580928341819e-04 1.904401238980e-01)	(-7.368557297413e-04 -4.648987017164e-01 -2.213292224163e-04)
17.7                	(5.772384171979e+00 2.375377616602e+00 6.875849197677e-01)	(5.772384171979e+00 2.375377616602e+00 6.875849197677e-01)	(2.849943470034e-03 -9.756423783026e-02 5.005331915780e-05)	(-1.495317923908e-03 -1.129354474233e-04 -2.248846869067e-02)	(-9.093189892799e-04 -2.159986343217e-01 2.125246521462e-04)
17.8                	(5.770682627895e+00 2.375376340418e+00 6.744758168040e-01)	(5.770682627895e+00 2.375376340418e+00 6.744758168040e-01)	(2.763341058051e-03 -1.030459444491e-01 1.029576963871e-04)	(-3.015295709280e-02 8.901054619372e-05 -2.325340020569e-01)	(-9.034402717347e-04 1.086686160399e-01 5.028535153470e-04)
17.9                	(5.766719415407e+00 2.375393279661e+00 6.436626437727e-01)	(5.766719415407e+00 2.375393279661e+00 6.436626437727e-01)	(2.687550030721e-03 -7.706989502589e-02 9.016759999608e-05)	(-4.811858739221e-02 2.400788247033e-04 -3.666496659406e-01)	(-5.054923799228e-04 3.980523503290e-01 6.212479524265e-04)
18                  	(5.761184798055e+00 2.375422126821e+00 6.050862903977e-01)	(5.761184798055e+00 2.375422126821e+00 6.050862903977e-01)	(2.671498678162e-03 -2.737335185756e-02 1.899187881331e-05)	(-6.184810141338e-02 3.282294159735e-04 -3.837338060389e-01)	(2.784104778300e-04 5.693947376241e-01 5.923891233544e-04)
18.1                	(5.754659572139e+00 2.375456471563e+00 5.710053496542e-01)	(5.754659572139e+00 2.375456471563e+00 5.710053496542e-01)	(2.734865605706e-03 3.056030630271e-02 -8.654425622348e-05)	(-6.589594415445e-02 3.423506041600e-04 -2.795588792044e-01)	(9.221792069371e-04 5.558818779117e-01 3.979108154845e-04)
18.2                	(5.748826591560e+00 2.375486767274e+00 5.520680277028e-01)	(5.748826591560e+00 2.375486767274e+00 5.520680277028e-01)	(2.846669276379e-03 7.753259547880e-02 -1.945255807040e-04)	(-4.568572668560e-02 2.441865411999e-04 -8.938757407937e-02)	(1.121705638271e-03 3.565940255965e-01 4.040082572980e-05)
18.3                	(5.746471531206e+00 2.375502053007e+00 5.540431313944e-01)	(5.746471531206e+00 2.375502053007e+00 5.540431313944e-01)	(2.957902181321e-03 9.798389699956e-02 -2.736751971850e-04)	(1.765732801153e-03 4.954204807786e-05 1.275268639114e-01)	(8.931960963773e-04 4.323560544471e-02 -4.375134089673e-04)
18.4                	(5.749286225295e+00 2.375496555093e+00 5.760764196018e-01)	(5.749286225295e+00 2.375496555093e+00 5.760764196018e-01)	(3.024777398704e-03 8.657102126004e-02 -3.003878822939e-04)	(5.236247719088e-02 -1.537819017350e-04 3.006223103385e-01)	(3.750912064081e-04 -2.611335697879e-01 -7.330633353542e-04)
18.5                	(5.756123332248e+00 2.375473808222e+00 6.109822129966e-01)	(5.756123332248e+00 2.375473808222e+00 6.109822129966e-01)	(3.034297509972e-03 4.882968235906e-02 -2.628169818745e-04)	(7.907484444646e-02 -2.868548586030e-04 3.791435313205e-01)	(-1.163978058914e-04 -4.742340219599e-01 -7.620982726673e-04)
18.6                	(5.763992065678e+00 2.375442527531e+00 6.480542790492e-01)	(5.763992065678e+00 2.375442527531e+00 6.480542790492e-01)	(3.001775696655e-03 -3.751817472958e-03 -1.731208140353e-04)	(7.307702482564e-02 -3.227757341380e-04 3.432725176040e-01)	(-4.759986609542e-04 -5.523886250092e-01 -5.815889319044e-04)
18.7                	(5.769888648813e+00 2.375411944201e+00 6.761534236986e-01)	(5.769888648813e+00 2.375411944201e+00 6.761534236986e-01)	(2.944072236709e-03 -5.642372979145e-02 -5.985473934573e-05)	(4.198534313064e-02 -2.736456043455e-04 2.039288082325e-01)	(-7.328287208357e-04 -4.741436741817e-01 -2.538556066548e-04)
18.8                	(5.772124083975e+00 2.375390850398e+00 6.865864561325e-01)	(5.772124083975e+00 2.375390850398e+00 6.865864561325e-01)	(2.868277560423e-03 -9.344018999470e-02 4.268059363916e-05)	(2.972349552425e-03 -1.340836585639e-04 -2.097054430392e-03)	(-9.162348865562e-04 -2.433379498909e-01 1.513446130510e-04)
18.9                	(5.770809683180e+00 2.375387208362e+00 6.755806607179e-01)	(5.770809683180e+00 2.375387208362e+00 6.755806607179e-01)	(2.780828323046e-03 -1.021568501085e-01 9.809438806597e-05)	(-2.702899017685e-02 6.754916612017e-05 -2.122292326409e-01)	(-9.191696462537e-04 7.354934260824e-02 4.322312496131e-04)
19                  	(5.767097017062e+00 2.375402502603e+00 6.464958908331e-01)	(5.767097017062e+00 2.375402502603e+00 6.464958908331e-01)	(2.701852090262e-03 -7.961853065047e-02 8.838014718379e-05)	(-4.611114195908e-02 2.271014693140e-04 -3.532155474116e-01)	(-5.632167054361e-04 3.659176910204e-01 5.757024549724e-04)
19.1                	(5.761727045643e+00 2.375430400964e+00 6.087375624488e-01)	(5.761727045643e+00 2.375430400964e+00 6.087375624488e-01)	(2.678041463381e-03 -3.255723875566e-02 2.022722111516e-05)	(-6.057613206599e-02 3.215174433151e-04 -3.812555863021e-01)	(1.919718405450e-04 5.505891392428e-01 5.700166071065e-04)
19.2                	(5.755265537524e+00 2.375464415359e+00 5.743138909549e-01)	(5.755265537524e+00 2.375464415359e+00 5.743138909549e-01)	(2.732830027811e-03 2.450928603508e-02 -8.387329717787e-05)	(-6.613708306943e-02 3.445558086809e-04 -2.886565482850e-01)	(8.548973432220e-04 5.579615042435e-01 4.048940726575e-04)
19.3                	(5.749270497405e+00 2.375495570974e+00 5.540012544717e-01)	(5.749270497405e+00 2.375495570974e+00 5.540012544717e-01)	(2.839424219451e-03 7.274440482347e-02 -1.922458490108e-04)	(-4.888949784341e-02 2.598644665301e-04 -1.070688049674e-01)	(1.095350473752e-03 3.789852304390e-01 9.765303735458e-05)
19.4                	(5.746449572987e+00 2.375512947119e+00 5.539893738874e-01)	(5.746449572987e+00 2.375512947119e+00 5.539893738874e-01)	(2.950317148016e-03 9.611618346717e-02 -2.723162227367e-04)	(-4.002357802356e-03 7.367701720613e-05 1.066223977582e-01)	(9.176761768924e-04 7.688705166834e-02 -3.549066799212e-04)
19.5                	(5.748684379941e+00 2.375509699642e+00 5.740686508104e-01)	(5.748684379941e+00 2.375509699642e+00 5.740686508104e-01)	(3.021857476313e-03 8.805492472263e-02 -3.022378740191e-04)	(4.710322929874e-02 -1.329620686924e-04 2.834863678192e-01)	(4.261925153808e-04 -2.294343364818e-01 -6.833029694467e-04)
19.6                	(5.755130223665e+00 2.375488736173e+00 6.076537842366e-01)	(5.755130223665e+00 2.375488736173e+00 6.076537842366e-01)	(3.036165571327e-03 5.307231553789e-02 -2.687411533860e-04)	(7.677735169900e-02 -2.728775605008e-04 3.705270664465e-01)	(-7.689329769994e-05 -4.518037429026e-01 -7.231423268554e-04)
19.7                	(5.762950369334e+00 2.375458316416e+00 6.444030592979e-01)	(5.762950369334e+00 2.375458316416e+00 6.444030592979e-01)	(3.006944233456e-03 2.054049372326e-03 -1.807679792583e-04)	(7.437268939555e-02 -3.189332026080e-04 3.456069804813e-01)	(-4.422168223080e-04 -5.442177201234e-01 -5.694778263186e-04)
19.8                	(5.769120858658e+00 2.375427596713e+00 6.732761121483e-01)	(5.769120858658e+00 2.375427596713e+00 6.732761121483e-01)	(2.951879693924e-03 -5.063727490068e-02 -6.764922193219e-05)	(4.591307452978e-02 -2.804075822262e-04 2.167639016615e-01)	(-7.009703229035e-04 -4.830793575918e-01 -2.767526211772e-04)
19.9                	(5.771801543440e+00 2.375405185402e+00 6.854044086105e-01)	(5.771801543440e+00 2.375405185402e+00 6.854044086105e-01)	(2.879181797400e-03 -8.942669948951e-02 3.578574710500e-05)	(7.631687065182e-03 -1.532864288483e-04 1.819963483600e-02)	(-8.832006440820e-04 -2.692910247945e-01 9.143473217135e-05)
20                  	(5.770898220151e+00 2.375399020622e+00 6.765244042805e-01)	(5.770898220151e+00 2.375399020622e+00 6.765244042805e-01)	(2.795232336537e-03 -1.012261426690e-01 9.397190649967e-05)	(-2.357627873280e-02 3.909438711014e-05 -1.912633998867e-01)	(-8.866211206529e-04 3.986918460055e-02 3.701562931934e-04)
20.1                	(5.767467374322e+00 2.375411842987e+00 6.492550312863e-01)	(5.767467374322e+00 2.375411842987e+00 6.492550312863e-01)	(2.717846909810e-03 -8.197988700672e-02 8.746410984456e-05)	(-4.381361538957e-02 2.057159310702e-04 -3.387838353708e-01)	(-5.737592640787e-04 3.350923435359e-01 5.289044627266e-04)
20.2                	(5.762287166469e+00 2.375437918068e+00 6.124277143315e-01)	(5.762287166469e+00 2.375437918068e+00 6.124277143315e-01)	(2.690786275725e-03 -3.748726684450e-02 2.170480892850e-05)	(-5.909397515146e-02 3.060372153909e-04 -3.775883901811e-01)	(1.468764951049e-04 5.317099025781e-01 5.418865023970e-04)
20.3                	(5.755908606307e+00 2.375470757555e+00 5.777740657496e-01)	(5.755908606307e+00 2.375470757555e+00 5.777740657496e-01)	(2.740833310986e-03 1.862737098710e-02 -8.147531627964e-05)	(-6.618090685213e-02 3.372789021860e-04 -2.967493971484e-01)	(8.215373555254e-04 5.584969366031e-01 4.087803568790e-04)
20.4                	(5.749774613677e+00 2.375501841690e+00 5.561651936033e-01)	(5.749774613677e+00 2.375501841690e+00 5.561651936033e-01)	(2.844987075858e-03 6.792715137379e-02 -1.910680936040e-04)	(-5.182968725525e-02 2.661872112012e-04 -1.241880198102e-01)	(1.085382750802e-03 3.991195798408e-01 1.342358259058e-04)
20.5                	(5.746511097017e+00 2.375520531037e+00 5.541951084829e-01)	(5.746511097017e+00 2.375520531037e+00 5.541951084829e-01)	(2.955671545647e-03 9.401698778390e-02 -2.730868503829e-04)	(-9.607065520271e-03 9.291150150061e-05 8.572400104547e-02)	(9.223549749548e-04 1.089089103139e-01 -2.794362931683e-04)
20.6                	(5.748165380449e+00 2.375519143776e+00 5.722843640054e-01)	(5.748165380449e+00 2.375519143776e+00 5.722843640054e-01)	(3.028887963486e-03 8.920524571608e-02 -3.060761318013e-04)	(4.167898736321e-02 -1.148514712895e-04 2.656611260103e-01)	(4.398110189233e-04 -1.981889036017e-01 -6.282591550288e-04)
20.7                	(5.754195409989e+00 2.375499778842e+00 6.044630121546e-01)	(5.754195409989e+00 2.375499778842e+00 6.044630121546e-01)	(3.043936495756e-03 5.697766495550e-02 -2.756233095223e-04)	(7.417676420637e-02 -2.591877105326e-04 3.609186832259e-01)	(-7.960866327058e-05 -4.289838213995e-01 -6.764753165328e-04)
20.8                	(5.761934741382e+00 2.375470371770e+00 6.407802389069e-01)	(5.761934741382e+00 2.375470371770e+00 6.407802389069e-01)	(3.013174827347e-03 7.610821576061e-03 -1.882429536743e-04)	(7.534547512080e-02 -3.120273573419e-04 3.467502532168e-01)	(-4.544280971891e-04 -5.346746734026e-01 -5.439129313486e-04)
20.9                	(5.768352286497e+00 2.375440063430e+00 6.703132044667e-01)	(5.768352286497e+00 2.375440063430e+00 6.703132044667e-01)	(2.955869236105e-03 -4.492859162168e-02 -7.411158781569e-05)	(4.963330210490e-02 -2.795459161201e-04 2.285045933516e-01)	(-7.162991297026e-04 -4.899842863075e-01 -2.855953633563e-04)
21                  	(5.771464861345e+00 2.375417234071e+00 6.840399117753e-01)	(5.771464861345e+00 2.375417234071e+00 6.840399117753e-01)	(2.881925037649e-03 -8.527674127141e-02 3.095136002825e-05)	(1.221805970269e-02 -1.620091970350e-04 3.768146319633e-02)	(-8.859141382921e-04 -2.931709289937e-01 4.299209783736e-05)
21.1                	(5.770974212987e+00 2.375409590019e+00 6.772376655583e-01)	(5.770974212987e+00 2.375409590019e+00 6.772376655583e-01)	(2.798312841375e-03 -1.000099305673e-01 9.166061601348e-05)	(-2.008987846597e-02 1.861426742295e-05 -1.705084149184e-01)	(-8.729028185512e-04 7.150250277920e-03 3.062049848201e-04)
21.2                	(5.767826288246e+00 2.375420630706e+00 6.517976675221e-01)	(5.767826288246e+00 2.375420630706e+00 6.517976675221e-01)	(2.721341770024e-03 -8.401591022883e-02 8.848445210023e-05)	(-4.155093823165e-02 1.910525363390e-04 -3.239503225277e-01)	(-5.868984688077e-04 3.041905062351e-01 4.811754088692e-04)
21.3                	(5.762829433283e+00 2.375445414963e+00 6.159622344952e-01)	(5.762829433283e+00 2.375445414963e+00 6.159622344952e-01)	(2.691503420425e-03 -4.215914763628e-02 2.553129398072e-05)	(-5.768554967366e-02 2.940073307328e-04 -3.731048910948e-01)	(1.116739296776e-04 5.115217520206e-01 5.078401120770e-04)
21.4                	(5.756530628456e+00 2.375477238200e+00 5.811673430710e-01)	(5.756530628456e+00 2.375477238200e+00 5.811673430710e-01)	(2.738461890053e-03 1.283279705535e-02 -7.619381248148e-05)	(-6.618116344099e-02 3.297009237026e-04 -3.039219827574e-01)	(8.131496766533e-04 5.570476929410e-01 4.071763754183e-04)
21.5                	(5.750270392149e+00 2.375508063931e+00 5.583501472805e-01)	(5.750270392149e+00 2.375508063931e+00 5.583501472805e-01)	(2.843534311460e-03 6.299721434031e-02 -1.865462211419e-04)	(-5.455428839597e-02 2.697476678614e-04 -1.404980705839e-01)	(1.119530741361e-03 4.173616007862e-01 1.636552423848e-04)
21.6                	(5.746585814753e+00 2.375527795291e+00 5.544889135976e-01)	(5.746585814753e+00 2.375527795291e+00 5.544889135976e-01)	(2.958792324353e-03 9.166077663482e-02 -2.712676514961e-04)	(-1.505066564491e-02 1.088404267179e-04 6.523786771074e-02)	(9.780188250072e-04 1.402170027036e-01 -2.178166405668e-04)
21.7                	(5.747665109823e+00 2.375528132417e+00 5.706082103652e-01)	(5.747665109823e+00 2.375528132417e+00 5.706082103652e-01)	(3.038250382593e-03 9.009004610164e-02 -3.080091698643e-04)	(3.615960643568e-02 -9.827076343232e-05 2.477657675069e-01)	(5.004722565539e-04 -1.664527895975e-01 -5.754995677406e-04)
21.8                	(5.753260451005e+00 2.375510046837e+00 6.013585279063e-01)	(5.753260451005e+00 2.375510046837e+00 6.013585279063e-01)	(3.058122358934e-03 6.069570333803e-02 -2.812808093469e-04)	(7.129858730878e-02 -2.500585669888e-04 3.509090893153e-01)	(-4.731186019098e-05 -4.050825958175e-01 -6.415461290936e-04)
21.9                	(5.760888522118e+00 2.375481102864e+00 6.371942491557e-01)	(5.760888522118e+00 2.375481102864e+00 6.371942491557e-01)	(3.028691164189e-03 1.309931388367e-02 -1.959079464260e-04)	(7.600264141321e-02 -3.112408419302e-04 3.473443807753e-01)	(-4.528241956125e-04 -5.238875740323e-01 -5.330735856107e-04)
22                  	(5.767525478746e+00 2.375450646906e+00 6.673272755701e-01)	(5.767525478746e+00 2.375450646906e+00 6.673272755701e-01)	(2.969873952023e-03 -3.915433922963e-02 -8.160760549009e-05)	(5.311839134213e-02 -2.839899326000e-04 2.396201330440e-01)	(-7.323502896216e-04 -4.954824125232e-01 -3.012607482141e-04)
22.1                	(5.771054128044e+00 2.375426940144e+00 6.825941216638e-01)	(5.771054128044e+00 2.375426940144e+00 6.825941216638e-01)	(2.893482354423e-03 -8.092200392348e-02 2.541478740211e-05)	(1.670949240473e-02 -1.765829557424e-04 5.666719718875e-02)	(-9.093976932161e-04 -3.157584906359e-01 -3.776207358413e-06)
22.2                	(5.770979426640e+00 2.375417436480e+00 6.778490353907e-01)	(5.770979426640e+00 2.375417436480e+00 6.778490353907e-01)	(2.807136641130e-03 -9.851248794897e-02 8.973506907840e-05)	(-1.651194602291e-02 -4.754343879696e-06 -1.496667260207e-01)	(-8.996738992126e-04 -2.539242160901e-02 2.522093461475e-04)
22.3                	(5.768121602879e+00 2.375426152989e+00 6.542690273758e-01)	(5.768121602879e+00 2.375426152989e+00 6.542690273758e-01)	(2.726814083209e-03 -8.578449516658e-02 9.006980872722e-05)	(-3.922832779585e-02 1.689201674901e-04 -3.085989984610e-01)	(-6.370293020287e-04 2.728954804233e-01 4.380235849618e-04)
22.4                	(5.763314667914e+00 2.375449188578e+00 6.194873558815e-01)	(5.763314667914e+00 2.375449188578e+00 6.194873558815e-01)	(2.690402564392e-03 -4.662592876895e-02 3.115791153243e-05)	(-5.619427169962e-02 2.808052306718e-04 -3.679685199278e-01)	(3.517776287223e-05 4.904711736051e-01 4.836243828209e-04)
22.5                	(5.757109478442e+00 2.375480008448e+00 5.846228155874e-01)	(5.757109478442e+00 2.375480008448e+00 5.846228155874e-01)	(2.730149674155e-03 7.128385747270e-03 -6.827804802146e-05)	(-6.597091292876e-02 3.225594164825e-04 -3.103807133125e-01)	(7.645330065152e-04 5.542611921115e-01 4.035948745602e-04)
22.6                	(5.750751777861e+00 2.375510616428e+00 5.606607477930e-01)	(5.750751777861e+00 2.375510616428e+00 5.606607477930e-01)	(2.832827343811e-03 5.802015244694e-02 -1.792298451010e-04)	(-5.691075494696e-02 2.732825415785e-04 -1.562846904180e-01)	(1.129967131753e-03 4.342952228667e-01 1.801783038527e-04)
22.7                	(5.746681706502e+00 2.375531406331e+00 5.549460904612e-01)	(5.746681706502e+00 2.375531406331e+00 5.549460904612e-01)	(2.951416553754e-03 8.915024434575e-02 -2.672256845997e-04)	(-2.019178098659e-02 1.259676265684e-04 4.492796962637e-02)	(1.035198950512e-03 1.709139856236e-01 -1.703860334059e-04)
22.8                	(5.747203845290e+00 2.375533723710e+00 5.690919440298e-01)	(5.747203845290e+00 2.375533723710e+00 5.690919440298e-01)	(3.037891492808e-03 9.080141068434e-02 -3.082637723443e-04)	(3.070748988218e-02 -7.822376602046e-05 2.297102784705e-01)	(5.769939256076e-04 -1.346940861063e-01 -5.254111760824e-04)
22.9                	(5.752357889931e+00 2.375517311931e+00 5.983755556313e-01)	(5.752357889931e+00 2.375517311931e+00 5.983755556313e-01)	(3.065106301048e-03 6.426594790971e-02 -2.863078329084e-04)	(6.827088302597e-02 -2.375826625956e-04 3.403502617934e-01)	(1.461938079763e-05 -3.807605384611e-01 -6.168073791110e-04)
23                  	(5.759856424520e+00 2.375489184502e+00 6.336624057909e-01)	(5.759856424520e+00 2.375489184502e+00 6.336624057909e-01)	(3.040274568609e-03 1.849392580050e-02 -2.043932881372e-04)	(7.646080868987e-02 -3.073007896056e-04 3.471514635388e-01)	(-4.199575066766e-04 -5.124236335947e-01 -5.243846852342e-04)
23.1                	(5.766695538120e+00 2.375458853359e+00 6.643127561780e-01)	(5.766695538120e+00 2.375458853359e+00 6.643127561780e-01)	(2.983336486896e-03 -3.339545647072e-02 -9.037038568108e-05)	(5.646597646453e-02 -2.861794927729e-04 2.499051487020e-01)	(-7.168522103565e-04 -5.000811748036e-01 -3.149310122662e-04)
23.2                	(5.770634994027e+00 2.375434505478e+00 6.810391862220e-01)	(5.770634994027e+00 2.375434505478e+00 6.810391862220e-01)	(2.907623510506e-03 -7.648160515652e-02 1.909643054783e-05)	(2.124263214810e-02 -1.879736012619e-04 7.494893409476e-02)	(-9.017116270973e-04 -3.373475398155e-01 -4.292594254454e-05)
23.3                	(5.770986055836e+00 2.375423294425e+00 6.782958936338e-01)	(5.770986055836e+00 2.375423294425e+00 6.782958936338e-01)	(2.821248288286e-03 -9.686112745178e-02 8.744411973578e-05)	(-1.277516839599e-02 -2.733215005644e-05 -1.291720775369e-01)	(-9.027580294897e-04 -5.760826996725e-02 2.074809117184e-04)
23.4                	(5.768436021107e+00 2.375429684950e+00 6.565695694626e-01)	(5.768436021107e+00 2.375429684950e+00 6.565695694626e-01)	(2.739687037483e-03 -8.740088496548e-02 9.170105188647e-05)	(-3.673885425053e-02 1.468821752002e-04 -2.930923100146e-01)	(-6.707896721207e-04 2.413363605500e-01 3.900345792388e-04)
23.5                	(5.763834336245e+00 2.375450907011e+00 6.228760369988e-01)	(5.763834336245e+00 2.375450907011e+00 6.228760369988e-01)	(2.697733723073e-03 -5.099480679601e-02 3.628313326701e-05)	(-5.455690591773e-02 2.662493059642e-04 -3.622866815306e-01)	(-3.797797480032e-05 4.685253839065e-01 4.599453727568e-04)
23.6                	(5.757738058199e+00 2.375480622021e+00 5.880028409410e-01)	(5.757738058199e+00 2.375480622021e+00 5.880028409410e-01)	(2.729632119908e-03 1.404260499848e-03 -6.068634728289e-05)	(-6.558338467827e-02 3.144457219173e-04 -3.161893544658e-01)	(7.002196271759e-04 5.500994519981e-01 4.071983203974e-04)
23.7                	(5.751304778391e+00 2.375510907005e+00 5.629601632733e-01)	(5.751304778391e+00 2.375510907005e+00 5.629601632733e-01)	(2.827474689013e-03 5.288494269611e-02 -1.719208536678e-04)	(-5.900789073071e-02 2.750490565914e-04 -1.714604024769e-01)	(1.112393061687e-03 4.499180021781e-01 2.030733310933e-04)
23.8                	(5.746873649740e+00 2.375532495265e+00 5.554478442478e-01)	(5.746873649740e+00 2.375532495265e+00 5.554478442478e-01)	(2.946101442515e-03 8.637426984641e-02 -2.633339468378e-04)	(-2.513620766516e-02 1.408722794736e-04 2.508663650479e-02)	(1.054780454864e-03 2.009172486939e-01 -1.224854747652e-04)
23.9                	(5.746842820843e+00 2.375536629231e+00 5.676463568367e-01)	(5.746842820843e+00 2.375536629231e+00 5.676463568367e-01)	(3.036111096296e-03 9.123566133659e-02 -3.090094465201e-04)	(2.512982222303e-02 -5.911729640947e-05 2.116992027886e-01)	(6.174631179772e-04 -1.025599517030e-01 -4.780365837129e-04)
24                  	(5.751532321542e+00 2.375521920453e+00 5.954579546689e-01)	(5.751532321542e+00 2.375521920453e+00 5.954579546689e-01)	(3.067706739377e-03 6.761568812340e-02 -2.926432789422e-04)	(6.491250007675e-02 -2.242721366159e-04 3.296268106252e-01)	(4.941976127549e-05 -3.557071398501e-01 -5.977879412644e-04)
24.1                	(5.758863380936e+00 2.375494784283e+00 6.301723552759e-01)	(5.758863380936e+00 2.375494784283e+00 6.301723552759e-01)	(3.045289952293e-03 2.375320275549e-02 -2.153404346863e-04)	(7.651050870085e-02 -3.009534591059e-04 3.466780007593e-01)	(-4.039694902894e-04 -5.000176386703e-01 -5.201831748482e-04)
24.2                	(5.765864940545e+00 2.375464816084e+00 6.613069444896e-01)	(5.765864940545e+00 2.375464816084e+00 6.613069444896e-01)	(2.988650989708e-03 -2.767411416269e-02 -1.019020600981e-04)	(5.944721158192e-02 -2.855276634557e-04 2.598608830244e-01)	(-7.155607739607e-04 -5.036471588340e-01 -3.121550036198e-04)
24.3                	(5.770186052776e+00 2.375440150780e+00 6.794592422089e-01)	(5.770186052776e+00 2.375440150780e+00 6.794592422089e-01)	(2.912651574176e-03 -7.196147280284e-02 1.094304376310e-05)	(2.555091123257e-02 -1.964732544947e-04 9.291735046548e-02)	(-9.007413859129e-04 -3.577004470824e-01 -5.837251427942e-05)
24.4                	(5.770950965698e+00 2.375427576610e+00 6.787033293813e-01)	(5.770950965698e+00 2.375427576610e+00 6.787033293813e-01)	(2.826118428068e-03 -9.503355563785e-02 8.514379795608e-05)	(-9.086104202433e-03 -4.703696389605e-05 -1.086663809991e-01)	(-9.106713911073e-04 -8.917765641949e-02 1.887512166637e-04)
24.5                	(5.768708202318e+00 2.375431799044e+00 6.588536172617e-01)	(5.768708202318e+00 2.375431799044e+00 6.588536172617e-01)	(2.744119338175e-03 -8.881524273228e-02 9.605122165605e-05)	(-3.424537120481e-02 1.262280230805e-04 -2.772262784560e-01)	(-6.952861437288e-04 2.097828512333e-01 3.678518334442e-04)
24.6                	(5.764313591740e+00 2.375451392018e+00 6.262920881210e-01)	(5.764313591740e+00 2.375451392018e+00 6.262920881210e-01)	(2.698197964990e-03 -5.518366367422e-02 4.663379377683e-05)	(-5.288007611518e-02 2.535916093956e-04 -3.560982592405e-01)	(-9.467852859096e-05 4.460768151940e-01 4.544574828768e-04)
24.7                	(5.758334761814e+00 2.375480077992e+00 5.914612494774e-01)	(5.758334761814e+00 2.375480077992e+00 5.914612494774e-01)	(2.724112059022e-03 -4.220459693976e-03 -4.603673425421e-05)	(-6.505271465420e-02 3.062891698080e-04 -3.215074001498e-01)	(6.543819790478e-04 5.448772850490e-01 4.183504390658e-04)
24.8                	(5.751847129300e+00 2.375509908047e+00 5.653787535287e-01)	(5.751847129300e+00 2.375509908047e+00 5.653787535287e-01)	(2.819046427393e-03 4.772919316622e-02 -1.563179710873e-04)	(-6.082953385215e-02 2.748953112399e-04 -1.863311284832e-01)	(1.115579841156e-03 4.642582613425e-01 2.228315691393e-04)
24.9                	(5.747083727526e+00 2.375532064746e+00 5.560854717719e-01)	(5.747083727526e+00 2.375532064746e+00 5.560854717719e-01)	(2.939939415219e-03 8.345929773595e-02 -2.513748279554e-04)	(-2.986351657928e-02 1.519754301488e-04 5.181963646338e-03)	(1.099478106722e-03 2.301077463292e-01 -9.091192221808e-05)
25                  	(5.746515641188e+00 2.375537753197e+00 5.663168654005e-01)	(5.746515641188e+00 2.375537753197e+00 5.663168654005e-01)	(3.036006198701e-03 9.148749726655e-02 -3.031550179875e-04)	(1.957565170135e-02 -4.236839789408e-05 1.933299274584e-01)	(6.800726138327e-04 -7.054896269783e-02 -4.483661125149e-04)
25.1                	(5.750729568173e+00 2.375524536996e+00 5.926054706087e-01)	(5.750729568173e+00 2.375524536996e+00 5.926054706087e-01)	(3.074242342612e-03 7.079262243099e-02 -2.945059179249e-04)	(6.134168174264e-02 -2.130885869220e-04 3.182721361564e-01)	(1.028294471383e-04 -3.303788097523e-01 -6.033041038544e-04)
25.2                	(5.757866487228e+00 2.375498082738e+00 6.266759916465e-01)	(5.757866487228e+00 2.375498082738e+00 6.266759916465e-01)	(3.055790845092e-03 2.888529354688e-02 -2.242986606458e-04)	(7.626952112377e-02 -2.982237750349e-04 3.454672187406e-01)	(-3.774105185074e-04 -4.869796220208e-01 -5.402350511468e-04)
25.3                	(5.765002726969e+00 2.375468116156e+00 6.582180374171e-01)	(5.765002726969e+00 2.375468116156e+00 6.582180374171e-01)	(2.999841651548e-03 -2.199396077070e-02 -1.139670293650e-04)	(6.219439727271e-02 -2.878131341247e-04 2.690568957599e-01)	(-7.136915804773e-04 -5.060881578633e-01 -3.316698104470e-04)
25.4                	(5.769687603784e+00 2.375442947138e+00 6.777248931557e-01)	(5.769687603784e+00 2.375442947138e+00 6.777248931557e-01)	(2.922771943883e-03 -6.735579312050e-02 5.653658083733e-07)	(2.975886461351e-02 -2.044829380396e-04 1.102630130536e-01)	(-9.106739215263e-04 -3.766555119823e-01 -7.988863856814e-05)
25.5                	(5.770866681478e+00 2.375429173260e+00 6.789158791684e-01)	(5.770866681478e+00 2.375429173260e+00 6.789158791684e-01)	(2.834401722864e-03 -9.300071856535e-02 7.971625830338e-05)	(-5.304274739972e-03 -6.300513273542e-05 -8.822096849398e-02)	(-9.434397793090e-04 -1.200637161656e-01 1.620027830631e-04)
25.6                	(5.768942663951e+00 2.375431619622e+00 6.609569487771e-01)	(5.768942663951e+00 2.375431619622e+00 6.609569487771e-01)	(2.749663859271e-03 -8.998066492326e-02 9.718013026361e-05)	(-3.163283346261e-02 1.099006685872e-04 -2.609737103960e-01)	(-7.426055562611e-04 1.783505826063e-01 3.473823643155e-04)
25.7                	(5.764766510103e+00 2.375449896546e+00 6.295836108050e-01)	(5.764766510103e+00 2.375449896546e+00 6.295836108050e-01)	(2.697509956883e-03 -5.914291362070e-02 5.395350763707e-05)	(-5.108529266856e-02 2.434228146601e-04 -3.491869388102e-01)	(-1.751293417449e-04 4.230463079423e-01 4.454799705277e-04)
25.8                	(5.758920194095e+00 2.375477780869e+00 5.948751419702e-01)	(5.758920194095e+00 2.375477780869e+00 5.948751419702e-01)	(2.714981567417e-03 -9.714711482750e-03 -3.430221059360e-05)	(-6.432230888924e-02 3.002333816293e-04 -3.259914152544e-01)	(5.835790732541e-04 5.383058474445e-01 4.310324541337e-04)
25.9                	(5.752404902742e+00 2.375507424426e+00 5.678314951613e-01)	(5.752404902742e+00 2.375507424426e+00 5.678314951613e-01)	(2.804550872231e-03 4.255436024097e-02 -1.428675697437e-04)	(-6.232464389213e-02 2.773778265059e-04 -2.005121650457e-01)	(1.098833950932e-03 4.770701311778e-01 2.496555968051e-04)
26                  	(5.747344263956e+00 2.375530379776e+00 5.568166828654e-01)	(5.747344263956e+00 2.375530379776e+00 5.568166828654e-01)	(2.926183778203e-03 8.038102920793e-02 -2.405236160453e-04)	(-3.424366405512e-02 1.658557439614e-04 -1.419133964990e-02)	(1.135495230857e-03 2.579881276386e-01 -5.870599425103e-05)
26.1                	(5.746258093785e+00 2.375537837700e+00 5.651048489446e-01)	(5.746258093785e+00 2.375537837700e+00 5.651048489446e-01)	(3.028379058076e-03 9.150042434537e-02 -2.980478739240e-04)	(1.406489179937e-02 -2.347727319762e-05 1.749490955471e-01)	(7.526629701162e-04 -3.875434609693e-02 -4.171367591123e-04)
26.2                	(5.749989782214e+00 2.375526318098e+00 5.898551055111e-01)	(5.749989782214e+00 2.375526318098e+00 5.898551055111e-01)	(3.074901867352e-03 7.373700054800e-02 -2.968104972785e-04)	(5.760117500592e-02 -1.994868532860e-04 3.066214736096e-01)	(1.771885032725e-04 -3.047121490189e-01 -6.058369132712e-04)
26.3                	(5.756909263893e+00 2.375500683434e+00 6.232419921852e-01)	(5.756909263893e+00 2.375500683434e+00 6.232419921852e-01)	(3.063154125698e-03 3.384167305269e-02 -2.336599136449e-04)	(7.575774526419e-02 -2.947686907738e-04 3.437845125449e-01)	(-3.215921033273e-04 -4.731671805560e-01 -5.573324828390e-04)
26.4                	(5.764152903969e+00 2.375470711120e+00 6.551411090479e-01)	(5.764152903969e+00 2.375470711120e+00 6.551411090479e-01)	(3.011041185242e-03 -1.639622705972e-02 -1.267951955486e-04)	(6.469189587749e-02 -2.900860289713e-04 2.777535039083e-01)	(-6.805339788683e-04 -5.074169582537e-01 -3.499421190000e-04)
26.5                	(5.769181061321e+00 2.375444958934e+00 6.759522852762e-01)	(5.769181061321e+00 2.375444958934e+00 6.759522852762e-01)	(2.935687054620e-03 -6.270942777396e-02 -1.089139722346e-05)	(3.381993243643e-02 -2.140659881853e-04 1.271545222085e-01)	(-8.961765740173e-04 -3.942738983926e-01 -9.792099779389e-05)
26.6                	(5.770770496921e+00 2.375429850260e+00 6.790616467556e-01)	(5.770770496921e+00 2.375429850260e+00 6.790616467556e-01)	(2.847641706690e-03 -9.080866217740e-02 7.351613130623e-05)	(-1.476336150861e-03 -8.012152389777e-05 -6.783250466786e-02)	(-9.544476301806e-04 -1.501099640842e-01 1.408161137940e-04)
26.7                	(5.769171484534e+00 2.375430365531e+00 6.630081836332e-01)	(5.769171484534e+00 2.375430365531e+00 6.630081836332e-01)	(2.761334451888e-03 -9.094767988881e-02 9.784987740544e-05)	(-2.896278192549e-02 9.187662212899e-05 -2.444630530829e-01)	(-7.805599561924e-04 1.470453537669e-01 3.285966426846e-04)
26.8                	(5.765221299675e+00 2.375447172370e+00 6.328651933179e-01)	(5.765221299675e+00 2.375447172370e+00 6.328651933179e-01)	(2.703430414416e-03 -6.292979005473e-02 6.078799021396e-05)	(-4.920321776879e-02 2.328728371540e-04 -3.417573356457e-01)	(-2.581145219104e-04 3.993960879477e-01 4.363087311277e-04)
26.9                	(5.759518375014e+00 2.375474387353e+00 5.983363096519e-01)	(5.759518375014e+00 2.375474387353e+00 5.983363096519e-01)	(2.711451239575e-03 -1.513443401572e-02 -2.325293892817e-05)	(-6.345377147281e-02 2.970443096150e-04 -3.299038257559e-01)	(4.922390619055e-04 5.304556178252e-01 4.419187325917e-04)
27                  	(5.752994408616e+00 2.375504072991e+00 5.703817566557e-01)	(5.752994408616e+00 2.375504072991e+00 5.703817566557e-01)	(2.793090216423e-03 3.730890373609e-02 -1.299974969771e-04)	(-6.358625497391e-02 2.821091364468e-04 -2.142802045710e-01)	(1.051271637773e-03 4.883312240906e-01 2.761836948817e-04)
27.1                	(5.747661717655e+00 2.375527971033e+00 5.576737908363e-01)	(5.747661717655e+00 2.375527971033e+00 5.576737908363e-01)	(2.912367485948e-03 7.708868570061e-02 -2.296681534282e-04)	(-3.840199566103e-02 1.810677590554e-04 -3.342954672260e-02)	(1.141162264665e-03 2.846889824244e-01 -1.857724665469e-05)
27.2                	(5.746069210017e+00 2.375537339736e+00 5.640106271846e-01)	(5.746069210017e+00 2.375537339736e+00 5.640106271846e-01)	(3.017904691752e-03 9.123770628417e-02 -2.926083267346e-04)	(8.551824415162e-03 -2.612943476287e-06 1.563122555689e-01)	(8.022759304618e-04 -7.072157861052e-03 -3.873898432968e-04)
27.3                	(5.749303808382e+00 2.375527760029e+00 5.871773933476e-01)	(5.749303808382e+00 2.375527760029e+00 5.871773933476e-01)	(3.071061568711e-03 7.643473927453e-02 -2.987078300807e-04)	(5.359402164109e-02 -1.824765511143e-04 2.943343310571e-01)	(2.395299398562e-04 -2.783902795392e-01 -5.997440736749e-04)
27.4                	(5.755975265809e+00 2.375503281480e+00 6.198095391366e-01)	(5.755975265809e+00 2.375503281480e+00 6.198095391366e-01)	(3.065421550961e-03 3.863733746080e-02 -2.426550198810e-04)	(7.491313801540e-02 -2.889151532265e-04 3.413166535744e-01)	(-2.676138324000e-04 -4.583126544693e-01 -5.701963800344e-04)
27.5                	(5.763294737817e+00 2.375473555693e+00 6.519875200271e-01)	(5.763294737817e+00 2.375473555693e+00 6.519875200271e-01)	(3.017419716333e-03 -1.083805462161e-02 -1.397351375474e-04)	(6.691735323538e-02 -2.908026643349e-04 2.856940069441e-01)	(-6.409087804930e-04 -5.073900666234e-01 -3.661989466147e-04)
27.6                	(5.768645754103e+00 2.375447444384e+00 6.740344739640e-01)	(5.768645754103e+00 2.375447444384e+00 6.740344739640e-01)	(2.944646515665e-03 -5.795762260132e-02 -2.303332175256e-05)	(3.776713430080e-02 -2.212785678432e-04 1.434409333420e-01)	(-8.691068171340e-04 -4.104178437599e-01 -1.159756395320e-04)
27.7                	(5.770640528650e+00 2.375431202188e+00 6.790183284429e-01)	(5.770640528650e+00 2.375431202188e+00 6.790183284429e-01)	(2.858494799001e-03 -8.838499772882e-02 6.608613240525e-05)	(2.392817795257e-03 -9.518036761526e-05 -4.762956426400e-02)	(-9.478930314544e-04 -1.792517836571e-01 1.229460243482e-04)
27.8                	(5.769373593481e+00 2.375429896325e+00 6.648830993549e-01)	(5.769373593481e+00 2.375429896325e+00 6.648830993549e-01)	(2.772547489998e-03 -9.165203641015e-02 9.694515291205e-05)	(-2.620186269389e-02 7.338028946484e-05 -2.274673663683e-01)	(-7.962992182554e-04 1.155283019314e-01 3.055693300062e-04)
27.9                	(5.765655954513e+00 2.375445091146e+00 6.360321335376e-01)	(5.765655954513e+00 2.375445091146e+00 6.360321335376e-01)	(2.711269698850e-03 -6.650256923774e-02 6.540183862864e-05)	(-4.726013941369e-02 2.201202276026e-04 -3.335590868207e-01)	(-3.176548102580e-04 3.748977712991e-01 4.200437311636e-04)
28                  	(5.760105584791e+00 2.375471471654e+00 6.017669811726e-01)	(5.760105584791e+00 2.375471471654e+00 6.017669811726e-01)	(2.711737997060e-03 -2.045836306913e-02 -1.534991888476e-05)	(-6.245265061432e-02 2.931059366317e-04 -3.329483343540e-01)	(4.123971254193e-04 5.211399149965e-01 4.427226836416e-04)
