# Motion State      
# Angle Units       : radians
# Time              	centreOfRotation	centreOfMass	rotation	velocity	omega
0.1                 	(5.750155166608e+00 2.374997251999e+00 5.954080612064e-01)	(5.750155166608e+00 2.374997251999e+00 5.954080612064e-01)	(9.960033571240e-05 1.512953801855e-03 -4.580427625730e-07)	(3.319956568115e-03 -4.976130859896e-05 -1.983946074656e-01)	(3.177120167337e-03 3.801308575976e-02 -2.097616513930e-05)
0.2                 	(5.750582373674e+00 2.374993344769e+00 5.812740449448e-01)	(5.750582373674e+00 2.374993344769e+00 5.812740449448e-01)	(6.082761758220e-04 6.790230710845e-03 -7.789034779903e-06)	(4.835658837451e-03 -2.388402470465e-05 -8.041574398673e-02)	(6.769797727753e-03 6.192684926949e-02 -1.077782546030e-04)
0.3                 	(5.751073348908e+00 2.374990256118e+00 5.794678188900e-01)	(5.751073348908e+00 2.374990256118e+00 5.794678188900e-01)	(1.404817053010e-03 1.273613959189e-02 -2.980431190620e-05)	(4.873673678117e-03 -6.343502545657e-05 4.208367742824e-02)	(8.895807564382e-03 5.156707347807e-02 -1.994864198798e-04)
0.4                 	(5.751545629838e+00 2.374975261698e+00 5.890173345798e-01)	(5.751545629838e+00 2.374975261698e+00 5.890173345798e-01)	(2.333642827458e-03 1.664864736341e-02 -5.618912443973e-05)	(4.527341392169e-03 -2.534853720111e-04 1.426102056998e-01)	(9.383222782946e-03 2.502157562444e-02 -1.795563412327e-04)
0.5                 	(5.751956225399e+00 2.374939177761e+00 6.061219470479e-01)	(5.751956225399e+00 2.374939177761e+00 6.061219470479e-01)	(3.228469998529e-03 1.730733852312e-02 -7.582869948589e-05)	(3.548120084321e-03 -4.566882140660e-04 1.886480241141e-01)	(8.281393406869e-03 -1.322127778478e-02 -2.071349482779e-04)
0.6                 	(5.752232791216e+00 2.374889026024e+00 6.245163337596e-01)	(5.752232791216e+00 2.374889026024e+00 6.245163337596e-01)	(3.954950174297e-03 1.397397604837e-02 -9.164229184833e-05)	(1.925549103894e-03 -5.107708244354e-04 1.689218800402e-01)	(6.109304956636e-03 -5.185847606324e-02 -3.571540610304e-04)
0.7                 	(5.752358903208e+00 2.374844226771e+00 6.383900552387e-01)	(5.752358903208e+00 2.374844226771e+00 6.383900552387e-01)	(4.427587545849e-03 7.801110154967e-03 -1.039635344261e-04)	(8.599260192334e-04 -3.521828272068e-04 1.029123218569e-01)	(3.250818390932e-03 -6.611571641462e-02 -3.862106220589e-04)
0.8                 	(5.752467835855e+00 2.374824770497e+00 6.442137563206e-01)	(5.752467835855e+00 2.374824770497e+00 6.442137563206e-01)	(4.594756091817e-03 1.664075160093e-03 -1.125122401030e-04)	(1.660957886729e-03 -1.355764594170e-05 1.112327732532e-02)	(8.402946519080e-05 -5.283806258294e-02 -3.294505400494e-04)
0.9                 	(5.752762627766e+00 2.374842014970e+00 6.406627121447e-01)	(5.752762627766e+00 2.374842014970e+00 6.406627121447e-01)	(4.454967962286e-03 -2.166776786265e-03 -1.209450273903e-04)	(4.494627002192e-03 3.410079079279e-04 -7.880630800398e-02)	(-2.769871225036e-03 -2.177896108999e-02 -1.844177178277e-04)
1                   	(5.753398409963e+00 2.374887578678e+00 6.297495383283e-01)	(5.753398409963e+00 2.374887578678e+00 6.297495383283e-01)	(4.067234827691e-03 -2.359842175018e-03 -1.304146417311e-04)	(8.225299087741e-03 5.401307000860e-04 -1.309447703976e-01)	(-4.837868910936e-03 1.852751247383e-02 -2.699255237898e-05)
1.1                 	(5.754375532075e+00 2.374946619249e+00 6.162078416967e-01)	(5.754375532075e+00 2.374946619249e+00 6.162078416967e-01)	(3.516067391647e-03 1.221474882660e-03 -1.390274186668e-04)	(1.103826888208e-02 6.267868065847e-04 -1.318868988091e-01)	(-6.038487432288e-03 4.938689654491e-02 1.117498642325e-04)
1.2                 	(5.755547392444e+00 2.375009115690e+00 6.047246583859e-01)	(5.755547392444e+00 2.375009115690e+00 6.047246583859e-01)	(2.893952322446e-03 6.518657724536e-03 -1.450963871218e-04)	(1.212617191943e-02 6.028472138606e-04 -9.222572870789e-02)	(-6.219390390065e-03 5.119057760773e-02 8.999064130867e-05)
1.3                 	(5.756763493874e+00 2.375064333849e+00 5.986660710209e-01)	(5.756763493874e+00 2.375064333849e+00 5.986660710209e-01)	(2.305327192215e-03 1.063846387022e-02 -1.501088421709e-04)	(1.204180886635e-02 4.906471111726e-04 -2.577836541819e-02)	(-5.411531161058e-03 2.833349464692e-02 2.070382333964e-05)
1.4                 	(5.757934713333e+00 2.375106634483e+00 5.997715350086e-01)	(5.757934713333e+00 2.375106634483e+00 5.997715350086e-01)	(1.837991925152e-03 1.177502325922e-02 -1.539961005900e-04)	(1.127612695247e-02 3.603600998452e-04 4.645519523583e-02)	(-3.832220858477e-03 -7.103775102422e-03 -3.850617054204e-05)
1.5                 	(5.758989828320e+00 2.375137908093e+00 6.072174889007e-01)	(5.758989828320e+00 2.375137908093e+00 6.072174889007e-01)	(1.552809592706e-03 9.079236775443e-03 -1.526877993671e-04)	(9.672370414734e-03 2.721473647568e-04 9.722086686106e-02)	(-1.831756278963e-03 -4.622737895043e-02 -7.990090632660e-06)
1.6                 	(5.759842327113e+00 2.375161909912e+00 6.180575720785e-01)	(5.759842327113e+00 2.375161909912e+00 6.180575720785e-01)	(1.473549556640e-03 3.003434854754e-03 -1.403535009357e-04)	(7.284709566615e-03 2.083705242410e-04 1.136835326129e-01)	(2.365499874660e-04 -7.129143455565e-02 5.696160021319e-05)
1.7                 	(5.760436165540e+00 2.375180348451e+00 6.287985925274e-01)	(5.760436165540e+00 2.375180348451e+00 6.287985925274e-01)	(1.591681440886e-03 -4.284812691931e-03 -1.248322934753e-04)	(4.585364685175e-03 1.679516538362e-04 9.545415233272e-02)	(2.056951724243e-03 -7.023612590747e-02 3.495044705015e-05)
1.8                 	(5.760759513269e+00 2.375196370694e+00 6.361143362444e-01)	(5.760759513269e+00 2.375196370694e+00 6.361143362444e-01)	(1.869663058805e-03 -1.036229369410e-02 -1.063034372374e-04)	(1.924757591018e-03 1.519968844970e-04 4.658765869256e-02)	(3.417658755807e-03 -4.848366371794e-02 1.480439093141e-04)
1.9                 	(5.760824365215e+00 2.375210475148e+00 6.376079573565e-01)	(5.760824365215e+00 2.375210475148e+00 6.376079573565e-01)	(2.258347576931e-03 -1.348573669284e-02 -7.745154501742e-05)	(-6.504129797757e-04 1.329122098916e-04 -1.714715429689e-02)	(4.246654353224e-03 -1.199682663376e-02 2.956849561209e-04)
2                   	(5.760611194994e+00 2.375224677150e+00 6.330078035587e-01)	(5.760611194994e+00 2.375224677150e+00 6.330078035587e-01)	(2.694206525256e-03 -1.260356958505e-02 -4.488962459534e-05)	(-3.830475798928e-03 1.608988571254e-04 -7.172369670130e-02)	(4.342468629779e-03 2.881133785581e-02 3.821993597187e-04)
2.1                 	(5.759996653018e+00 2.375244226415e+00 6.240767134063e-01)	(5.759996653018e+00 2.375244226415e+00 6.240767134063e-01)	(3.104684420698e-03 -8.218499539642e-03 -1.812386458777e-05)	(-8.828349941109e-03 2.356786190286e-04 -1.022849981177e-01)	(3.758997102585e-03 5.531158911078e-02 4.009242612326e-04)
2.2                 	(5.758778774141e+00 2.375271798420e+00 6.135575547739e-01)	(5.758778774141e+00 2.375271798420e+00 6.135575547739e-01)	(3.429089322996e-03 -2.276099259435e-03 -5.362693712222e-07)	(-1.577947447347e-02 3.083758280336e-04 -1.028618189716e-01)	(2.661393153251e-03 6.033142628933e-02 3.091821875260e-04)
2.3                 	(5.756813572705e+00 2.375303748996e+00 6.044863355509e-01)	(5.756813572705e+00 2.375303748996e+00 6.044863355509e-01)	(3.626688905368e-03 3.338256373326e-03 1.382246008132e-06)	(-2.352639397928e-02 3.185842617758e-04 -7.448350139274e-02)	(1.253525766205e-03 4.999991196423e-02 1.355419610025e-04)
2.4                 	(5.754096206665e+00 2.375333843453e+00 5.992033686803e-01)	(5.754096206665e+00 2.375333843453e+00 5.992033686803e-01)	(3.675962160298e-03 7.420969041983e-03 -7.361957646918e-06)	(-3.056123551273e-02 2.771666060355e-04 -2.995360276932e-02)	(-2.679157814177e-04 3.084369846091e-02 6.348424100748e-07)
2.5                 	(5.750768934408e+00 2.375358224875e+00 5.984891515443e-01)	(5.750768934408e+00 2.375358224875e+00 5.984891515443e-01)	(3.578565184344e-03 9.535083628387e-03 -2.032880566305e-05)	(-3.550253382552e-02 2.099836614162e-04 1.453947898478e-02)	(-1.638946038275e-03 1.291687220792e-02 -1.032916130833e-04)
2.6                 	(5.747097217665e+00 2.375376723749e+00 6.016986181622e-01)	(5.747097217665e+00 2.375376723749e+00 6.016986181622e-01)	(3.359747376176e-03 1.045900998514e-02 -3.661047714029e-05)	(-3.742882652753e-02 1.705400008621e-04 4.678702864583e-02)	(-2.679406732806e-03 8.150221288212e-03 -1.228693414899e-04)
2.7                 	(5.743388378778e+00 2.375395014979e+00 6.071243039370e-01)	(5.743388378778e+00 2.375395014979e+00 6.071243039370e-01)	(3.057116676495e-03 1.165459299949e-02 -4.846720726345e-05)	(-3.624296790204e-02 2.074947269006e-04 5.761982700164e-02)	(-3.294940037219e-03 1.770047616284e-02 -2.776087644452e-05)
2.8                 	(5.739947751736e+00 2.375418962836e+00 6.124088869666e-01)	(5.739947751736e+00 2.375418962836e+00 6.124088869666e-01)	(2.719533959580e-03 1.428574291963e-02 -5.596360106391e-05)	(-3.210967519189e-02 2.680145831616e-04 4.440721500513e-02)	(-3.358398222865e-03 3.587693452765e-02 2.563827036625e-05)
2.9                 	(5.737040601446e+00 2.375447201406e+00 6.154297258709e-01)	(5.737040601446e+00 2.375447201406e+00 6.154297258709e-01)	(2.406131389797e-03 1.886922238649e-02 -6.371408852170e-05)	(-2.578270865984e-02 2.929568359378e-04 1.413881997561e-02)	(-2.824712754378e-03 5.510347747748e-02 6.156246238243e-05)
3                   	(5.734813684185e+00 2.375476819509e+00 6.150647615507e-01)	(5.734813684185e+00 2.375476819509e+00 6.150647615507e-01)	(2.169649371459e-03 2.498143725336e-02 -6.930437812149e-05)	(-1.878215210816e-02 2.978051282007e-04 -2.125551845307e-02)	(-1.847623796666e-03 6.449379693198e-02 9.975835338884e-05)
3.1                 	(5.733263107472e+00 2.375506484401e+00 6.114181751056e-01)	(5.733263107472e+00 2.375506484401e+00 6.114181751056e-01)	(2.045362093735e-03 3.114707207290e-02 -6.893961939495e-05)	(-1.236110989492e-02 2.926805854120e-04 -4.953574706791e-02)	(-6.097847812220e-04 5.564666861213e-02 1.885689894306e-04)
3.2                 	(5.732319613190e+00 2.375534300090e+00 6.057491537376e-01)	(5.732319613190e+00 2.375534300090e+00 6.057491537376e-01)	(2.049681007610e-03 3.557004480951e-02 -5.229995762354e-05)	(-6.560012655487e-03 2.575349192067e-04 -6.036520749607e-02)	(7.033088364462e-04 3.084126904424e-02 3.070033680343e-04)
3.3                 	(5.731953157102e+00 2.375557118732e+00 6.000588234756e-01)	(5.731953157102e+00 2.375557118732e+00 6.000588234756e-01)	(2.179772068380e-03 3.709251192447e-02 -2.550481994232e-05)	(-7.039791211320e-04 1.980414430648e-04 -5.015153692266e-02)	(1.874508788319e-03 -6.788893319020e-04 2.564643485739e-04)
3.4                 	(5.732200800586e+00 2.375574255116e+00 5.962589244017e-01)	(5.732200800586e+00 2.375574255116e+00 5.962589244017e-01)	(2.410684223302e-03 3.554100450677e-02 -2.993675793471e-06)	(5.788253460352e-03 1.465625391319e-04 -2.383400101037e-02)	(2.686404957388e-03 -2.898642447592e-02 1.118707071878e-04)
3.5                 	(5.733140223849e+00 2.375586491956e+00 5.955475866119e-01)	(5.733140223849e+00 2.375586491956e+00 5.955475866119e-01)	(2.700111519344e-03 3.170554451249e-02 1.187272072410e-05)	(1.313018146235e-02 9.719533852301e-05 1.011563166896e-02)	(3.029130843291e-03 -4.508670482752e-02 7.953752523286e-07)
3.6                 	(5.734851306515e+00 2.375593440910e+00 5.982226042062e-01)	(5.734851306515e+00 2.375593440910e+00 5.982226042062e-01)	(2.999092710724e-03 2.707246245605e-02 2.234188894314e-05)	(2.115503324235e-02 4.192739677494e-05 4.221520241080e-02)	(2.872521421280e-03 -4.500364534656e-02 -4.375904481354e-05)
3.7                 	(5.737380174471e+00 2.375595516592e+00 6.036124250022e-01)	(5.737380174471e+00 2.375595516592e+00 6.036124250022e-01)	(3.258618972501e-03 2.310717336774e-02 3.055291284345e-05)	(2.941892766793e-02 4.278605810962e-06 6.305120836677e-02)	(2.254286129594e-03 -3.302701016710e-02 -4.871108759264e-05)
3.8                 	(5.740734802619e+00 2.375595393919e+00 6.102831088346e-01)	(5.740734802619e+00 2.375595393919e+00 6.102831088346e-01)	(3.439049137531e-03 2.055190923180e-02 3.134942928957e-05)	(3.766314982725e-02 -1.444686245425e-06 6.763160883619e-02)	(1.317762201929e-03 -1.845049185528e-02 -1.319837944905e-04)
3.9                 	(5.744902149307e+00 2.375596292133e+00 6.166344981886e-01)	(5.744902149307e+00 2.375596292133e+00 6.166344981886e-01)	(3.517642356943e-03 1.919076907978e-02 1.766319747757e-05)	(4.559579974774e-02 2.568362096048e-05 5.729973795524e-02)	(2.391642687172e-04 -1.054700511056e-02 -2.293971663293e-04)
4                   	(5.749825089990e+00 2.375601619651e+00 6.214252123709e-01)	(5.749825089990e+00 2.375601619651e+00 6.214252123709e-01)	(3.488244359175e-03 1.798139268657e-02 -6.575236077419e-06)	(5.265440686889e-02 8.586929992527e-05 3.753675892460e-02)	(-8.170423773758e-04 -1.629358657824e-02 -3.326519594532e-04)
4.1                 	(5.755381422476e+00 2.375614150649e+00 6.240985369853e-01)	(5.755381422476e+00 2.375614150649e+00 6.240985369853e-01)	(3.361359888116e-03 1.540716615320e-02 -3.459001513348e-05)	(5.829088719329e-02 1.654467651174e-04 1.650257699863e-02)	(-1.689018239500e-03 -3.715618124905e-02 -3.999704958918e-04)
4.2                 	(5.761437684639e+00 2.375634087490e+00 6.249850565486e-01)	(5.761437684639e+00 2.375634087490e+00 6.249850565486e-01)	(3.161895028779e-03 1.026615944346e-02 -5.913278442148e-05)	(6.268672627466e-02 2.256067651715e-04 3.070251433677e-03)	(-2.243813320958e-03 -6.603999254229e-02 -4.196407861112e-04)
4.3                 	(5.767888079580e+00 2.375656989774e+00 6.251339050362e-01)	(5.767888079580e+00 2.375656989774e+00 6.251339050362e-01)	(2.927837894402e-03 2.278387208164e-03 -7.712759322780e-05)	(6.617713987792e-02 2.209772371771e-04 2.068321559600e-03)	(-2.362282736292e-03 -9.252022914436e-02 -4.244648763752e-04)
4.4                 	(5.774631121478e+00 2.375676737775e+00 6.258015335079e-01)	(5.774631121478e+00 2.375676737775e+00 6.258015335079e-01)	(2.703728327772e-03 -7.883687603588e-03 -9.117113705491e-05)	(6.838238243637e-02 1.691932978380e-04 1.300820244824e-02)	(-2.055339547911e-03 -1.084906767225e-01 -4.310571014839e-04)
4.5                 	(5.781480667966e+00 2.375690676464e+00 6.279903171677e-01)	(5.781480667966e+00 2.375690676464e+00 6.279903171677e-01)	(2.527149917318e-03 -1.892796678492e-02 -1.050943398959e-04)	(6.805864856614e-02 1.129701707920e-04 3.144886843271e-02)	(-1.433774531769e-03 -1.099296465251e-01 -4.075222376646e-04)
4.6                 	(5.788110871300e+00 2.375700262316e+00 6.320835361821e-01)	(5.788110871300e+00 2.375700262316e+00 6.320835361821e-01)	(2.421584975493e-03 -2.943412770031e-02 -1.140461723654e-04)	(6.373521055180e-02 8.055569452109e-05 4.960397698630e-02)	(-6.557165385919e-04 -9.863611208366e-02 -2.726379467211e-04)
4.7                 	(5.794045420146e+00 2.375706402795e+00 6.376175447790e-01)	(5.794045420146e+00 2.375706402795e+00 6.376175447790e-01)	(2.398615262887e-03 -3.843945382037e-02 -1.120145345394e-04)	(5.393803024837e-02 3.780533182270e-05 5.902092618281e-02)	(2.008012511280e-04 -8.104184993527e-02 -1.374323368449e-04)
4.8                 	(5.798687910478e+00 2.375707362865e+00 6.434048760167e-01)	(5.798687910478e+00 2.375707362865e+00 6.434048760167e-01)	(2.460255653054e-03 -4.561545869754e-02 -1.067150788228e-04)	(3.801315516792e-02 -1.922211505200e-05 5.406087704488e-02)	(1.004614127583e-03 -6.250975072745e-02 -1.165853791209e-04)
4.9                 	(5.801432035633e+00 2.375702967799e+00 6.478990990583e-01)	(5.801432035633e+00 2.375702967799e+00 6.478990990583e-01)	(2.593229371238e-03 -5.096171057166e-02 -1.032468112269e-04)	(1.621431674523e-02 -6.346326733456e-05 3.327579122938e-02)	(1.606404308459e-03 -4.453280269284e-02 -6.342463950048e-05)
5                   	(5.801776407373e+00 2.375695779523e+00 6.496255034362e-01)	(5.801776407373e+00 2.375695779523e+00 6.496255034362e-01)	(2.772596948464e-03 -5.447069752040e-02 -9.500784646646e-05)	(-9.757046926897e-03 -7.481697289103e-05 -3.364955068764e-04)	(1.924672314625e-03 -2.500404951796e-02 3.228439049672e-05)
5.1                 	(5.799430253931e+00 2.375689498568e+00 6.476582204678e-01)	(5.799430253931e+00 2.375689498568e+00 6.476582204678e-01)	(2.968274994812e-03 -5.573874006902e-02 -8.723159073184e-05)	(-3.720539380073e-02 -4.495478119577e-05 -3.907015102445e-02)	(1.926383921240e-03 1.052460325082e-03 3.367991849713e-05)
5.2                 	(5.794363149406e+00 2.375687486122e+00 6.419611136504e-01)	(5.794363149406e+00 2.375687486122e+00 6.419611136504e-01)	(3.147976504103e-03 -5.394494870906e-02 -9.282637342096e-05)	(-6.387572479194e-02 8.822374477293e-06 -7.344763587678e-02)	(1.626080319615e-03 3.646167751289e-02 -3.116727621608e-05)
5.3                 	(5.786735434101e+00 2.375690790195e+00 6.333846145604e-01)	(5.786735434101e+00 2.375690790195e+00 6.333846145604e-01)	(3.283938522957e-03 -4.819936657338e-02 -1.151711022692e-04)	(-8.817661074738e-02 5.158432775624e-05 -9.557858823197e-02)	(1.090125687573e-03 7.933576713150e-02 -3.931870444473e-05)
5.4                 	(5.776840896017e+00 2.375696927557e+00 6.233996715391e-01)	(5.776840896017e+00 2.375696927557e+00 6.233996715391e-01)	(3.359294634592e-03 -3.800798369252e-02 -1.497284266179e-04)	(-1.090262577933e-01 7.014925313327e-05 -1.012406293770e-01)	(4.336302102379e-04 1.242157465968e-01 3.150798875080e-05)
5.5                 	(5.765086662656e+00 2.375704166189e+00 6.136745877928e-01)	(5.765086662656e+00 2.375704166189e+00 6.136745877928e-01)	(3.366653742222e-03 -2.355113034885e-02 -1.909815637271e-04)	(-1.251574416685e-01 7.273776945693e-05 -9.088011144789e-02)	(-2.615841950092e-04 1.632649607174e-01 1.264695944811e-04)
5.6                 	(5.752016814326e+00 2.375711225558e+00 6.056046095616e-01)	(5.752016814326e+00 2.375711225558e+00 6.056046095616e-01)	(3.306329506866e-03 -5.801060904563e-03 -2.298297267437e-04)	(-1.350547510361e-01 6.433573886924e-05 -6.915337963480e-02)	(-9.104769244206e-04 1.889976783211e-01 2.822571182391e-04)
5.7                 	(5.738319205408e+00 2.375717055861e+00 5.999944344469e-01)	(5.738319205408e+00 2.375717055861e+00 5.999944344469e-01)	(3.189305513253e-03 1.364862047274e-02 -2.566791073640e-04)	(-1.374943714183e-01 5.500778560457e-05 -4.289313437788e-02)	(-1.406273832080e-03 1.973607169535e-01 4.526680278595e-04)
5.8                 	(5.724780968986e+00 2.375722600496e+00 5.969479418883e-01)	(5.724780968986e+00 2.375722600496e+00 5.969479418883e-01)	(3.031483862704e-03 3.305920589161e-02 -2.628213120972e-04)	(-1.319156789788e-01 5.538340734288e-05 -1.895322539937e-02)	(-1.711834961535e-03 1.880590134116e-01 6.370233944652e-04)
5.9                 	(5.712189046374e+00 2.375727769743e+00 5.959419856801e-01)	(5.712189046374e+00 2.375727769743e+00 5.959419856801e-01)	(2.855480275256e-03 5.071317007751e-02 -2.410053889851e-04)	(-1.186211546972e-01 4.636410392964e-05 -2.767610200185e-03)	(-1.741034735965e-03 1.629064884943e-01 8.418231529325e-04)
6                   	(5.701277012466e+00 2.375731742622e+00 5.960455068441e-01)	(5.701277012466e+00 2.375731742622e+00 5.960455068441e-01)	(2.688408726520e-03 6.533149865516e-02 -1.878794194479e-04)	(-9.853678016436e-02 3.435375492020e-05 3.062926845356e-03)	(-1.495630591299e-03 1.284091670580e-01 1.011728230612e-03)
6.1                 	(5.692678879976e+00 2.375734900587e+00 5.962380564691e-01)	(5.692678879976e+00 2.375734900587e+00 5.962380564691e-01)	(2.554918803219e-03 7.629757383007e-02 -1.121213283600e-04)	(-7.256341664329e-02 2.774003481370e-05 -5.357017856522e-04)	(-1.034639044015e-03 9.104156475262e-02 1.060662476841e-03)
6.2                 	(5.686888120202e+00 2.375736689337e+00 5.957379361019e-01)	(5.686888120202e+00 2.375736689337e+00 5.957379361019e-01)	(2.474486042533e-03 8.357315610419e-02 -2.379432814984e-05)	(-4.269973578306e-02 4.046900711231e-06 -1.004905198323e-02)	(-4.100596018908e-04 5.471344148218e-02 1.061413821576e-03)
6.3                 	(5.684199245118e+00 2.375735130721e+00 5.942086845319e-01)	(5.684199245118e+00 2.375735130721e+00 5.942086845319e-01)	(2.460303693531e-03 8.733484241387e-02 7.226667638304e-05)	(-1.104856339180e-02 -3.424849146731e-05 -2.016176445183e-02)	(2.926502589377e-04 2.088187228761e-02 1.029125879693e-03)
6.4                 	(5.684644983913e+00 2.375730375388e+00 5.918660545275e-01)	(5.684644983913e+00 2.375730375388e+00 5.918660545275e-01)	(2.514023288402e-03 8.779973506816e-02 1.697217793981e-04)	(1.966022639242e-02 -5.743587290024e-05 -2.554724601055e-02)	(9.305529917443e-04 -1.153900764817e-02 9.186930324970e-04)
6.5                 	(5.688031293529e+00 2.375723899611e+00 5.893693329005e-01)	(5.688031293529e+00 2.375723899611e+00 5.893693329005e-01)	(2.624440610726e-03 8.503141875287e-02 2.571146531853e-04)	(4.748650132315e-02 -7.232313990910e-05 -2.294147773589e-02)	(1.395696967474e-03 -4.365335086192e-02 6.581867827656e-04)
6.6                 	(5.694026064695e+00 2.375715916693e+00 5.875501075519e-01)	(5.694026064695e+00 2.375715916693e+00 5.875501075519e-01)	(2.772510123942e-03 7.909766631574e-02 3.208655474823e-04)	(7.165999684466e-02 -8.804300269305e-05 -1.221403944984e-02)	(1.628768625048e-03 -7.470975046281e-02 2.818159796674e-04)
6.7                 	(5.702223967058e+00 2.375707284707e+00 5.871199693020e-01)	(5.702223967058e+00 2.375707284707e+00 5.871199693020e-01)	(2.931773430775e-03 7.023381486993e-02 3.533489832522e-04)	(9.152256825786e-02 -7.801487804937e-05 4.266266045912e-03)	(1.551415171868e-03 -1.016873521030e-01 -1.543303994454e-04)
6.8                 	(5.712187185777e+00 2.375700737498e+00 5.884628878498e-01)	(5.712187185777e+00 2.375700737498e+00 5.884628878498e-01)	(3.071882909096e-03 5.901198478846e-02 3.489254528631e-04)	(1.069070056586e-01 -5.645478507652e-05 2.254380230944e-02)	(1.214463568873e-03 -1.214397860940e-01 -6.102639121936e-04)
6.9                 	(5.723439604832e+00 2.375695814354e+00 5.915524339096e-01)	(5.723439604832e+00 2.375695814354e+00 5.915524339096e-01)	(3.172044355324e-03 4.625059121125e-02 3.073006222163e-04)	(1.172974668892e-01 -4.051867786649e-05 3.857074344181e-02)	(7.195766139038e-04 -1.322516982081e-01 -1.010406465497e-03)
7                   	(5.735487042930e+00 2.375692161761e+00 5.960069484395e-01)	(5.735487042930e+00 2.375692161761e+00 5.960069484395e-01)	(3.218325971108e-03 3.285052217025e-02 2.316750749771e-04)	(1.229323258007e-01 -3.127221424231e-05 4.957331694729e-02)	(1.401795290766e-04 -1.343763342655e-01 -1.337899080866e-03)
7.1                 	(5.747914008603e+00 2.375690930793e+00 6.012856480911e-01)	(5.747914008603e+00 2.375690930793e+00 6.012856480911e-01)	(3.204470670133e-03 1.964274270384e-02 1.253888596930e-04)	(1.251414194141e-01 1.182838303273e-05 5.514612105550e-02)	(-4.687667147951e-04 -1.288097651669e-01 -1.632048194718e-03)
7.2                 	(5.760437600564e+00 2.375694406898e+00 6.068906148297e-01)	(5.760437600564e+00 2.375694406898e+00 6.068906148297e-01)	(3.133402706981e-03 7.232840435160e-03 -1.063938034607e-05)	(1.249529934317e-01 5.503320590008e-05 5.642239103998e-02)	(-9.565457506603e-04 -1.192271820532e-01 -1.849359583182e-03)
7.3                 	(5.772845316583e+00 2.375701960391e+00 6.125170511116e-01)	(5.772845316583e+00 2.375701960391e+00 6.125170511116e-01)	(3.021016453655e-03 -4.219411077862e-03 -1.641198615246e-04)	(1.229435406300e-01 9.557683771323e-05 5.614489617074e-02)	(-1.261713649839e-03 -1.103066047897e-01 -1.904925720537e-03)
7.4                 	(5.784988950090e+00 2.375713125561e+00 6.181870896960e-01)	(5.784988950090e+00 2.375713125561e+00 6.181870896960e-01)	(2.887225903704e-03 -1.495493476538e-02 -3.168368777297e-04)	(1.197024206150e-01 1.238094247113e-04 5.775799798328e-02)	(-1.340006453091e-03 -1.054092860514e-01 -1.732371604918e-03)
7.5                 	(5.796735703023e+00 2.375725368280e+00 6.241923790324e-01)	(5.796735703023e+00 2.375725368280e+00 6.241923790324e-01)	(2.757693078152e-03 -2.552258580315e-02 -4.426449275286e-04)	(1.149920474635e-01 1.171255994692e-04 6.302520390029e-02)	(-1.158657758773e-03 -1.068974301051e-01 -1.373602740278e-03)
7.6                 	(5.807925430271e+00 2.375735717655e+00 6.309177597756e-01)	(5.807925430271e+00 2.375735717655e+00 6.309177597756e-01)	(2.657481070862e-03 -3.652850217038e-02 -5.341148891391e-04)	(1.084951043923e-01 8.493219616382e-05 7.197392471067e-02)	(-7.549182561928e-04 -1.138144202845e-01 -1.053808089089e-03)
7.7                 	(5.818356279457e+00 2.375741747325e+00 6.386371287154e-01)	(5.818356279457e+00 2.375741747325e+00 6.386371287154e-01)	(2.607227540835e-03 -4.833799408715e-02 -5.902005746569e-04)	(9.963117395390e-02 3.309278748072e-05 8.236590207464e-02)	(-1.846303402043e-04 -1.222357546641e-01 -6.700830438525e-04)
7.8                 	(5.827721237235e+00 2.375742247900e+00 6.472955937491e-01)	(5.827721237235e+00 2.375742247900e+00 6.472955937491e-01)	(2.619152976528e-03 -6.087489445590e-02 -6.005603123206e-04)	(8.683969105132e-02 -2.259896521989e-05 8.984816737783e-02)	(4.290637764450e-04 -1.277419792535e-01 -1.727507875682e-04)
7.9                 	(5.835528387638e+00 2.375737470122e+00 6.563252730599e-01)	(5.835528387638e+00 2.375737470122e+00 6.563252730599e-01)	(2.692446760452e-03 -7.363756828864e-02 -5.577178569768e-04)	(6.815636540742e-02 -7.081491350413e-05 8.894543489274e-02)	(9.533452727197e-04 -1.258773374256e-01 3.400739649073e-04)
8                   	(5.841101647437e+00 2.375728306281e+00 6.646638317304e-01)	(5.841101647437e+00 2.375728306281e+00 6.646638317304e-01)	(2.813380191164e-03 -8.568166743860e-02 -4.698531867267e-04)	(4.199392414279e-02 -1.142470812129e-04 7.551949642238e-02)	(1.289898280336e-03 -1.127973670816e-01 7.215421726330e-04)
8.1                 	(5.843669129355e+00 2.375714048006e+00 6.709455636165e-01)	(5.843669129355e+00 2.375714048006e+00 6.709455636165e-01)	(2.960870140545e-03 -9.573677144273e-02 -3.510314115172e-04)	(8.150546073316e-03 -1.710877932684e-04 4.780013131761e-02)	(1.404179985958e-03 -8.573132367545e-02 1.071131117042e-03)
8.2                 	(5.842545331913e+00 2.375694794129e+00 6.738098724074e-01)	(5.842545331913e+00 2.375694794129e+00 6.738098724074e-01)	(3.109665683154e-03 -1.022719285601e-01 -2.103744438032e-04)	(-3.132016429448e-02 -2.165342079112e-04 7.796577484534e-03)	(1.256438629190e-03 -4.213875630816e-02 1.284332482097e-03)
8.3                 	(5.837322602929e+00 2.375673802540e+00 6.722675967251e-01)	(5.837322602929e+00 2.375673802540e+00 6.722675967251e-01)	(3.229823677137e-03 -1.036462631622e-01 -7.468024329320e-05)	(-7.333935271436e-02 -2.088246506768e-04 -3.921052012806e-02)	(8.478743800767e-04 1.680045089637e-02 1.252802846537e-03)
8.4                 	(5.827903010230e+00 2.375652966191e+00 6.659981159347e-01)	(5.827903010230e+00 2.375652966191e+00 6.659981159347e-01)	(3.298116054542e-03 -9.857740251219e-02 1.591741193828e-05)	(-1.146915334558e-01 -2.077024981828e-04 -8.531148641418e-02)	(3.117617665537e-04 8.565621410337e-02 8.123607092998e-04)
8.5                 	(5.814519829793e+00 2.375631464717e+00 6.555206206771e-01)	(5.814519829793e+00 2.375631464717e+00 6.555206206771e-01)	(3.300427959954e-03 -8.648778670664e-02 2.357654504999e-05)	(-1.521518092898e-01 -2.453216655509e-04 -1.220412890850e-01)	(-2.666628167532e-04 1.554352213034e-01 9.085189979380e-05)
8.6                 	(5.797671752398e+00 2.375601704616e+00 6.421320842536e-01)	(5.797671752398e+00 2.375601704616e+00 6.421320842536e-01)	(3.242570186157e-03 -6.780839617337e-02 -7.147088929523e-05)	(-1.836976281182e-01 -3.591573164306e-04 -1.426144070564e-01)	(-7.150664931518e-04 2.157579228719e-01 -7.578770502056e-04)
8.7                 	(5.778019261825e+00 2.375558391204e+00 6.276530944813e-01)	(5.778019261825e+00 2.375558391204e+00 6.276530944813e-01)	(3.145507001049e-03 -4.394134578365e-02 -2.595500706442e-04)	(-2.080543110539e-01 -5.247571577731e-04 -1.436513151264e-01)	(-9.683706359443e-04 2.581398987402e-01 -1.417620291086e-03)
8.8                 	(5.756345455316e+00 2.375496630393e+00 6.140098187310e-01)	(5.756345455316e+00 2.375496630393e+00 6.140098187310e-01)	(3.036893777424e-03 -1.689610777480e-02 -5.036269374565e-04)	(-2.238726825473e-01 -7.007577550344e-04 -1.266105877873e-01)	(-1.053019366566e-03 2.793212699748e-01 -1.742895062856e-03)
8.9                 	(5.733584338864e+00 2.375415861169e+00 6.027416425763e-01)	(5.733584338864e+00 2.375415861169e+00 6.027416425763e-01)	(2.933813993958e-03 1.130256566352e-02 -7.735731599502e-04)	(-2.293576668591e-01 -8.942324858994e-04 -9.733652200890e-02)	(-1.006978869236e-03 2.826409333703e-01 -1.915627075659e-03)
9                   	(5.710884905971e+00 2.375317919292e+00 5.946899768149e-01)	(5.710884905971e+00 2.375317919292e+00 5.946899768149e-01)	(2.843286388252e-03 3.923661768530e-02 -1.037855306625e-03)	(-2.223533824296e-01 -1.063123013973e-03 -6.362291411205e-02)	(-9.232349176292e-04 2.748206523639e-01 -1.680093079565e-03)
9.1                 	(5.689560800977e+00 2.375204498374e+00 5.899124416917e-01)	(5.689560800977e+00 2.375204498374e+00 5.899124416917e-01)	(2.765525002459e-03 6.597404190908e-02 -1.252580138425e-03)	(-2.015506717834e-01 -1.195869421350e-03 -3.303601188159e-02)	(-8.686399716097e-04 2.591616622925e-01 -1.045022170467e-03)
9.2                 	(5.670967858791e+00 2.375082579504e+00 5.877740256977e-01)	(5.670967858791e+00 2.375082579504e+00 5.877740256977e-01)	(2.685475221058e-03 9.080694728726e-02 -1.378664525962e-03)	(-1.681320040841e-01 -1.231873770740e-03 -1.162726497164e-02)	(-9.339739545427e-04 2.357780260147e-01 -6.673085721165e-05)
9.3                 	(5.656301667381e+00 2.374960304587e+00 5.871840614750e-01)	(5.656301667381e+00 2.374960304587e+00 5.871840614750e-01)	(2.589910102218e-03 1.127382734180e-01 -1.382388060142e-03)	(-1.237487345800e-01 -1.200948999991e-03 -2.205543335569e-03)	(-9.700078347181e-04 2.002372912249e-01 1.195237545600e-03)
9.4                 	(5.646420191041e+00 2.374846437541e+00 5.869548513796e-01)	(5.646420191041e+00 2.374846437541e+00 5.869548513796e-01)	(2.474393345077e-03 1.302302106904e-01 -1.232667585366e-03)	(-7.333025778390e-02 -1.054375755424e-03 -4.039502725978e-03)	(-9.517869554867e-04 1.462677822293e-01 2.672752554779e-03)
9.5                 	(5.641666370030e+00 2.374753573196e+00 5.861243084714e-01)	(5.641666370030e+00 2.374753573196e+00 5.861243084714e-01)	(2.344408126082e-03 1.413696980066e-01 -9.196586992831e-04)	(-2.198121066110e-02 -7.849703490993e-04 -1.337563840306e-02)	(-7.480503820009e-04 7.384022933371e-02 4.012357339268e-03)
9.6                 	(5.641959899392e+00 2.374692377128e+00 5.842194072176e-01)	(5.641959899392e+00 2.374692377128e+00 5.842194072176e-01)	(2.229322210046e-03 1.446127498084e-01 -4.717404156909e-04)	(2.727644075666e-02 -4.276963427409e-04 -2.448766371388e-02)	(-2.132016232826e-04 -9.978220986641e-03 4.916824513356e-03)
9.7                 	(5.646964475180e+00 2.374670367243e+00 5.813675739539e-01)	(5.646964475180e+00 2.374670367243e+00 5.813675739539e-01)	(2.172358285256e-03 1.394226767973e-01 5.566626415444e-05)	(7.194028443332e-02 1.375995643881e-06 -3.146987986092e-02)	(6.176266395670e-04 -9.251717674489e-02 5.197973987552e-03)
9.8                 	(5.656135337421e+00 2.374694268850e+00 5.782016021256e-01)	(5.656135337421e+00 2.374694268850e+00 5.782016021256e-01)	(2.211944002989e-03 1.266010033630e-01 5.961791845424e-04)	(1.103286809473e-01 4.756941253106e-04 -3.029848107234e-02)	(1.638794648469e-03 -1.605639228335e-01 4.845845618062e-03)
9.9                 	(5.668778264225e+00 2.374766605703e+00 5.756363806202e-01)	(5.668778264225e+00 2.374766605703e+00 5.756363806202e-01)	(2.369704860794e-03 1.081345960962e-01 1.084000894611e-03)	(1.412458923520e-01 9.793616957549e-04 -1.937534481654e-02)	(2.626815330075e-03 -2.040847292008e-01 3.927986298419e-03)
10                  	(5.684126486532e+00 2.374888659573e+00 5.746150383732e-01)	(5.684126486532e+00 2.374888659573e+00 5.746150383732e-01)	(2.633600189368e-03 8.675674476463e-02 1.464947031068e-03)	(1.644495065050e-01 1.450927461834e-03 9.738326933482e-05)	(3.331145007614e-03 -2.187478471619e-01 2.518461193927e-03)
10.1                	(5.701412763508e+00 2.375054350754e+00 5.758092240360e-01)	(5.701412763508e+00 2.375054350754e+00 5.758092240360e-01)	(2.962696667322e-03 6.522239080196e-02 1.692183558059e-03)	(1.799938423780e-01 1.840409974066e-03 2.413877297661e-02)	(3.503211060761e-03 -2.086683012831e-01 7.555219387783e-04)
10.2                	(5.719866132989e+00 2.375251654864e+00 5.794262180640e-01)	(5.719866132989e+00 2.375251654864e+00 5.794262180640e-01)	(3.291391241326e-03 4.547735062077e-02 1.730973040447e-03)	(1.877630891936e-01 2.080244503858e-03 4.768539591982e-02)	(3.007430349591e-03 -1.850952339469e-01 -1.228390360225e-03)
10.3                	(5.738709472533e+00 2.375465328440e+00 5.851683644177e-01)	(5.738709472533e+00 2.375465328440e+00 5.851683644177e-01)	(3.548306847505e-03 2.821562157305e-02 1.569650210189e-03)	(1.878685122674e-01 2.174511531178e-03 6.600343129041e-02)	(1.939515467445e-03 -1.610986363581e-01 -3.157148841841e-03)
10.4                	(5.757223163897e+00 2.375683221393e+00 5.923703461208e-01)	(5.757223163897e+00 2.375683221393e+00 5.923703461208e-01)	(3.679492084595e-03 1.295371582281e-02 1.218077766765e-03)	(1.814334468691e-01 2.165093549995e-03 7.665232162932e-02)	(5.111112316257e-04 -1.462445486969e-01 -4.948360708192e-03)
10.5                	(5.774837819022e+00 2.375894905834e+00 6.002358739065e-01)	(5.774837819022e+00 2.375894905834e+00 6.002358739065e-01)	(3.659806665715e-03 -1.462841511456e-03 7.007609216804e-04)	(1.701854284749e-01 2.055227035718e-03 7.951246278622e-02)	(-9.370994737488e-04 -1.442329977336e-01 -6.394604052759e-03)
10.6                	(5.791165774098e+00 2.376092137312e+00 6.081096713691e-01)	(5.791165774098e+00 2.376092137312e+00 6.081096713691e-01)	(3.498793547305e-03 -1.619800135464e-02 5.876140412474e-05)	(1.560302896020e-01 1.882409235475e-03 7.754156392463e-02)	(-2.102650977105e-03 -1.513725334321e-01 -7.396762708505e-03)
10.7                	(5.805996824657e+00 2.376270154919e+00 6.157218512381e-01)	(5.805996824657e+00 2.376270154919e+00 6.157218512381e-01)	(3.234806667408e-03 -3.175663196264e-02 -6.438071432613e-04)	(1.401539408775e-01 1.671573177587e-03 7.490835508143e-02)	(-2.733771013591e-03 -1.596467613030e-01 -7.527805588903e-03)
10.8                	(5.819207340090e+00 2.376426454119e+00 6.231915466643e-01)	(5.819207340090e+00 2.376426454119e+00 6.231915466643e-01)	(2.931980453681e-03 -4.786224300358e-02 -1.308885884293e-03)	(1.238817656661e-01 1.453773469065e-03 7.523454811787e-02)	(-2.681830457755e-03 -1.603113588079e-01 -6.582193002798e-03)
10.9                	(5.830765587489e+00 2.376560100009e+00 6.309378142714e-01)	(5.830765587489e+00 2.376560100009e+00 6.309378142714e-01)	(2.665998630560e-03 -6.334714098093e-02 -1.838049045082e-03)	(1.072715608436e-01 1.211851840609e-03 8.050190326932e-02)	(-1.942690031629e-03 -1.466662570834e-01 -4.728281931443e-03)
11                  	(5.840650604142e+00 2.376667753402e+00 6.394095543010e-01)	(5.840650604142e+00 2.376667753402e+00 6.394095543010e-01)	(2.510350726705e-03 -7.671980040694e-02 -2.160915754566e-03)	(9.027750416755e-02 9.376666454904e-04 8.920174550905e-02)	(-6.580564458072e-04 -1.189959349435e-01 -2.335704627714e-03)
11.1                	(5.848760598251e+00 2.376747618012e+00 6.487491040402e-01)	(5.848760598251e+00 2.376747618012e+00 6.487491040402e-01)	(2.511964901864e-03 -8.696299400947e-02 -2.233010124500e-03)	(7.138515347632e-02 6.632997369918e-04 9.693843105613e-02)	(7.937040386356e-04 -8.607643807457e-02 4.285608445729e-04)
11.2                	(5.854770941368e+00 2.376801391073e+00 6.585473317555e-01)	(5.854770941368e+00 2.376801391073e+00 6.585473317555e-01)	(2.672870818260e-03 -9.417983050180e-02 -2.027932366361e-03)	(4.777389751889e-02 4.141361414168e-04 9.725346371709e-02)	(1.971842334089e-03 -6.006987523035e-02 3.258499014137e-03)
11.3                	(5.858074465351e+00 2.376830471564e+00 6.677535209343e-01)	(5.858074465351e+00 2.376830471564e+00 6.677535209343e-01)	(2.950355629250e-03 -9.940123707804e-02 -1.556413943724e-03)	(1.699322318193e-02 1.614760293105e-04 8.436833299573e-02)	(2.546720707762e-03 -4.615100755437e-02 5.741949753799e-03)
11.4                	(5.857919998906e+00 2.376832629601e+00 6.748866862920e-01)	(5.857919998906e+00 2.376832629601e+00 6.748866862920e-01)	(3.274278777006e-03 -1.036215346252e-01 -8.690060682357e-04)	(-2.116294112083e-02 -1.185078451616e-04 5.557711637829e-02)	(2.404691352330e-03 -3.832595693747e-02 7.554120410995e-03)
11.5                	(5.853683651125e+00 2.376803180939e+00 6.783744332321e-01)	(5.853683651125e+00 2.376803180939e+00 6.783744332321e-01)	(3.564154841101e-03 -1.067951374338e-01 -5.297735874759e-05)	(-6.398818588212e-02 -5.055682507906e-04 1.211851809338e-02)	(1.582526526814e-03 -2.261807511900e-02 8.201737858115e-03)
11.6                	(5.845104431172e+00 2.376730192804e+00 6.770106588438e-01)	(5.845104431172e+00 2.376730192804e+00 6.770106588438e-01)	(3.740503712003e-03 -1.074319757160e-01 7.490959114676e-04)	(-1.073924340013e-01 -9.814913259069e-04 -4.019830555535e-02)	(1.700368493134e-04 1.404711234418e-02 7.440583272687e-03)
11.7                	(5.832325133987e+00 2.376603098324e+00 6.703410778688e-01)	(5.832325133987e+00 2.376603098324e+00 6.703410778688e-01)	(3.744091742624e-03 -1.031175826493e-01 1.379273909529e-03)	(-1.472946710293e-01 -1.565178211963e-03 -9.230524811354e-02)	(-1.437977894252e-03 7.627667085730e-02 5.221475828882e-03)
11.8                	(5.815876309917e+00 2.376413343494e+00 6.588935261979e-01)	(5.815876309917e+00 2.376413343494e+00 6.588935261979e-01)	(3.558905137959e-03 -9.151856139209e-02 1.713101614826e-03)	(-1.804063655289e-01 -2.245075122750e-03 -1.341234529833e-01)	(-2.859973364517e-03 1.576917472536e-01 2.174808700123e-03)
11.9                	(5.796490292879e+00 2.376153205603e+00 6.441448447951e-01)	(5.796490292879e+00 2.376153205603e+00 6.441448447951e-01)	(3.224216794806e-03 -7.151984010042e-02 1.695801034406e-03)	(-2.061229185477e-01 -2.934720457217e-03 -1.572124738173e-01)	(-3.723975410707e-03 2.408226768507e-01 -1.106245146637e-03)
12                  	(5.774876071794e+00 2.375829121710e+00 6.282381635872e-01)	(5.774876071794e+00 2.375829121710e+00 6.282381635872e-01)	(2.820531749497e-03 -4.403815107524e-02 1.351556557965e-03)	(-2.250158113281e-01 -3.549650038876e-03 -1.570042045920e-01)	(-3.792058015486e-03 3.039533585831e-01 -4.032340476343e-03)
12.1                	(5.751734834544e+00 2.375449837693e+00 6.134767650736e-01)	(5.751734834544e+00 2.375449837693e+00 6.134767650736e-01)	(2.454401469315e-03 -1.190288014362e-02 7.496088975001e-04)	(-2.364261872118e-01 -4.021616599594e-03 -1.350276454414e-01)	(-3.071723464582e-03 3.324750870469e-01 -6.159647135886e-03)
12.2                	(5.727903249306e+00 2.375028357643e+00 6.017262573745e-01)	(5.727903249306e+00 2.375028357643e+00 6.017262573745e-01)	(2.215396123138e-03 2.121162839662e-02 -6.455104519715e-06)	(-2.383301821979e-01 -4.362714875404e-03 -9.832537304182e-02)	(-1.771027794290e-03 3.249817338180e-01 -7.241603829489e-03)
12.3                	(5.704459956143e+00 2.374584235375e+00 5.939646784912e-01)	(5.704459956143e+00 2.374584235375e+00 5.939646784912e-01)	(2.128982675360e-03 5.217131058594e-02 -8.117248650347e-04)	(-2.282938015882e-01 -4.502460584853e-03 -5.701857255415e-02)	(-5.847227837012e-04 2.911915295944e-01 -7.362556393387e-03)
12.4                	(5.682697614279e+00 2.374133114923e+00 5.901306042967e-01)	(5.682697614279e+00 2.374133114923e+00 5.901306042967e-01)	(2.164605207113e-03 7.903770236614e-02 -1.576600236962e-03)	(-2.046351869992e-01 -4.500491838854e-03 -2.136914938476e-02)	(2.020623363066e-04 2.453073282643e-01 -6.651148816922e-03)
12.5                	(5.663986291961e+00 2.373689178217e+00 5.892441086586e-01)	(5.663986291961e+00 2.373689178217e+00 5.892441086586e-01)	(2.256590432535e-03 1.012385437319e-01 -2.228178082413e-03)	(-1.674256055196e-01 -4.349249553964e-03 9.666717422663e-04)	(3.413795486809e-04 1.997054093047e-01 -5.195380894049e-03)
12.6                	(5.649589090564e+00 2.373269036216e+00 5.897562568383e-01)	(5.649589090564e+00 2.373269036216e+00 5.897562568383e-01)	(2.319670009007e-03 1.190895927371e-01 -2.678144466360e-03)	(-1.189979015947e-01 -4.023018286457e-03 6.477751365017e-03)	(-1.536766291910e-04 1.578686697706e-01 -2.770639753696e-03)
12.7                	(5.640377236629e+00 2.372891306587e+00 5.900219929672e-01)	(5.640377236629e+00 2.372891306587e+00 5.900219929672e-01)	(2.281306569261e-03 1.327703694774e-01 -2.831155476251e-03)	(-6.478243202095e-02 -3.494781267477e-03 -3.297702548182e-03)	(-1.012183553236e-03 1.148348453938e-01 4.635369651855e-04)
12.8                	(5.636626862815e+00 2.372578577236e+00 5.888049437385e-01)	(5.636626862815e+00 2.372578577236e+00 5.888049437385e-01)	(2.111160893551e-03 1.418044851362e-01 -2.627716038245e-03)	(-1.055191252580e-02 -2.715290438925e-03 -2.175058948335e-02)	(-1.772451812963e-03 6.391773743541e-02 3.947201702449e-03)
12.9                	(5.638138396895e+00 2.372357454932e+00 5.856903549635e-01)	(5.638138396895e+00 2.372357454932e+00 5.856903549635e-01)	(1.836687113484e-03 1.451216664087e-01 -2.075453945898e-03)	(3.998035697110e-02 -1.661645612806e-03 -3.972920096795e-02)	(-2.013469227743e-03 1.380411852377e-04 7.004938818877e-03)
13                  	(5.644402373689e+00 2.372255895154e+00 5.811465145201e-01)	(5.644402373689e+00 2.372255895154e+00 5.811465145201e-01)	(1.537625691442e-03 1.414513927834e-01 -1.241964896021e-03)	(8.410882231300e-02 -3.179572059930e-04 -4.923474228126e-02)	(-1.419230420531e-03 -7.479875875825e-02 9.208827948331e-03)
13.1                	(5.654692250904e+00 2.372302410913e+00 5.762907413088e-01)	(5.654692250904e+00 2.372302410913e+00 5.762907413088e-01)	(1.328634884376e-03 1.301237867609e-01 -2.313505611614e-04)	(1.202996489027e-01 1.280760709890e-03 -4.547617889896e-02)	(1.545069119128e-04 -1.507386550861e-01 1.028240025673e-02)
13.2                	(5.668178439784e+00 2.372516204121e+00 5.725210581302e-01)	(5.668178439784e+00 2.372516204121e+00 5.725210581302e-01)	(1.331567979097e-03 1.118045540713e-01 8.297593445528e-04)	(1.480709343550e-01 3.008659722199e-03 -2.776765679245e-02)	(2.572800329837e-03 -2.117836360045e-01 1.011107296044e-02)
13.3                	(5.684054979332e+00 2.372903768154e+00 5.710834082225e-01)	(5.684054979332e+00 2.372903768154e+00 5.710834082225e-01)	(1.623715526320e-03 8.876865961628e-02 1.823345218030e-03)	(1.683120101322e-01 4.724196744483e-03 2.066744041939e-04)	(5.249193456468e-03 -2.431870884499e-01 8.791379280228e-03)
13.4                	(5.701621106610e+00 2.373453557643e+00 5.726755357422e-01)	(5.701621106610e+00 2.373453557643e+00 5.726755357422e-01)	(2.200896331511e-03 6.435514560773e-02 2.639607490298e-03)	(1.819396568015e-01 6.213714149964e-03 3.158487829422e-02)	(7.399700899096e-03 -2.395613288857e-01 6.386290047908e-03)
13.5                	(5.720218562980e+00 2.374132024112e+00 5.772734088176e-01)	(5.720218562980e+00 2.374132024112e+00 5.772734088176e-01)	(2.970287753787e-03 4.176900756436e-02 3.177576330724e-03)	(1.888258164252e-01 7.275069939549e-03 5.918935841692e-02)	(8.318241696977e-03 -2.089305982772e-01 3.054274446923e-03)
13.6                	(5.739145756984e+00 2.374892627854e+00 5.841901526239e-01)	(5.739145756984e+00 2.374892627854e+00 5.841901526239e-01)	(3.775856074816e-03 2.291035658523e-02 3.352941951539e-03)	(1.885066935477e-01 7.862376690541e-03 7.721305570826e-02)	(7.654193680411e-03 -1.682569845916e-01 -8.637657807207e-04)
13.7                	(5.757705882706e+00 2.375689920690e+00 5.923227674658e-01)	(5.757705882706e+00 2.375689920690e+00 5.923227674658e-01)	(4.451829258252e-03 7.874491545547e-03 3.128297452171e-03)	(1.817110453711e-01 8.020324324055e-03 8.351141889803e-02)	(5.611618873306e-03 -1.349892326810e-01 -4.827293540822e-03)
13.8                	(5.775320913708e+00 2.376485498473e+00 6.005454889667e-01)	(5.775320913708e+00 2.376485498473e+00 6.005454889667e-01)	(4.873717180546e-03 -4.713213971690e-03 2.520536958557e-03)	(1.698694381859e-01 7.843876194636e-03 7.953949469590e-02)	(2.739415052013e-03 -1.202863455201e-01 -8.425377782969e-03)
13.9                	(5.791566938983e+00 2.377251627376e+00 6.080431206281e-01)	(5.791566938983e+00 2.377251627376e+00 6.080431206281e-01)	(4.982449074850e-03 -1.684916662353e-02 1.584473984759e-03)	(1.545947382251e-01 7.453472946148e-03 7.004739501345e-02)	(-3.282502386795e-04 -1.252628230410e-01 -1.133315122610e-02)
14                  	(5.806180602006e+00 2.377972757695e+00 6.145917636284e-01)	(5.806180602006e+00 2.377972757695e+00 6.145917636284e-01)	(4.786632418014e-03 -3.013542062283e-02 4.222663357161e-04)	(1.374200503653e-01 6.957011585371e-03 6.157833557074e-02)	(-2.916150036746e-03 -1.414054007140e-01 -1.292692067465e-02)
14.1                	(5.819028642023e+00 2.378640363844e+00 6.205779596335e-01)	(5.819028642023e+00 2.378640363844e+00 6.205779596335e-01)	(4.360445142737e-03 -4.504261050293e-02 -8.018297203673e-04)	(1.195122833932e-01 6.378076856839e-03 5.959942730734e-02)	(-4.482248568446e-03 -1.548946078942e-01 -1.255497501488e-02)
14.2                	(5.830089424975e+00 2.379243812246e+00 6.268328147791e-01)	(5.830089424975e+00 2.379243812246e+00 6.268328147791e-01)	(3.832138712158e-03 -6.057517358957e-02 -1.896357440296e-03)	(1.018240097492e-01 5.668113408436e-03 6.708040743332e-02)	(-4.696979140100e-03 -1.520611574920e-01 -1.030545477257e-02)
14.3                	(5.839421336176e+00 2.379770552159e+00 6.342552040074e-01)	(5.839421336176e+00 2.379770552159e+00 6.342552040074e-01)	(3.352903052769e-03 -7.471607952270e-02 -2.706950802947e-03)	(8.490500616603e-02 4.853279638250e-03 8.225030465100e-02)	(-3.602683641038e-03 -1.273025257387e-01 -6.686115740646e-03)
14.4                	(5.847053733934e+00 2.380212634860e+00 6.433411387130e-01)	(5.847053733934e+00 2.380212634860e+00 6.433411387130e-01)	(3.053609799237e-03 -8.556306786272e-02 -3.114722905582e-03)	(6.745810064219e-02 3.982656302458e-03 9.908003349022e-02)	(-1.641215876883e-03 -8.854565528781e-02 -1.983458094510e-03)
14.5                	(5.852797433410e+00 2.380565391049e+00 6.538350575089e-01)	(5.852797433410e+00 2.380565391049e+00 6.538350575089e-01)	(3.007789875734e-03 -9.252699009361e-02 -3.026517371617e-03)	(4.655159061610e-02 3.055116100965e-03 1.088565981763e-01)	(5.363898674484e-04 -5.250169445354e-02 3.357156993072e-03)
14.6                	(5.856147899669e+00 2.380818499991e+00 6.645869155720e-01)	(5.856147899669e+00 2.380818499991e+00 6.645869155720e-01)	(3.210225099428e-03 -9.660588356493e-02 -2.415642115982e-03)	(1.921557029952e-02 1.968873219227e-03 1.031003352254e-01)	(2.226702352572e-03 -3.198836214731e-02 8.438977879437e-03)
14.7                	(5.856393879313e+00 2.380949741560e+00 6.737848448961e-01)	(5.856393879313e+00 2.380949741560e+00 6.737848448961e-01)	(3.585295588074e-03 -9.943305775943e-02 -1.341368021834e-03)	(-1.545028085102e-02 5.968555124625e-04 7.741364247616e-02)	(2.983736827250e-03 -2.630629607089e-02 1.255653142352e-02)
14.8                	(5.852876351573e+00 2.380924097582e+00 6.794226155882e-01)	(5.852876351573e+00 2.380924097582e+00 6.794226155882e-01)	(4.011913788458e-03 -1.019169871557e-01 6.772923412174e-05)	(-5.550929147047e-02 -1.170517289803e-03 3.252514505966e-02)	(2.477437508100e-03 -2.230816124460e-02 1.487347196379e-02)
14.9                	(5.845238574882e+00 2.380704679514e+00 6.798670201207e-01)	(5.845238574882e+00 2.380704679514e+00 6.798670201207e-01)	(4.332775334251e-03 -1.033409940009e-01 1.575428539177e-03)	(-9.717115817837e-02 -3.273392188247e-03 -2.495166519031e-02)	(6.703607138068e-04 -2.284405230427e-03 1.451507889669e-02)
15                  	(5.833527990357e+00 2.380263316237e+00 6.743648628732e-01)	(5.833527990357e+00 2.380263316237e+00 6.743648628732e-01)	(4.410489251878e-03 -1.014168450341e-01 2.896162519011e-03)	(-1.362793977361e-01 -5.565044692005e-03 -8.436613578502e-02)	(-1.891787884810e-03 4.570469127663e-02 1.154774109066e-02)
15.1                	(5.818190106224e+00 2.379592256874e+00 6.633328130589e-01)	(5.818190106224e+00 2.379592256874e+00 6.633328130589e-01)	(4.177718146930e-03 -9.325012201634e-02 3.788024671521e-03)	(-1.693203353080e-01 -7.839136483242e-03 -1.336234932069e-01)	(-4.450419849829e-03 1.212258469894e-01 6.670002537426e-03)
15.2                	(5.799893257449e+00 2.378705785094e+00 6.483191093921e-01)	(5.799893257449e+00 2.378705785094e+00 6.483191093921e-01)	(3.660798073449e-03 -7.673365324984e-02 4.112578863909e-03)	(-1.955191496766e-01 -9.832235090210e-03 -1.626780020789e-01)	(-6.273637185661e-03 2.093744362480e-01 1.056891598554e-03)
15.3                	(5.779286360375e+00 2.377642364122e+00 6.316624260186e-01)	(5.779286360375e+00 2.377642364122e+00 6.316624260186e-01)	(2.978897579655e-03 -5.175595489533e-02 3.864487688466e-03)	(-2.156526876052e-01 -1.135021387621e-02 -1.660512152985e-01)	(-6.808906408375e-03 2.864248311793e-01 -4.242152006913e-03)
15.4                	(5.756969993662e+00 2.376451823909e+00 6.159336393438e-01)	(5.756969993662e+00 2.376451823909e+00 6.159336393438e-01)	(2.311690294443e-03 -2.051500727458e-02 3.136113945064e-03)	(-2.294818960037e-01 -1.236654974334e-02 -1.448701391681e-01)	(-5.801851287567e-03 3.320437399099e-01 -8.416032145671e-03)
15.5                	(5.733663118101e+00 2.375190366405e+00 6.032690665742e-01)	(5.733663118101e+00 2.375190366405e+00 6.032690665742e-01)	(1.820637683684e-03 1.325869585333e-02 2.081127045991e-03)	(-2.350139862560e-01 -1.278175466258e-02 -1.064003867273e-01)	(-3.845766418603e-03 3.371100599566e-01 -1.108946152023e-02)
15.6                	(5.710346078508e+00 2.373908710183e+00 5.948607708754e-01)	(5.710346078508e+00 2.373908710183e+00 5.948607708754e-01)	(1.587600134570e-03 4.572366337111e-02 8.332538552082e-04)	(-2.292694835448e-01 -1.278230183138e-02 -6.173772412946e-02)	(-1.610378514890e-03 3.074371364748e-01 -1.254704292365e-02)
15.7                	(5.688269048885e+00 2.372645664663e+00 5.907445826289e-01)	(5.688269048885e+00 2.372645664663e+00 5.907445826289e-01)	(1.593849863296e-03 7.405743621335e-02 -4.903194268972e-04)	(-2.098785762325e-01 -1.242789123478e-02 -2.235498915991e-02)	(-3.996793246147e-05 2.577684223956e-01 -1.278301813686e-02)
15.8                	(5.668832537428e+00 2.371432159890e+00 5.899100246787e-01)	(5.668832537428e+00 2.371432159890e+00 5.899100246787e-01)	(1.728286293253e-03 9.714980258297e-02 -1.771935968945e-03)	(-1.766106064729e-01 -1.179542229411e-02 2.762593877776e-03)	(2.919349930135e-04 2.042542118885e-01 -1.176920308330e-02)
15.9                	(5.653346087164e+00 2.370294829265e+00 5.906716464113e-01)	(5.653346087164e+00 2.370294829265e+00 5.906716464113e-01)	(1.836795467805e-03 1.151527956785e-01 -2.877030940969e-03)	(-1.313376608527e-01 -1.090875998160e-02 9.340178896713e-03)	(-6.616350451729e-04 1.568456434142e-01 -9.314887650217e-03)
16                  	(5.642804057921e+00 2.369259653823e+00 5.912042680852e-01)	(5.642804057921e+00 2.369259653823e+00 5.912042680852e-01)	(1.777177756119e-03 1.286832870530e-01 -3.655400226422e-03)	(-7.869125856551e-02 -9.742029490203e-03 -1.096843425104e-03)	(-2.529712976340e-03 1.144725451911e-01 -5.429552306961e-03)
16.1                	(5.637645758524e+00 2.368359271801e+00 5.901115449000e-01)	(5.637645758524e+00 2.368359271801e+00 5.901115449000e-01)	(1.462775719906e-03 1.380145775060e-01 -3.979802370036e-03)	(-2.458041716548e-02 -8.187709452927e-03 -2.163625998997e-02)	(-4.571359842474e-03 7.120547556096e-02 -5.958770164585e-04)
16.2                	(5.637795345353e+00 2.367639925231e+00 5.868794831328e-01)	(5.637795345353e+00 2.367639925231e+00 5.868794831328e-01)	(8.996016188342e-04 1.426177957470e-01 -3.792440815933e-03)	(2.695167696916e-02 -6.101442732843e-03 -4.219196875758e-02)	(-5.987160419505e-03 1.871173409505e-02 4.379625741822e-03)
16.3                	(5.642842176503e+00 2.367160927880e+00 5.819793656590e-01)	(5.642842176503e+00 2.367160927880e+00 5.819793656590e-01)	(1.929689810258e-04 1.412910605110e-01 -3.124420085802e-03)	(7.287406090065e-02 -3.353732307966e-03 -5.373300415308e-02)	(-5.944737268759e-03 -4.745674265708e-02 8.677309575537e-03)
16.4                	(5.652112375122e+00 2.366993982131e+00 5.766187803724e-01)	(5.652112375122e+00 2.366993982131e+00 5.766187803724e-01)	(-4.570835119479e-04 1.328213139648e-01 -2.085226875067e-03)	(1.111653456257e-01 1.301607765532e-04 -5.086607204614e-02)	(-3.833086166954e-03 -1.223771469657e-01 1.169906048236e-02)
16.5                	(5.664787642502e+00 2.367206238603e+00 5.723142352587e-01)	(5.664787642502e+00 2.367206238603e+00 5.723142352587e-01)	(-7.971122278059e-04 1.170097388444e-01 -8.295183572275e-04)	(1.409323190628e-01 4.182500736455e-03 -3.290660090898e-02)	(5.370082076073e-04 -1.912522071094e-01 1.315705979973e-02)
16.6                	(5.680039058385e+00 2.367839886494e+00 5.704116306335e-01)	(5.680039058385e+00 2.367839886494e+00 5.704116306335e-01)	(-5.950049019577e-04 9.537215580975e-02 4.798647723942e-04)	(1.629008749093e-01 8.500516952880e-03 -3.844500043689e-03)	(6.424241451533e-03 -2.362436823148e-01 1.291540976270e-02)
16.7                	(5.697144990031e+00 2.368897702527e+00 5.716675133238e-01)	(5.697144990031e+00 2.368897702527e+00 5.716675133238e-01)	(2.461735753224e-04 7.093730377200e-02 1.684915273187e-03)	(1.781593980491e-01 1.257404174670e-02 2.888253459652e-02)	(1.224231511740e-02 -2.463483713214e-01 1.090802027205e-02)
16.8                	(5.715453445658e+00 2.370330007689e+00 5.760474238376e-01)	(5.715453445658e+00 2.370330007689e+00 5.760474238376e-01)	(1.638366624992e-03 4.720577692441e-02 2.625827182481e-03)	(1.868518937686e-01 1.590968336675e-02 5.745214758056e-02)	(1.632448698980e-02 -2.238266742011e-01 7.206349233281e-03)
16.9                	(5.734278322580e+00 2.372045553678e+00 5.828165527637e-01)	(5.734278322580e+00 2.372045553678e+00 5.828165527637e-01)	(3.336721549265e-03 2.678714768562e-02 3.159245509377e-03)	(1.884398899696e-01 1.822023730227e-02 7.591102410974e-02)	(1.751249959549e-02 -1.832091670340e-01 2.302383547556e-03)
17                  	(5.752917623486e+00 2.373937648305e+00 5.908107277718e-01)	(5.752917623486e+00 2.373937648305e+00 5.908107277718e-01)	(5.014534665812e-03 1.053286703812e-02 3.188232326025e-03)	(1.833326364015e-01 1.944619218013e-02 8.197694032903e-02)	(1.558273465035e-02 -1.435027601725e-01 -3.082334657093e-03)
17.1                	(5.770767110036e+00 2.375903813565e+00 5.988540062182e-01)	(5.770767110036e+00 2.375903813565e+00 5.988540062182e-01)	(6.368965755673e-03 -2.444787560418e-03 2.692759273398e-03)	(1.728627651185e-01 1.973931522425e-02 7.741320559260e-02)	(1.115115228323e-02 -1.195092189725e-01 -8.227844287739e-03)
17.2                	(5.787363005690e+00 2.377863197875e+00 6.060949854530e-01)	(5.787363005690e+00 2.377863197875e+00 6.060949854530e-01)	(7.189337241025e-03 -1.409165146681e-02 1.723854582998e-03)	(1.584837928676e-01 1.936315885345e-02 6.697176321399e-02)	(5.295564933400e-03 -1.169483116669e-01 -1.253833855527e-02)
17.3                	(5.802393019531e+00 2.379762978506e+00 6.122900872917e-01)	(5.802393019531e+00 2.379762978506e+00 6.122900872917e-01)	(7.390128388084e-03 -2.637760221823e-02 4.101728101802e-04)	(1.417910676380e-01 1.857744582476e-02 5.765894289439e-02)	(-6.658349272331e-04 -1.304649603413e-01 -1.520364179296e-02)
17.4                	(5.815683006038e+00 2.381567234558e+00 6.178584634372e-01)	(5.815683006038e+00 2.381567234558e+00 6.178584634372e-01)	(7.018513084622e-03 -4.032399801395e-02 -1.043644171492e-03)	(1.238805464482e-01 1.745188487072e-02 5.524410129414e-02)	(-5.500526006343e-03 -1.476413845688e-01 -1.539525183950e-02)
17.5                	(5.827166868223e+00 2.383241531027e+00 6.236866201984e-01)	(5.827166868223e+00 2.383241531027e+00 6.236866201984e-01)	(6.250839037074e-03 -5.552275593038e-02 -2.372788834009e-03)	(1.058923575015e-01 1.597348260859e-02 6.308400412704e-02)	(-8.181941559934e-03 -1.529192175367e-01 -1.273846442350e-02)
17.6                	(5.836890235938e+00 2.384751520254e+00 6.307788260596e-01)	(5.836890235938e+00 2.384751520254e+00 6.307788260596e-01)	(5.343708310261e-03 -7.018268829302e-02 -3.333728033784e-03)	(8.872716336670e-02 1.418510689571e-02 7.986894713732e-02)	(-8.353404216409e-03 -1.363442893199e-01 -7.842182568813e-03)
17.7                	(5.844917130844e+00 2.386071193277e+00 6.397613950019e-01)	(5.844917130844e+00 2.386071193277e+00 6.397613950019e-01)	(4.561856825247e-03 -8.217517261074e-02 -3.744028452525e-03)	(7.165678102862e-02 1.217432667478e-02 9.958462945151e-02)	(-6.350683844361e-03 -1.014890477142e-01 -1.284007790956e-03)
17.8                	(5.851142308758e+00 2.387178226114e+00 6.504952174712e-01)	(5.851142308758e+00 2.387178226114e+00 6.504952174712e-01)	(4.115502435071e-03 -9.037754407879e-02 -3.459797116577e-03)	(5.215637557649e-02 9.908616196979e-03 1.132951906293e-01)	(-2.944956357041e-03 -6.347282487071e-02 6.338448375299e-03)
17.9                	(5.855159674540e+00 2.388037539898e+00 6.619085195560e-01)	(5.855159674540e+00 2.388037539898e+00 6.619085195560e-01)	(4.100020148456e-03 -9.529741170375e-02 -2.420586817773e-03)	(2.703358380703e-02 7.173953541628e-03 1.118664102790e-01)	(6.091990837846e-04 -3.773212092829e-02 1.381421228488e-02)
18                  	(5.856308788863e+00 2.388586454965e+00 6.721773503619e-01)	(5.856308788863e+00 2.388586454965e+00 6.721773503619e-01)	(4.466621318117e-03 -9.846869792445e-02 -6.972007199962e-04)	(-5.264943112440e-03 3.640737078401e-03 8.993896305756e-02)	(3.120916534071e-03 -2.802089678212e-02 1.991027718421e-02)
18.1                	(5.853906054605e+00 2.388730074474e+00 6.791976995406e-01)	(5.853906054605e+00 2.388730074474e+00 6.791976995406e-01)	(5.042355859909e-03 -1.011009579715e-01 1.515894574050e-03)	(-4.356450059992e-02 -9.387530450514e-04 4.730718008485e-02)	(3.560430994577e-03 -2.458399386136e-02 2.325134265416e-02)
18.2                	(5.847502006878e+00 2.388366411205e+00 6.811419187970e-01)	(5.847502006878e+00 2.388366411205e+00 6.811419187970e-01)	(5.552285709052e-03 -1.029941868369e-01 3.849190457618e-03)	(-8.461632461022e-02 -6.470275752714e-03 -1.011388274849e-02)	(1.485278689552e-03 -1.025935194394e-02 2.218097376588e-02)
18.3                	(5.837030686878e+00 2.387418974663e+00 6.770280150945e-01)	(5.837030686878e+00 2.387418974663e+00 6.770280150945e-01)	(5.714240269357e-03 -1.022835305863e-01 5.837645255148e-03)	(-1.242501372783e-01 -1.251164620049e-02 -7.182549403283e-02)	(-2.576569640734e-03 2.905913923304e-02 1.684268783864e-02)
18.4                	(5.822825008169e+00 2.385868603673e+00 6.670543254125e-01)	(5.822825008169e+00 2.385868603673e+00 6.670543254125e-01)	(5.347429841753e-03 -9.619751987828e-02 7.093693670257e-03)	(-1.588336783202e-01 -1.842237420195e-02 -1.252969764204e-01)	(-7.216774539101e-03 9.687892730165e-02 8.440030051025e-03)
18.5                	(5.805494072513e+00 2.383764685435e+00 6.526113166680e-01)	(5.805494072513e+00 2.383764685435e+00 6.526113166680e-01)	(4.460966515169e-03 -8.228660896793e-02 7.403895903113e-03)	(-1.867577184503e-01 -2.347167454248e-02 -1.596949751409e-01)	(-1.079061800677e-02 1.826490690063e-01 -8.440018638629e-04)
18.6                	(5.785676218992e+00 2.381218724352e+00 6.359724037798e-01)	(5.785676218992e+00 2.381218724352e+00 6.359724037798e-01)	(3.249533891063e-03 -5.978388152295e-02 6.808540392960e-03)	(-2.086866564191e-01 -2.718830093471e-02 -1.685659237417e-01)	(-1.220855753062e-02 2.644191113538e-01 -9.051921198730e-03)
18.7                	(5.763946783768e+00 2.378374215699e+00 6.197549587538e-01)	(5.763946783768e+00 2.378374215699e+00 6.197549587538e-01)	(2.007208319024e-03 -3.024227225519e-02 5.499178665879e-03)	(-2.248129595673e-01 -2.946794046950e-02 -1.518946299116e-01)	(-1.107321234280e-02 3.205423369852e-01 -1.515689698555e-02)
18.8                	(5.740959667021e+00 2.375372574235e+00 6.062383600061e-01)	(5.740959667021e+00 2.375372574235e+00 6.062383600061e-01)	(1.016492913895e-03 2.985919422025e-03 3.735730470676e-03)	(-2.333758891398e-01 -3.035669277135e-02 -1.160524898794e-01)	(-8.056362928967e-03 3.376382775275e-01 -1.875716245910e-02)
18.9                	(5.717612544667e+00 2.372339540101e+00 5.968293342382e-01)	(5.717612544667e+00 2.372339540101e+00 5.968293342382e-01)	(4.334433839031e-04 3.600540063103e-02 1.745220848532e-03)	(-2.315392643844e-01 -3.014733856342e-02 -7.168980686872e-02)	(-4.416537843414e-03 3.177927038119e-01 -2.030357956552e-02)
19                  	(5.695093423242e+00 2.369369562600e+00 5.917937597511e-01)	(5.695093423242e+00 2.369369562600e+00 5.917937597511e-01)	(2.513998566134e-04 6.568386785020e-02 -3.066191626113e-04)	(-2.165134586060e-01 -2.913887059861e-02 -3.041585754359e-02)	(-1.577247386267e-03 2.733580589044e-01 -2.022967690515e-02)
19.1                	(5.674777761848e+00 2.366531884693e+00 5.903127861234e-01)	(5.674777761848e+00 2.366531884693e+00 5.903127861234e-01)	(3.086463697923e-04 9.036658786484e-02 -2.273845205440e-03)	(-1.874881805420e-01 -2.752854997055e-02 -1.881097837892e-03)	(-7.395073558375e-04 2.202657669362e-01 -1.859170744188e-02)
19.2                	(5.658022299638e+00 2.363879491822e+00 5.908106029768e-01)	(5.658022299638e+00 2.363879491822e+00 5.908106029768e-01)	(3.534463506859e-04 1.098546890090e-01 -3.993588131581e-03)	(-1.457104127261e-01 -2.545195624945e-02 8.698441571442e-03)	(-2.149418613489e-03 1.706690358398e-01 -1.518927645235e-02)
19.3                	(5.645933384948e+00 2.361454853508e+00 5.914484930960e-01)	(5.645933384948e+00 2.361454853508e+00 5.914484930960e-01)	(1.451524128206e-04 1.246893829185e-01 -5.281178148884e-03)	(-9.496929483529e-02 -2.296891741153e-02 1.419582935822e-03)	(-5.221476122332e-03 1.267203271997e-01 -1.002948447790e-02)
19.4                	(5.639125934101e+00 2.359303043026e+00 5.906928550080e-01)	(5.639125934101e+00 2.359303043026e+00 5.906928550080e-01)	(-4.712945141862e-04 1.352482274625e-01 -5.975763081178e-03)	(-4.102865381551e-02 -1.995330644296e-02 -1.777000735132e-02)	(-8.852199007189e-03 8.397729608391e-02 -3.613640659723e-03)
19.5                	(5.637679219504e+00 2.357493219445e+00 5.878288876708e-01)	(5.637679219504e+00 2.357493219445e+00 5.878288876708e-01)	(-1.506529996526e-03 1.412808873711e-01 -5.988876994813e-03)	(1.163942146149e-02 -1.606476288718e-02 -3.900504322188e-02)	(-1.163766384712e-02 3.483403958186e-02 3.249241806187e-03)
19.6                	(5.641292577524e+00 2.356132664966e+00 5.831475370059e-01)	(5.641292577524e+00 2.356132664966e+00 5.831475370059e-01)	(-2.818330667694e-03 1.417668009650e-01 -5.330875535850e-03)	(5.966501200872e-02 -1.089334520853e-02 -5.274539208924e-02)	(-1.224882688721e-02 -2.743224395975e-02 9.608141156910e-03)
19.7                	(5.649374135849e+00 2.355368823231e+00 5.777390488126e-01)	(5.649374135849e+00 2.355368823231e+00 5.777390488126e-01)	(-4.099353650044e-03 1.353962435998e-01 -4.122175865866e-03)	(1.006525685445e-01 -4.107379106362e-03 -5.287619165953e-02)	(-9.350407312588e-03 -1.009454363286e-01 1.447094092871e-02)
19.8                	(5.661138618910e+00 2.355361343201e+00 5.730857527708e-01)	(5.661138618910e+00 2.355361343201e+00 5.730857527708e-01)	(-4.915304113899e-03 1.216134399356e-01 -2.568295481664e-03)	(1.331545041681e-01 4.159234715632e-03 -3.777451510141e-02)	(-2.271444831424e-03 -1.728680898541e-01 1.725668716187e-02)
19.9                	(5.675721980082e+00 2.356230323940e+00 5.705925368686e-01)	(5.675721980082e+00 2.356230323940e+00 5.705925368686e-01)	(-4.827098365724e-03 1.014630812017e-01 -8.905314564708e-04)	(1.572173328327e-01 1.330858663900e-02 -1.056256062436e-02)	(8.136664141579e-03 -2.253335753875e-01 1.765471547623e-02)
20                  	(5.692339444845e+00 2.358021469320e+00 5.711474453053e-01)	(5.692339444845e+00 2.358021469320e+00 5.711474453053e-01)	(-3.596619038742e-03 7.763340930453e-02 6.912472603826e-04)	(1.740052129474e-01 2.240372310398e-02 2.182272181550e-02)	(1.914638397510e-02 -2.451313263622e-01 1.548805727155e-02)
20.1                	(5.710299509675e+00 2.360673075901e+00 5.748581504806e-01)	(5.710299509675e+00 2.360673075901e+00 5.748581504806e-01)	(-1.310891785297e-03 5.358868578660e-02 1.967827570089e-03)	(1.840706198121e-01 3.035635390574e-02 5.133273167116e-02)	(2.760480977254e-02 -2.306204943363e-01 1.081167818834e-02)
20.2                	(5.728918044093e+00 2.364027636463e+00 5.811068238034e-01)	(5.728918044093e+00 2.364027636463e+00 5.811068238034e-01)	(1.643922410280e-03 3.226635614488e-02 2.735862764405e-03)	(1.870893186351e-01 3.637439750762e-02 7.172499576194e-02)	(3.124357870987e-02 -1.935887468296e-01 4.258963926850e-03)
20.3                	(5.747486842165e+00 2.367871407697e+00 5.887873370388e-01)	(5.747486842165e+00 2.367871407697e+00 5.887873370388e-01)	(4.716189986980e-03 1.500846470933e-02 2.846125884786e-03)	(1.832361164984e-01 4.011798375632e-02 7.983631941687e-02)	(2.940186245286e-02 -1.523829839004e-01 -3.201032153706e-03)
20.4                	(5.765383266009e+00 2.371981828141e+00 5.967083563958e-01)	(5.765383266009e+00 2.371981828141e+00 5.967083563958e-01)	(7.366776965895e-03 1.387072430749e-03 2.242408671723e-03)	(1.738768067814e-01 4.177070642071e-02 7.702444589900e-02)	(2.288908024280e-02 -1.230500321997e-01 -1.038537225754e-02)
20.5                	(5.782130050010e+00 2.376172408957e+00 6.039688301840e-01)	(5.782130050010e+00 2.376172408957e+00 6.039688301840e-01)	(9.192640275061e-03 -1.029360385427e-02 9.910494502065e-04)	(1.604954961142e-01 4.182011741052e-02 6.756366882684e-02)	(1.344450922283e-02 -1.140142748840e-01 -1.627011108044e-02)
20.6                	(5.797400812942e+00 2.380309284100e+00 6.102198893718e-01)	(5.797400812942e+00 2.380309284100e+00 6.102198893718e-01)	(9.997218655657e-03 -2.205629773558e-02 -7.188064231936e-04)	(1.446143818477e-01 4.076490119507e-02 5.804755373646e-02)	(3.278305734272e-03 -1.232304887780e-01 -1.972246516932e-02)
20.7                	(5.811013262920e+00 2.384297148211e+00 6.157814044738e-01)	(5.811013262920e+00 2.384297148211e+00 6.157814044738e-01)	(9.813261899725e-03 -3.522519009090e-02 -2.599077988878e-03)	(1.274174926063e-01 3.885363228630e-02 5.458215202992e-02)	(-5.420582141797e-03 -1.402094559459e-01 -1.982873074035e-02)
20.8                	(5.822874417208e+00 2.388053309257e+00 6.214668705093e-01)	(5.822874417208e+00 2.388053309257e+00 6.214668705093e-01)	(8.901611838270e-03 -4.988594223715e-02 -4.277991103375e-03)	(1.098429406331e-01 3.614326226513e-02 6.087516287814e-02)	(-1.074727883858e-02 -1.502380938907e-01 -1.577579273366e-02)
20.9                	(5.833005158778e+00 2.391502719691e+00 6.282751220972e-01)	(5.833005158778e+00 2.391502719691e+00 6.282751220972e-01)	(7.669841879998e-03 -6.464773727424e-02 -5.374649364428e-03)	(9.292948230505e-02 3.274584657655e-02 7.655128196644e-02)	(-1.196326662821e-02 -1.410408874619e-01 -8.075085542093e-03)
21                  	(5.841475823552e+00 2.394584702227e+00 6.369200195634e-01)	(5.841475823552e+00 2.394584702227e+00 6.369200195634e-01)	(6.555950399196e-03 -7.742064953648e-02 -5.601466593297e-03)	(7.641566809457e-02 2.881273915763e-02 9.640416979128e-02)	(-9.456710703746e-03 -1.117587804100e-01 2.075728709026e-03)
21.1                	(5.848231998699e+00 2.397246542479e+00 6.474216612022e-01)	(5.848231998699e+00 2.397246542479e+00 6.474216612022e-01)	(5.920691437354e-03 -8.672034260093e-02 -4.758070969799e-03)	(5.815908445133e-02 2.430628839217e-02 1.121768440677e-01)	(-4.379975244012e-03 -7.436944229914e-02 1.372185128030e-02)
21.2                	(5.852944260664e+00 2.399415590690e+00 6.589109516704e-01)	(5.852944260664e+00 2.399415590690e+00 6.589109516704e-01)	(5.948197368980e-03 -9.256264628168e-02 -2.759186749978e-03)	(3.504638040789e-02 1.887989887377e-02 1.147473292597e-01)	(1.221516859278e-03 -4.503034538180e-02 2.519788702976e-02)
21.3                	(5.855010125067e+00 2.400971086183e+00 6.697168099474e-01)	(5.855010125067e+00 2.400971086183e+00 6.697168099474e-01)	(6.578771478924e-03 -9.623226300928e-02 2.839641850955e-04)	(5.065814995696e-03 1.191422802632e-02 9.789037172962e-02)	(5.216210227535e-03 -3.116241259650e-02 3.441367824520e-02)
21.4                	(5.853741768040e+00 2.401730724140e+00 6.777891327916e-01)	(5.853741768040e+00 2.401730724140e+00 6.777891327916e-01)	(7.534881262936e-03 -9.908060815174e-02 4.050795397537e-03)	(-3.134133236668e-02 2.925611113714e-03 6.024833513452e-02)	(5.883074767330e-03 -2.685789608789e-02 3.919682871222e-02)
21.5                	(5.848622021549e+00 2.401488388445e+00 6.812074017863e-01)	(5.848622021549e+00 2.401488388445e+00 6.812074017863e-01)	(8.377032446250e-03 -1.013660537177e-01 7.952931939651e-03)	(-7.132631851001e-02 -8.070492985869e-03 6.037956306186e-03)	(2.493257163369e-03 -1.720072739625e-02 3.674755182566e-02)
21.6                	(5.839485242938e+00 2.400074384864e+00 6.787583876959e-01)	(5.839485242938e+00 2.400074384864e+00 6.787583876959e-01)	(8.641379638660e-03 -1.017508489067e-01 1.121148473833e-02)	(-1.110066121579e-01 -2.031358040615e-02 -5.521856517115e-02)	(-4.256403991158e-03 1.339743080977e-02 2.696334332071e-02)
21.7                	(5.826562699567e+00 2.397426887752e+00 6.703385558428e-01)	(5.826562699567e+00 2.397426887752e+00 6.703385558428e-01)	(8.010617018229e-03 -9.769359607769e-02 1.317761917587e-02)	(-1.464817267007e-01 -3.251782952820e-02 -1.113153350374e-01)	(-1.229227278254e-02 7.204412744423e-02 1.226881958405e-02)
21.8                	(5.810405549378e+00 2.393621022605e+00 6.570483847382e-01)	(5.810405549378e+00 2.393621022605e+00 6.570483847382e-01)	(6.456037452924e-03 -8.656628171985e-02 1.351320463952e-02)	(-1.755784355159e-01 -4.324796049223e-02 -1.509800589033e-01)	(-1.904712276829e-02 1.529184097885e-01 -3.866454303643e-03)
21.9                	(5.791651235684e+00 2.388861595556e+00 6.409442436476e-01)	(5.791651235684e+00 2.388861595556e+00 6.409442436476e-01)	(4.255004776101e-03 -6.699311601246e-02 1.229173082487e-02)	(-1.985864568370e-01 -5.146225168250e-02 -1.667805041181e-01)	(-2.246227129272e-02 2.373069618067e-01 -1.784334850965e-02)
22                  	(5.770859229881e+00 2.383427579412e+00 6.245517695301e-01)	(5.770859229881e+00 2.383427579412e+00 6.245517695301e-01)	(1.891038974492e-03 -3.979204016739e-02 9.889355494331e-03)	(-2.162563476083e-01 -5.671609174078e-02 -1.570450659757e-01)	(-2.153893400037e-02 3.020434098594e-01 -2.772544956206e-02)
22.1                	(5.748621242551e+00 2.377614781520e+00 6.102352265099e-01)	(5.748621242551e+00 2.377614781520e+00 6.102352265099e-01)	(-1.213212108749e-04 -7.805664582355e-03 6.780006382588e-03)	(-2.271913411990e-01 -5.913689311036e-02 -1.265318009452e-01)	(-1.665674663832e-02 3.313865963741e-01 -3.324151199604e-02)
22.2                	(5.725727720642e+00 2.371684416685e+00 5.996239560071e-01)	(5.725727720642e+00 2.371684416685e+00 5.996239560071e-01)	(-1.427365803791e-03 2.519493939238e-02 3.377066244988e-03)	(-2.288665478828e-01 -5.914566496758e-02 -8.473817769426e-02)	(-9.944881358627e-03 3.228546961648e-01 -3.491318519009e-02)
22.3                	(5.703247894629e+00 2.365847217235e+00 5.932872585992e-01)	(5.703247894629e+00 2.365847217235e+00 5.932872585992e-01)	(-1.970877376610e-03 5.576097015036e-02 -3.207610961829e-05)	(-2.185221516588e-01 -5.736721418163e-02 -4.286330110536e-02)	(-4.041984318127e-03 2.847826280670e-01 -3.393493316440e-02)
22.4                	(5.682483505409e+00 2.360250294130e+00 5.907113602342e-01)	(5.682483505409e+00 2.360250294130e+00 5.907113602342e-01)	(-1.975512340491e-03 8.170658786420e-02 -3.248165544460e-03)	(-1.944618839626e-01 -5.440154984795e-02 -1.096631168768e-02)	(-1.129852646337e-03 2.329809313587e-01 -3.091484597758e-02)
22.5                	(5.664799229086e+00 2.354997137915e+00 5.905525452317e-01)	(5.664799229086e+00 2.354997137915e+00 5.905525452317e-01)	(-1.849902500193e-03 1.023731777099e-01 -6.062068605377e-03)	(-1.570929377307e-01 -5.052474540253e-02 4.882978839491e-03)	(-2.235650374536e-03 1.815480885445e-01 -2.548854519194e-02)
22.6                	(5.651397515578e+00 2.350169306662e+00 5.910921758568e-01)	(5.651397515578e+00 2.350169306662e+00 5.910921758568e-01)	(-2.048212180682e-03 1.182073786452e-01 -8.223662356492e-03)	(-1.095929305292e-01 -4.591114141805e-02 3.121251967191e-03)	(-6.976482291934e-03 1.359279432208e-01 -1.773439909918e-02)
22.7                	(5.643055370014e+00 2.345841231018e+00 5.907148466753e-01)	(5.643055370014e+00 2.345841231018e+00 5.907148466753e-01)	(-2.911904181526e-03 1.297069410779e-01 -9.524671706160e-03)	(-5.681124165560e-02 -4.049237627681e-02 -1.231577844083e-02)	(-1.360179497088e-02 9.402299071380e-02 -8.472557597851e-03)
22.8                	(5.640037166403e+00 2.342112122471e+00 5.884671183003e-01)	(5.640037166403e+00 2.342112122471e+00 5.884671183003e-01)	(-4.545375641638e-03 1.369155346945e-01 -9.857104916230e-03)	(-3.815059015628e-03 -3.381903105972e-02 -3.260900736604e-02)	(-1.968654307078e-02 4.878660355471e-02 1.431204882036e-03)
22.9                	(5.642178297133e+00 2.339148351242e+00 5.843564615515e-01)	(5.642178297133e+00 2.339148351242e+00 5.843564615515e-01)	(-6.808653396856e-03 1.390741297028e-01 -9.209266770260e-03)	(4.585943676274e-02 -2.502615881200e-02 -4.813197110686e-02)	(-2.311160819681e-02 -7.836884724386e-03 1.100903520781e-02)
23                  	(5.648994534224e+00 2.337199666487e+00 5.792377337550e-01)	(5.648994534224e+00 2.337199666487e+00 5.792377337550e-01)	(-9.281931084988e-03 1.348956246667e-01 -7.717841299353e-03)	(8.923133426553e-02 -1.348096611177e-02 -5.191621116001e-02)	(-2.116706823966e-02 -7.711367217074e-02 1.883579737813e-02)
23.1                	(5.659737265575e+00 2.336537978325e+00 5.744675062248e-01)	(5.659737265575e+00 2.336537978325e+00 5.744675062248e-01)	(-1.128272468472e-02 1.235030430138e-01 -5.653275143415e-03)	(1.240828585181e-01 6.159340965609e-04 -4.105090060980e-02)	(-1.234925973646e-02 -1.495880292845e-01 2.406417889047e-02)
23.2                	(5.673501027537e+00 2.337377646262e+00 5.714601705048e-01)	(5.673501027537e+00 2.337377646262e+00 5.714601705048e-01)	(-1.207725462763e-02 1.053800423573e-01 -3.302729651267e-03)	(1.497162409302e-01 1.634854188107e-02 -1.734725344499e-02)	(2.648167375724e-03 -2.086132345880e-01 2.638770308588e-02)
23.3                	(5.689407944088e+00 2.339813795434e+00 5.712308440874e-01)	(5.689407944088e+00 2.339813795434e+00 5.712308440874e-01)	(-1.115305461513e-02 8.269991961250e-02 -9.498003626056e-04)	(1.671843380896e-01 3.225486022599e-02 1.327796080488e-02)	(2.032397327546e-02 -2.386427927850e-01 2.515621076310e-02)
23.4                	(5.706704973321e+00 2.343776551755e+00 5.740879075984e-01)	(5.706704973321e+00 2.343776551755e+00 5.740879075984e-01)	(-8.457778376976e-03 5.878343230634e-02 1.112484250205e-03)	(1.776493030250e-01 4.661816562880e-02 4.313499916020e-02)	(3.573815324658e-02 -2.337059099853e-01 2.011983039688e-02)
23.5                	(5.724714112170e+00 2.349039841126e+00 5.796111738602e-01)	(5.724714112170e+00 2.349039841126e+00 5.796111738602e-01)	(-4.433374119160e-03 3.684707767859e-02 2.599743034251e-03)	(1.813900440116e-01 5.808708736588e-02 6.565124805474e-02)	(4.493396348167e-02 -2.015945839952e-01 1.208441878884e-02)
23.6                	(5.742761001336e+00 2.355272014727e+00 5.868306792634e-01)	(5.742761001336e+00 2.355272014727e+00 5.868306792634e-01)	(1.772881279559e-04 1.878959015023e-02 3.287848821631e-03)	(1.784946942718e-01 6.591910625386e-02 7.669326955160e-02)	(4.642265328133e-02 -1.594339697875e-01 2.294961962115e-03)
23.7                	(5.760235374306e+00 2.362106127134e+00 5.945752230659e-01)	(5.760235374306e+00 2.362106127134e+00 5.945752230659e-01)	(4.590858791850e-03 4.726946264126e-03 3.043302150307e-03)	(1.701941529585e-01 7.023000598614e-02 7.654287015883e-02)	(4.073140239024e-02 -1.242387397425e-01 -7.746636398273e-03)
23.8                	(5.776668293952e+00 2.369223237070e+00 6.018818621749e-01)	(5.776668293952e+00 2.369223237070e+00 6.018818621749e-01)	(8.147665379559e-03 -6.683455361513e-03 1.888679046383e-03)	(1.579000694548e-01 7.171025238446e-02 6.875072801575e-02)	(2.978879633243e-02 -1.074469185062e-01 -1.646286231488e-02)
23.9                	(5.791731094307e+00 2.376380539644e+00 6.082663064003e-01)	(5.791731094307e+00 2.376380539644e+00 6.082663064003e-01)	(1.044302242275e-02 -1.746969276706e-02 1.613122069774e-05)	(1.430311829829e-01 7.113822801781e-02 5.926713436543e-02)	(1.645146627703e-02 -1.108637240982e-01 -2.250337771120e-02)
24                  	(5.805231173211e+00 2.383396262469e+00 6.138977307216e-01)	(5.805231173211e+00 2.383396262469e+00 6.138977307216e-01)	(1.138608695181e-02 -2.931256885038e-02 -2.259612941810e-03)	(1.268127767553e-01 6.890772294057e-02 5.458249181972e-02)	(3.873894681307e-03 -1.265845491840e-01 -2.482220678969e-02)
24.1                	(5.817079171134e+00 2.390111478113e+00 6.194857128651e-01)	(5.817079171134e+00 2.390111478113e+00 6.194857128651e-01)	(1.119605348242e-02 -4.279090516019e-02 -4.485079028079e-03)	(1.101412813240e-01 6.515309778918e-02 5.885942747839e-02)	(-5.300670180732e-03 -1.412132112793e-01 -2.171366162588e-02)
24.2                	(5.827283035266e+00 2.396383408183e+00 6.259980619381e-01)	(5.827283035266e+00 2.396383408183e+00 6.259980619381e-01)	(1.033161508771e-02 -5.708607519314e-02 -6.111401779037e-03)	(9.409728688812e-02 6.009190857862e-02 7.280438471637e-02)	(-9.525508880162e-03 -1.409701938107e-01 -1.304495350432e-02)
24.3                	(5.835924264215e+00 2.402093347153e+00 6.342365340158e-01)	(5.835924264215e+00 2.402093347153e+00 6.342365340158e-01)	(9.345654578129e-03 -7.031129923053e-02 -6.677475384732e-03)	(7.873817349053e-02 5.394111173872e-02 9.232696177963e-02)	(-8.737445924229e-03 -1.202468732063e-01 -3.186340816505e-04)
24.4                	(5.842994046748e+00 2.407136761862e+00 6.443974662749e-01)	(5.842994046748e+00 2.407136761862e+00 6.443974662749e-01)	(8.743401298486e-03 -8.068685946202e-02 -5.860805210138e-03)	(6.223752473156e-02 4.671930047581e-02 1.098384935381e-01)	(-4.067763280570e-03 -8.630651023719e-02 1.506536282537e-02)
24.5                	(5.848232305004e+00 2.411386747449e+00 6.558395546618e-01)	(5.848232305004e+00 2.411386747449e+00 6.558395546618e-01)	(8.852046711150e-03 -8.761662538095e-02 -3.473941285097e-03)	(4.160349952205e-02 3.797862307536e-02 1.164831400543e-01)	(2.207261732603e-03 -5.420184077958e-02 3.117370975911e-02)
24.6                	(5.851098653006e+00 2.414658824933e+00 6.670847906397e-01)	(5.851098653006e+00 2.414658824933e+00 6.670847906397e-01)	(9.692290149780e-03 -9.191903711320e-02 4.109303382665e-04)	(1.455061834981e-02 2.701704013723e-02 1.050669879007e-01)	(7.154694997057e-03 -3.497544252477e-02 4.469681533230e-02)
24.7                	(5.850915740437e+00 2.416691132936e+00 6.761614843486e-01)	(5.850915740437e+00 2.416691132936e+00 6.761614843486e-01)	(1.097079775449e-02 -9.493498589150e-02 5.378950453120e-03)	(-1.922435765153e-02 1.311609800803e-02 7.305341914812e-02)	(8.341100606859e-03 -2.764603481908e-02 5.235360784736e-02)
24.8                	(5.847101233652e+00 2.417181301114e+00 6.810830292793e-01)	(5.847101233652e+00 2.417181301114e+00 6.810830292793e-01)	(1.216726297003e-02 -9.736091779867e-02 1.067527224037e-02)	(-5.752118686635e-02 -3.776139856158e-03 2.289708452811e-02)	(4.611180911967e-03 -2.094177592323e-02 5.069392606805e-02)
24.9                	(5.839392911406e+00 2.415867196745e+00 6.804057095054e-01)	(5.839392911406e+00 2.415867196745e+00 6.804057095054e-01)	(1.270220113706e-02 -9.850518599699e-02 1.525001311425e-02)	(-9.641057945729e-02 -2.271134704113e-02 -3.721704993633e-02)	(-3.463971212626e-03 5.259050590083e-04 3.844896319484e-02)
25                  	(5.827930473255e+00 2.412627456027e+00 6.736952093588e-01)	(5.827930473255e+00 2.412627456027e+00 6.736952093588e-01)	(1.213530941045e-02 -9.629641788649e-02 1.812940808853e-02)	(-1.319812432412e-01 -4.196288372713e-02 -9.567159530097e-02)	(-1.358019153393e-02 4.759699726557e-02 1.854142348978e-02)
25.1                	(5.813205388840e+00 2.407536760501e+00 6.617218063823e-01)	(5.813205388840e+00 2.407536760501e+00 6.617218063823e-01)	(1.036321288577e-02 -8.808243481361e-02 1.877119643594e-02)	(-1.614075771368e-01 -5.938286776941e-02 -1.406981451068e-01)	(-2.266222398373e-02 1.199257832863e-01 -3.919671273022e-03)
25.2                	(5.795859740107e+00 2.400869361650e+00 6.462940652438e-01)	(5.795859740107e+00 2.400869361650e+00 6.462940652438e-01)	(7.662976144253e-03 -7.194400366992e-02 1.718863630027e-02)	(-1.845536655413e-01 -7.328813840096e-02 -1.637603008533e-01)	(-2.806154493912e-02 2.031857248551e-01 -2.400081418796e-02)
25.3                	(5.776469102955e+00 2.393020561600e+00 6.298195628494e-01)	(5.776469102955e+00 2.393020561600e+00 6.298195628494e-01)	(4.605525104816e-03 -4.785617008695e-02 1.385631418761e-02)	(-2.024272773053e-01 -8.291979191483e-02 -1.615926793279e-01)	(-2.826518149411e-02 2.751817998006e-01 -3.851817176920e-02)
25.4                	(5.755557523459e+00 2.384429246360e+00 6.147185590180e-01)	(5.755557523459e+00 2.384429246360e+00 6.147185590180e-01)	(1.831148417517e-03 -1.797654990856e-02 9.449633594081e-03)	(-2.147322237844e-01 -8.821262424455e-02 -1.372874006209e-01)	(-2.368118034105e-02 3.165582222548e-01 -4.663997102656e-02)
25.5                	(5.733778368835e+00 2.375511688135e+00 6.028348299757e-01)	(5.733778368835e+00 2.375511688135e+00 6.028348299757e-01)	(-2.046231656783e-04 1.414526376025e-02 4.599952509469e-03)	(-2.193158081464e-01 -8.953028131370e-02 -9.889107475334e-02)	(-1.674490774717e-02 3.199930410924e-01 -4.903143806178e-02)
25.6                	(5.712047226170e+00 2.366620589907e+00 5.950557085889e-01)	(5.712047226170e+00 2.366620589907e+00 5.950557085889e-01)	(-1.392811353780e-03 4.490527294358e-02 -2.188340714417e-04)	(-2.133783871112e-01 -8.786736950536e-02 -5.700920762322e-02)	(-1.021760366816e-02 2.905695321517e-01 -4.724388511082e-02)
25.7                	(5.691526135108e+00 2.358008289495e+00 5.912075782409e-01)	(5.691526135108e+00 2.358008289495e+00 5.912075782409e-01)	(-1.950618489161e-03 7.160670307987e-02 -4.684890500053e-03)	(-1.947928824631e-01 -8.406753549826e-02 -2.180211707158e-02)	(-6.953454525785e-03 2.415884496978e-01 -4.234900249044e-02)
25.8                	(5.673519783643e+00 2.349858649286e+00 5.902280865175e-01)	(5.673519783643e+00 2.349858649286e+00 5.902280865175e-01)	(-2.372066790923e-03 9.307486507802e-02 -8.518190622038e-03)	(-1.632888830628e-01 -7.870574113691e-02 -5.363268014366e-04)	(-8.668679579567e-03 1.880651818175e-01 -3.444965011424e-02)
25.9                	(5.659248006391e+00 2.342305702772e+00 5.905267331139e-01)	(5.659248006391e+00 2.342305702772e+00 5.905267331139e-01)	(-3.222606315240e-03 1.094250321078e-01 -1.141128224531e-02)	(-1.206215093387e-01 -7.217333991603e-02 3.653495060916e-03)	(-1.483562104359e-02 1.401347611364e-01 -2.358169872706e-02)
26                  	(5.649642081167e+00 2.335462674916e+00 5.904554476916e-01)	(5.649642081167e+00 2.335462674916e+00 5.904554476916e-01)	(-4.930797856735e-03 1.213483608692e-01 -1.310304255374e-02)	(-7.078403804540e-02 -6.446280930060e-02 -7.085918136356e-03)	(-2.341333537100e-02 9.894131036373e-02 -1.079065531812e-02)
26.1                	(5.645157872759e+00 2.329468497177e+00 5.888507400406e-01)	(5.645157872759e+00 2.329468497177e+00 5.888507400406e-01)	(-7.651974917299e-03 1.292587776604e-01 -1.347124326647e-02)	(-1.894513062937e-02 -5.508322923141e-02 -2.550887211382e-02)	(-3.155382632991e-02 5.838123384031e-02 2.532343915186e-03)
26.2                	(5.645804393941e+00 2.324533096465e+00 5.854114658607e-01)	(5.645804393941e+00 2.324533096465e+00 5.854114658607e-01)	(-1.119864348403e-02 1.327455644406e-01 -1.253005196382e-02)	(3.130713937942e-02 -4.310421360885e-02 -4.223886700364e-02)	(-3.605619033619e-02 9.561405063476e-03 1.525153325894e-02)
26.3                	(5.651239993588e+00 2.320962404783e+00 5.807321243551e-01)	(5.651239993588e+00 2.320962404783e+00 5.807321243551e-01)	(-1.503780523017e-02 1.307003135421e-01 -1.046941368763e-02)	(7.631606663400e-02 -2.771075775559e-02 -4.926790487449e-02)	(-3.396617034272e-02 -5.192432320635e-02 2.567917216711e-02)
26.4                	(5.660791055164e+00 2.319101925650e+00 5.760238081310e-01)	(5.660791055164e+00 2.319101925650e+00 5.760238081310e-01)	(-1.833598495025e-02 1.220202083298e-01 -7.644195564832e-03)	(1.131708463822e-01 -9.005592675366e-03 -4.250326932326e-02)	(-2.341439760680e-02 -1.209263447049e-01 3.276993341932e-02)
26.5                	(5.673547914051e+00 2.319231975914e+00 5.726745115655e-01)	(5.673547914051e+00 2.319231975914e+00 5.726745115655e-01)	(-2.018278154118e-02 1.066179080155e-01 -4.429531994573e-03)	(1.403439959147e-01 1.182356272330e-02 -2.258241911768e-02)	(-5.136258885950e-03 -1.833566948960e-01 3.647973850791e-02)
26.6                	(5.688556205702e+00 2.321482742431e+00 5.717888057487e-01)	(5.688556205702e+00 2.321482742431e+00 5.717888057487e-01)	(-1.992478234417e-02 8.597525431544e-02 -1.159773603882e-03)	(1.584489722716e-01 3.311880340610e-02 5.697033681425e-03)	(1.675156224577e-02 -2.231678128394e-01 3.623057740781e-02)
26.7                	(5.704988849216e+00 2.325806677927e+00 5.738508457803e-01)	(5.704988849216e+00 2.325806677927e+00 5.738508457803e-01)	(-1.743188477467e-02 6.294707005088e-02 1.838425930304e-03)	(1.690586249376e-01 5.295813438598e-02 3.511019750058e-02)	(3.688379947909e-02 -2.306520227067e-01 3.143540716190e-02)
26.8                	(5.722149753453e+00 2.331966505041e+00 5.786161234844e-01)	(5.722149753453e+00 2.331966505041e+00 5.786161234844e-01)	(-1.309251137189e-02 4.077076316229e-02 4.220049613436e-03)	(1.730963375671e-01 6.960047915054e-02 5.876930581355e-02)	(5.117534819803e-02 -2.078891195526e-01 2.236947023710e-02)
26.9                	(5.739396863156e+00 2.339586167125e+00 5.852571067702e-01)	(5.739396863156e+00 2.339586167125e+00 5.852571067702e-01)	(-7.634779440028e-03 2.186629365631e-02 5.675935855111e-03)	(1.708352896085e-01 8.204327585675e-02 7.211940463069e-02)	(5.754120292377e-02 -1.685428339806e-01 1.038535573503e-02)
27                  	(5.756141486184e+00 2.348228732918e+00 5.926682654172e-01)	(5.756141486184e+00 2.348228732918e+00 5.926682654172e-01)	(-1.909472029007e-03 7.044676354746e-03 5.996182285321e-03)	(1.633030423598e-01 9.011599038443e-02 7.443601654110e-02)	(5.577558139098e-02 -1.291099554881e-01 -2.529567176920e-03)
27.1                	(5.771929551676e+00 2.357482641782e+00 5.998667338573e-01)	(5.771929551676e+00 2.357482641782e+00 5.998667338573e-01)	(3.282238116471e-03 -4.412930165365e-03 5.131180590746e-03)	(1.519715761884e-01 9.440233199924e-02 6.852521331105e-02)	(4.709926922121e-02 -1.031109610131e-01 -1.464402350148e-02)
27.2                	(5.786442070026e+00 2.367012299621e+00 6.062725932761e-01)	(5.786442070026e+00 2.367012299621e+00 6.062725932761e-01)	(7.335996832111e-03 -1.423849636437e-02 3.202476753277e-03)	(1.381289967766e-01 9.573574917194e-02 5.965099299547e-02)	(3.392083215070e-02 -9.642980989870e-02 -2.446046813255e-02)
27.3                	(5.799470360678e+00 2.376546336361e+00 6.119230701622e-01)	(5.799470360678e+00 2.376546336361e+00 6.119230701622e-01)	(9.953816030171e-03 -2.432200241207e-02 4.976274138845e-04)	(1.224930007450e-01 9.453714844987e-02 5.440859040701e-02)	(1.963265869341e-02 -1.065832695926e-01 -3.058890773025e-02)
27.4                	(5.810932197327e+00 2.385842929076e+00 6.174262050766e-01)	(5.810932197327e+00 2.385842929076e+00 6.174262050766e-01)	(1.118972921338e-02 -3.578449322259e-02 -2.505265873363e-03)	(1.067389962253e-01 9.102110819472e-02 5.722460522571e-02)	(7.548977383637e-03 -1.220807430317e-01 -3.067219609497e-02)
27.5                	(5.820845993180e+00 2.394682820970e+00 6.236929392218e-01)	(5.820845993180e+00 2.394682820970e+00 6.236929392218e-01)	(1.141043738242e-02 -4.853113854399e-02 -5.124896320571e-03)	(9.169834640378e-02 8.545676855584e-02 6.961337765606e-02)	(-1.343558283479e-04 -1.299296577324e-01 -2.337578340007e-02)
27.6                	(5.829306449899e+00 2.402872818650e+00 6.315755817157e-01)	(5.829306449899e+00 2.402872818650e+00 6.315755817157e-01)	(1.114357817084e-02 -6.124447875272e-02 -6.688312715296e-03)	(7.761190062800e-02 7.806491113762e-02 8.866786518436e-02)	(-2.690076810665e-03 -1.209095158940e-01 -9.880640205292e-03)
27.7                	(5.836354677236e+00 2.410239829994e+00 6.414210054054e-01)	(5.836354677236e+00 2.410239829994e+00 6.414210054054e-01)	(1.093564669803e-02 -7.221274196756e-02 -6.698204712094e-03)	(6.311971012072e-02 6.896793204075e-02 1.074856591852e-01)	(-8.108237067683e-04 -9.651393739361e-02 7.829985951550e-03)
27.8                	(5.841824122914e+00 2.416597259468e+00 6.527789706454e-01)	(5.841824122914e+00 2.416597259468e+00 6.527789706454e-01)	(1.121111289964e-02 -8.036373763052e-02 -4.838047756386e-03)	(4.549379389333e-02 5.779180716108e-02 1.174814513637e-01)	(3.634651836269e-03 -6.722678316710e-02 2.752386624726e-02)
27.9                	(5.845259591002e+00 2.421710146184e+00 6.643557118554e-01)	(5.845259591002e+00 2.421710146184e+00 6.643557118554e-01)	(1.210700430329e-02 -8.584551296837e-02 -1.083152665395e-03)	(2.210365492770e-02 4.396397004445e-02 1.108667913716e-01)	(7.641313266604e-03 -4.497171620414e-02 4.534182765521e-02)
28                  	(5.846022704184e+00 2.425280780670e+00 6.742723551737e-01)	(5.846022704184e+00 2.425280780670e+00 6.742723551737e-01)	(1.340692435814e-02 -8.961774977212e-02 4.165677864754e-03)	(-7.933040130684e-03 2.686887319314e-02 8.402988176452e-02)	(8.475832215596e-03 -3.326811462743e-02 5.686911090590e-02)
