# Motion State      
# Angle Units       : radians
# Time              	centreOfRotation	centreOfMass	rotation	velocity	omega
0.1                 	(5.750144399009e+00 2.374997394483e+00 5.953779319438e-01)	(5.750144399009e+00 2.374997394483e+00 5.953779319438e-01)	(1.002633153884e-04 1.488190635001e-03 -2.313437952236e-06)	(3.070666402289e-03 -6.160273373829e-05 -1.990152215040e-01)	(3.195609920731e-03 3.746434237330e-02 -5.376562480846e-05)
0.2                 	(5.750541609750e+00 2.374990756958e+00 5.811863018130e-01)	(5.750541609750e+00 2.374990756958e+00 5.811863018130e-01)	(6.133971473071e-04 6.727163943190e-03 -1.223978775872e-05)	(4.512863058050e-03 -6.196854628089e-05 -8.069663670968e-02)	(6.845127130346e-03 6.197703284415e-02 -9.973453619565e-05)
0.3                 	(5.751025429450e+00 2.374984205525e+00 5.794299980056e-01)	(5.751025429450e+00 2.374984205525e+00 5.794299980056e-01)	(1.417133381690e-03 1.276614584848e-02 -2.820210260940e-05)	(5.191638477880e-03 -8.634029534927e-05 4.374368326869e-02)	(8.946514449844e-03 5.367930345533e-02 -9.763018838102e-05)
0.4                 	(5.751600814784e+00 2.374969010287e+00 5.892950389461e-01)	(5.751600814784e+00 2.374969010287e+00 5.892950389461e-01)	(2.346618868155e-03 1.701290084124e-02 -4.580490822112e-05)	(6.405850811580e-03 -2.329894121330e-04 1.472525776853e-01)	(9.347214789696e-03 2.942840488144e-02 -1.103133727504e-04)
0.5                 	(5.752303244764e+00 2.374937278600e+00 6.069723883582e-01)	(5.752303244764e+00 2.374937278600e+00 6.069723883582e-01)	(3.234513611792e-03 1.812262136888e-02 -6.294385593173e-05)	(7.552395135898e-03 -3.932211152654e-04 1.950840659991e-01)	(8.187264355754e-03 -9.366041264405e-03 -1.833553426789e-04)
0.6                 	(5.753088483265e+00 2.374894119765e+00 6.260055549816e-01)	(5.753088483265e+00 2.374894119765e+00 6.260055549816e-01)	(3.950472481277e-03 1.495698245262e-02 -7.617201035028e-05)	(8.041068518025e-03 -4.457167280642e-04 1.748375093497e-01)	(6.003384666415e-03 -5.320767469966e-02 -3.263893702751e-04)
0.7                 	(5.753908091877e+00 2.374853515836e+00 6.403578968222e-01)	(5.753908091877e+00 2.374853515836e+00 6.403578968222e-01)	(4.413450398135e-03 8.214168175263e-03 -8.817555890563e-05)	(8.420554628303e-03 -3.379632262460e-04 1.063570814517e-01)	(3.165423042875e-03 -7.658215380774e-02 -4.725429187335e-04)
0.8                 	(5.754776933494e+00 2.374832399886e+00 6.463574763515e-01)	(5.754776933494e+00 2.374832399886e+00 6.463574763515e-01)	(4.574059905148e-03 5.234615753793e-04 -1.030560725429e-04)	(8.865814514873e-03 -5.577494096813e-05 1.087515335831e-02)	(4.219716768585e-05 -7.343641526777e-02 -4.889331847684e-04)
0.9                 	(5.755643907273e+00 2.374844710850e+00 6.425002782778e-01)	(5.755643907273e+00 2.374844710850e+00 6.425002782778e-01)	(4.431881133806e-03 -5.814191169383e-03 -1.167805579450e-04)	(8.118598066374e-03 2.948324602326e-04 -8.507438096778e-02)	(-2.778663627766e-03 -5.064146420398e-02 -3.398036186955e-04)
1                   	(5.756303627459e+00 2.374887242368e+00 6.305627192038e-01)	(5.756303627459e+00 2.374887242368e+00 6.305627192038e-01)	(4.044519803792e-03 -9.055453183347e-03 -1.259927372734e-04)	(4.440324435328e-03 5.275085520622e-04 -1.455539939103e-01)	(-4.822993136972e-03 -1.210674893200e-02 -1.346067771699e-04)
1.1                 	(5.756392197939e+00 2.374944844666e+00 6.150749923858e-01)	(5.756392197939e+00 2.374944844666e+00 6.150749923858e-01)	(3.497520194048e-03 -8.183519341724e-03 -1.336874929089e-04)	(-3.343321452846e-03 5.979025106178e-04 -1.561852012753e-01)	(-5.955484117413e-03 2.802740184495e-02 2.411818217818e-05)
1.2                 	(5.755540045532e+00 2.375002562084e+00 6.007619763031e-01)	(5.755540045532e+00 2.375002562084e+00 6.007619763031e-01)	(2.888223002369e-03 -3.944536117855e-03 -1.417277147275e-04)	(-1.386092614572e-02 5.390540650062e-04 -1.236134440054e-01)	(-6.050165475542e-03 5.413767164332e-02 6.930123326601e-05)
1.3                 	(5.753663086490e+00 2.375051311531e+00 5.915107541083e-01)	(5.753663086490e+00 2.375051311531e+00 5.915107541083e-01)	(2.318230747921e-03 2.311998169311e-03 -1.489358061744e-04)	(-2.303777502565e-02 4.344162918474e-04 -5.671645790690e-02)	(-5.220248401300e-03 7.011863937785e-02 1.115779239798e-04)
1.4                 	(5.751142553479e+00 2.375090357934e+00 5.899540160644e-01)	(5.751142553479e+00 2.375090357934e+00 5.899540160644e-01)	(1.866456686981e-03 9.818420821230e-03 -1.506267087786e-04)	(-2.591156930229e-02 3.540114879856e-04 2.604293028985e-02)	(-3.718905557685e-03 7.817903252749e-02 1.541450666178e-04)
1.5                 	(5.748783972973e+00 2.375123290435e+00 5.962341271831e-01)	(5.748783972973e+00 2.375123290435e+00 5.962341271831e-01)	(1.589347296017e-03 1.739843292133e-02 -1.469845062799e-04)	(-1.985684866692e-02 3.091000883844e-04 9.482514312032e-02)	(-1.783721925269e-03 7.009151548217e-02 1.822765814783e-04)
1.6                 	(5.747457384605e+00 2.375152518829e+00 6.078052563794e-01)	(5.747457384605e+00 2.375152518829e+00 6.078052563794e-01)	(1.511652693809e-03 2.331016893571e-02 -1.366774652214e-04)	(-5.319910044781e-03 2.740456793622e-04 1.309142219019e-01)	(2.204988566236e-04 4.642498682793e-02 1.971961302212e-04)
1.7                 	(5.747911236372e+00 2.375177820339e+00 6.212101833518e-01)	(5.747911236372e+00 2.375177820339e+00 6.212101833518e-01)	(1.624856811026e-03 2.629617128168e-02 -1.236735417774e-04)	(1.491636567638e-02 2.317752633542e-04 1.312140891460e-01)	(1.987556961632e-03 1.110363276606e-02 1.365632959878e-04)
1.8                 	(5.750393848719e+00 2.375198680686e+00 6.327751847061e-01)	(5.750393848719e+00 2.375198680686e+00 6.327751847061e-01)	(1.892993040589e-03 2.495884244407e-02 -1.136773345320e-04)	(3.390548729018e-02 1.846253623642e-04 9.425678483823e-02)	(3.296550002697e-03 -4.068362396871e-02 1.132020905198e-05)
1.9                 	(5.754436098917e+00 2.375214791633e+00 6.392593918719e-01)	(5.754436098917e+00 2.375214791633e+00 6.392593918719e-01)	(2.266089330814e-03 1.791421776808e-02 -1.022617799757e-04)	(4.521207452452e-02 1.419721937930e-04 3.315045350025e-02)	(4.072513517864e-03 -9.977429670647e-02 -4.902670960453e-05)
2                   	(5.759024006139e+00 2.375228746132e+00 6.392941338897e-01)	(5.759024006139e+00 2.375228746132e+00 6.392941338897e-01)	(2.684836556572e-03 5.433052216873e-03 -7.160701761247e-05)	(4.433649605912e-02 1.460551669539e-04 -3.155446569983e-02)	(4.195319375865e-03 -1.458337543158e-01 6.079220328355e-05)
2.1                 	(5.762847139104e+00 2.375245207919e+00 6.333097492432e-01)	(5.762847139104e+00 2.375245207919e+00 6.333097492432e-01)	(3.083369014064e-03 -1.019962270395e-02 -1.353199088554e-05)	(2.989864708938e-02 1.859203731580e-04 -8.567026812563e-02)	(3.685955262246e-03 -1.604479421738e-01 1.760002370706e-04)
2.2                 	(5.764612449694e+00 2.375265610807e+00 6.228241778355e-01)	(5.764612449694e+00 2.375265610807e+00 6.228241778355e-01)	(3.408359300122e-03 -2.514380017726e-02 5.166240219736e-05)	(3.926846739983e-03 2.174445374531e-04 -1.197127317909e-01)	(2.730506392183e-03 -1.297242258305e-01 1.355964492522e-04)
2.3                 	(5.763473010577e+00 2.375287934660e+00 6.104157796635e-01)	(5.763473010577e+00 2.375287934660e+00 6.104157796635e-01)	(3.621375086117e-03 -3.432395120201e-02 9.207912992536e-05)	(-2.676041266813e-02 2.263778205598e-04 -1.227627368637e-01)	(1.464118323702e-03 -4.539664325237e-02 5.165532071432e-05)
2.4                 	(5.759424683619e+00 2.375311121515e+00 5.993880506908e-01)	(5.759424683619e+00 2.375311121515e+00 5.993880506908e-01)	(3.696521721871e-03 -3.288269149085e-02 9.385017223507e-05)	(-5.239495875105e-02 2.426014557706e-04 -9.257983292093e-02)	(2.469367576888e-05 7.852145624875e-02 9.935825484630e-05)
2.5                 	(5.753495248545e+00 2.375337241092e+00 5.927535843644e-01)	(5.753495248545e+00 2.375337241092e+00 5.927535843644e-01)	(3.626615964279e-03 -1.846572372611e-02 5.241438036221e-05)	(-6.299198507161e-02 2.801142165435e-04 -3.672121534996e-02)	(-1.373408768601e-03 2.070436393218e-01 1.118795391818e-04)
2.6                 	(5.747504332416e+00 2.375366895457e+00 5.923817158945e-01)	(5.747504332416e+00 2.375366895457e+00 5.923817158945e-01)	(3.428884801905e-03 7.052538613691e-03 -3.208704283319e-05)	(-5.303258657056e-02 3.086040418871e-04 3.025733263197e-02)	(-2.509714235221e-03 2.924623808065e-01 -2.260193005823e-05)
2.7                 	(5.743527258493e+00 2.375398042133e+00 5.985041786290e-01)	(5.743527258493e+00 2.375398042133e+00 5.985041786290e-01)	(3.141494015586e-03 3.691960272757e-02 -1.427852268172e-04)	(-2.370429961137e-02 3.113606105436e-04 8.932446793734e-02)	(-3.198469415766e-03 2.868087871056e-01 -2.243472037887e-04)
2.8                 	(5.743173841878e+00 2.375428510907e+00 6.095194037475e-01)	(5.743173841878e+00 2.375428510907e+00 6.095194037475e-01)	(2.815967766903e-03 6.075910080631e-02 -2.438563766984e-04)	(1.753349969113e-02 2.966734614974e-04 1.260610863694e-01)	(-3.325116676261e-03 1.728870406034e-01 -3.456802271528e-04)
2.9                 	(5.746932984216e+00 2.375457363796e+00 6.226373547597e-01)	(5.746932984216e+00 2.375457363796e+00 6.226373547597e-01)	(2.502126450136e-03 6.863537711486e-02 -3.010356831550e-04)	(5.616529149269e-02 2.813474139287e-04 1.313525626963e-01)	(-2.949455952529e-03 -2.453415916181e-02 -3.503756023699e-04)
3                   	(5.753873057834e+00 2.375484608285e+00 6.347433393511e-01)	(5.753873057834e+00 2.375484608285e+00 6.347433393511e-01)	(2.244033804799e-03 5.506363612154e-02 -3.015736513601e-04)	(7.929554197553e-02 2.611838896020e-04 1.060119412710e-01)	(-2.151738291274e-03 -2.445083414616e-01 -2.849629583003e-04)
3.1                 	(5.762020910636e+00 2.375508687526e+00 6.429916277753e-01)	(5.762020910636e+00 2.375508687526e+00 6.429916277753e-01)	(2.080366161485e-03 2.145895558264e-02 -2.518275774586e-04)	(7.930556837089e-02 2.142738122684e-04 5.487496150703e-02)	(-1.046385393767e-03 -4.129928311289e-01 -1.456998155150e-04)
3.2                 	(5.768859816650e+00 2.375526540306e+00 6.450217497293e-01)	(5.768859816650e+00 2.375526540306e+00 6.450217497293e-01)	(2.038388620249e-03 -2.347107386234e-02 -1.639977269132e-04)	(5.348791989163e-02 1.399460886347e-04 -1.665422276458e-02)	(2.187030608110e-04 -4.608972235729e-01 6.407007654872e-05)
3.3                 	(5.772110210574e+00 2.375536848119e+00 6.394697187667e-01)	(5.772110210574e+00 2.375536848119e+00 6.394697187667e-01)	(2.128216467875e-03 -6.541751522264e-02 -5.898487722142e-05)	(9.652683248790e-03 7.046482182812e-05 -9.377626796845e-02)	(1.457786804157e-03 -3.517731804268e-01 3.049574924193e-04)
3.4                 	(5.770687594598e+00 2.375541964463e+00 6.267853376518e-01)	(5.770687594598e+00 2.375541964463e+00 6.267853376518e-01)	(2.334386446250e-03 -8.914166701807e-02 3.730406445716e-05)	(-3.732600222478e-02 3.825004707546e-05 -1.551040327278e-01)	(2.460771405301e-03 -1.039156710919e-01 5.663609571116e-04)
3.5                 	(5.765002027879e+00 2.375546057435e+00 6.098081013596e-01)	(5.765002027879e+00 2.375546057435e+00 6.098081013596e-01)	(2.619893015586e-03 -8.380231557915e-02 9.194862092720e-05)	(-7.367414449007e-02 5.365315726835e-05 -1.761000430431e-01)	(3.071782882344e-03 2.142149737919e-01 8.014629493845e-04)
3.6                 	(5.756646936788e+00 2.375554380791e+00 5.934131323482e-01)	(5.756646936788e+00 2.375554380791e+00 5.934131323482e-01)	(2.934505818713e-03 -4.756613709792e-02 8.262506259167e-05)	(-8.953388830105e-02 1.167868773054e-04 -1.430109447289e-01)	(3.129691413371e-03 4.938587704573e-01 1.036115008554e-03)
3.7                 	(5.747948734858e+00 2.375568917721e+00 5.827213907800e-01)	(5.747948734858e+00 2.375568917721e+00 5.827213907800e-01)	(3.224946006377e-03 9.794994803500e-03 1.081245240060e-05)	(-8.009835358784e-02 1.659010226536e-04 -6.510264195679e-02)	(2.611069154246e-03 6.200832599365e-01 1.013146016898e-03)
3.8                 	(5.741569828531e+00 2.375585633373e+00 5.813432352352e-01)	(5.741569828531e+00 2.375585633373e+00 5.813432352352e-01)	(3.444315682583e-03 6.935550829242e-02 -1.028543355677e-04)	(-4.348006527129e-02 1.579178237578e-04 3.886995632460e-02)	(1.613325082950e-03 5.337712328412e-01 6.469742459414e-04)
3.9                 	(5.739986046327e+00 2.375598626913e+00 5.903833999127e-01)	(5.739986046327e+00 2.375598626913e+00 5.903833999127e-01)	(3.551745235500e-03 1.099401022065e-01 -2.102460252369e-04)	(1.409707357685e-02 9.554715288758e-05 1.383118266503e-01)	(3.071540173056e-04 2.507847489714e-01 4.201700941764e-05)
4                   	(5.744520495751e+00 2.375604038688e+00 6.079441145360e-01)	(5.744520495751e+00 2.375604038688e+00 6.079441145360e-01)	(3.520682882602e-03 1.160850638430e-01 -2.564039648623e-04)	(7.498923157209e-02 1.328034700718e-05 2.047091587297e-01)	(-1.001886361118e-03 -1.345083669422e-01 -4.987840015236e-04)
4.1                 	(5.754265577955e+00 2.375602354816e+00 6.295066208160e-01)	(5.754265577955e+00 2.375602354816e+00 6.295066208160e-01)	(3.363213303995e-03 8.392665719376e-02 -2.175158227582e-04)	(1.150630120290e-01 -3.967207024470e-05 2.174765682191e-01)	(-2.001675891959e-03 -4.931472265962e-01 -8.957809263256e-04)
4.2                 	(5.766340322744e+00 2.375597768312e+00 6.495314808138e-01)	(5.766340322744e+00 2.375597768312e+00 6.495314808138e-01)	(3.126167090664e-03 2.219201474802e-02 -1.164855185551e-04)	(1.196632902293e-01 -4.686013161410e-05 1.732869042024e-01)	(-2.551599478957e-03 -7.114455862427e-01 -1.043218954388e-03)
4.3                 	(5.776804523177e+00 2.375593637499e+00 6.623400214901e-01)	(5.776804523177e+00 2.375593637499e+00 6.623400214901e-01)	(2.866096839652e-03 -5.129037707799e-02 2.888388356173e-06)	(8.310910861657e-02 -3.550268211345e-05 7.459004784122e-02)	(-2.600039209055e-03 -7.198646912022e-01 -9.512139154044e-04)
4.4                 	(5.782055792825e+00 2.375590941412e+00 6.631177640690e-01)	(5.782055792825e+00 2.375590941412e+00 6.631177640690e-01)	(2.630369455060e-03 -1.139745646052e-01 9.205795727519e-05)	(1.993214460661e-02 -1.788746728682e-05 -6.310354348971e-02)	(-2.199884782318e-03 -4.961869385661e-01 -6.953053062380e-04)
4.5                 	(5.780854177280e+00 2.375589131088e+00 6.496899588591e-01)	(5.780854177280e+00 2.375589131088e+00 6.496899588591e-01)	(2.449046475933e-03 -1.442124364716e-01 1.180696755669e-04)	(-4.200684747046e-02 -2.007025753964e-05 -2.012375457844e-01)	(-1.443471582249e-03 -8.625580709737e-02 -3.028761971079e-04)
4.6                 	(5.774224653688e+00 2.375587598275e+00 6.246421583811e-01)	(5.774224653688e+00 2.375587598275e+00 6.246421583811e-01)	(2.348642452979e-03 -1.291415831334e-01 7.629125760501e-05)	(-8.713590205547e-02 -1.122120364839e-06 -2.868551041952e-01)	(-3.883309014107e-04 3.851134667762e-01 1.768854696245e-04)
4.7                 	(5.764156408803e+00 2.375590850829e+00 5.953872402750e-01)	(5.764156408803e+00 2.375590850829e+00 5.953872402750e-01)	(2.363048890785e-03 -7.057068520366e-02 -2.355997626098e-05)	(-1.105922976276e-01 7.533703130039e-05 -2.819643098443e-01)	(8.699225898742e-04 7.554473168008e-01 5.736585211032e-04)
4.8                 	(5.752946320714e+00 2.375601893211e+00 5.714335476326e-01)	(5.752946320714e+00 2.375601893211e+00 5.714335476326e-01)	(2.501549274705e-03 1.359186903440e-02 -1.604167683547e-04)	(-1.086463755388e-01 1.333934995075e-04 -1.829119628683e-01)	(1.910436493511e-03 8.786118136976e-01 6.928741852868e-04)
4.9                 	(5.743573639683e+00 2.375615318665e+00 5.608819635685e-01)	(5.743573639683e+00 2.375615318665e+00 5.608819635685e-01)	(2.729851921915e-03 9.479856526194e-02 -3.136513093665e-04)	(-7.140695391336e-02 1.241552291521e-04 -1.988080209281e-02)	(2.369650831780e-03 6.981350084646e-01 4.078578020562e-04)
5                   	(5.739948288681e+00 2.375624446335e+00 5.677825054394e-01)	(5.739948288681e+00 2.375624446335e+00 5.677825054394e-01)	(2.976755679275e-03 1.448910889760e-01 -4.470256915670e-04)	(4.702540528093e-03 4.401693670734e-05 1.560185048546e-01)	(2.133704739803e-03 2.751195204000e-01 -2.487485508617e-04)
5.1                 	(5.744969376409e+00 2.375621685780e+00 5.906096712976e-01)	(5.744969376409e+00 2.375621685780e+00 5.906096712976e-01)	(3.164230530100e-03 1.470439506380e-01 -5.103250434820e-04)	(9.419332179978e-02 -1.047442017292e-04 2.892176733035e-01)	(1.367028758748e-03 -2.310534038270e-01 -8.328612035773e-04)
5.2                 	(5.757784100829e+00 2.375603508437e+00 6.229532499769e-01)	(5.757784100829e+00 2.375603508437e+00 6.229532499769e-01)	(3.249560896495e-03 1.012782923174e-01 -4.594248963136e-04)	(1.547575443701e-01 -2.500356998745e-04 3.431279142186e-01)	(4.751262280943e-04 -6.606736607108e-01 -1.049165445486e-03)
5.3                 	(5.774207716779e+00 2.375573708467e+00 6.561460002543e-01)	(5.774207716779e+00 2.375573708467e+00 6.561460002543e-01)	(3.250501521075e-03 2.118338185045e-02 -3.030621002162e-04)	(1.644499002777e-01 -3.407827676870e-04 3.052132623817e-01)	(-2.229722912651e-04 -9.039637160889e-01 -1.019081755546e-03)
5.4                 	(5.788656070163e+00 2.375535564019e+00 6.807854553740e-01)	(5.788656070163e+00 2.375535564019e+00 6.807854553740e-01)	(3.208906225552e-03 -7.151713439308e-02 -9.470351513836e-05)	(1.148255823076e-01 -4.146674887326e-04 1.727146211754e-01)	(-6.869493762752e-04 -9.059027065007e-01 -7.579989313806e-04)
5.5                 	(5.795828185073e+00 2.375494158125e+00 6.882909729466e-01)	(5.795828185073e+00 2.375494158125e+00 6.882909729466e-01)	(3.146117803075e-03 -1.506599428447e-01 1.043130052216e-04)	(2.643637669826e-02 -3.952489108556e-04 -3.080172013173e-02)	(-9.993532041665e-04 -6.306712486654e-01 -3.110093759745e-04)
5.6                 	(5.794266453052e+00 2.375457996724e+00 6.741558879265e-01)	(5.794266453052e+00 2.375457996724e+00 6.741558879265e-01)	(3.058456368798e-03 -1.899528739151e-01 2.241108737044e-04)	(-5.390282555837e-02 -3.130688014492e-04 -2.475104181008e-01)	(-1.125810170616e-03 -1.286111455950e-01 2.275308134058e-04)
5.7                 	(5.785978758476e+00 2.375435833920e+00 6.410074770597e-01)	(5.785978758476e+00 2.375435833920e+00 6.410074770597e-01)	(2.950764677701e-03 -1.739796568670e-01 2.258569051718e-04)	(-1.068856198910e-01 -1.151545113651e-04 -3.984351344783e-01)	(-9.373980596376e-04 4.455883651567e-01 7.076309053022e-04)
5.8                 	(5.773758230340e+00 2.375436709006e+00 5.987626820658e-01)	(5.773758230340e+00 2.375436709006e+00 5.987626820658e-01)	(2.873049942063e-03 -1.043791353598e-01 1.062865616013e-04)	(-1.341559973198e-01 1.291693370420e-04 -4.229102403622e-01)	(-2.538854272052e-04 9.117824899581e-01 9.694513691549e-04)
5.9                 	(5.759835540487e+00 2.375457640557e+00 5.611541286356e-01)	(5.759835540487e+00 2.375457640557e+00 5.611541286356e-01)	(2.871330229412e-03 -1.422479498216e-03 -8.418363730681e-05)	(-1.399571288616e-01 2.573591431441e-04 -3.080605214085e-01)	(3.659773216263e-04 1.087336611736e+00 1.062683564498e-03)
6                   	(5.747139555371e+00 2.375482779319e+00 5.406927944368e-01)	(5.747139555371e+00 2.375482779319e+00 5.406927944368e-01)	(2.934331108857e-03 1.005427735025e-01 -2.899636188848e-04)	(-1.047180311550e-01 2.240644907489e-04 -8.919458196554e-02)	(5.898115909386e-04 8.912444877512e-01 6.543322680886e-04)
6.1                 	(5.740980453909e+00 2.375498767321e+00 5.444933048939e-01)	(5.740980453909e+00 2.375498767321e+00 5.444933048939e-01)	(3.004890409629e-03 1.667907226666e-01 -4.627749345174e-04)	(-8.843694508193e-03 7.955276221372e-05 1.643270277133e-01)	(2.756760933627e-04 3.980264192483e-01 -1.948478545671e-04)
6.2                 	(5.746288286169e+00 2.375497264766e+00 5.717058844151e-01)	(5.746288286169e+00 2.375497264766e+00 5.717058844151e-01)	(3.016577059504e-03 1.766054374174e-01 -5.525928863112e-04)	(1.140531387481e-01 -1.108463363743e-04 3.655072342751e-01)	(-3.798651827846e-04 -2.006332635272e-01 -8.993145281902e-04)
6.3                 	(5.762479384321e+00 2.375477719755e+00 6.140022746079e-01)	(5.762479384321e+00 2.375477719755e+00 6.140022746079e-01)	(2.948892636018e-03 1.292230726282e-01 -5.172402346650e-04)	(1.997981726917e-01 -2.658379904237e-04 4.609494061792e-01)	(-8.096484347933e-04 -7.227706301606e-01 -1.171601246708e-03)
6.4                 	(5.783989424622e+00 2.375446570827e+00 6.597766906771e-01)	(5.783989424622e+00 2.375446570827e+00 6.597766906771e-01)	(2.849776178242e-03 3.874872177635e-02 -3.785212776258e-04)	(2.183628726950e-01 -3.587294901160e-04 4.328656899511e-01)	(-8.857372650293e-04 -1.047683430485e+00 -1.293493914489e-03)
6.5                 	(5.803536411885e+00 2.375404981254e+00 6.963157681769e-01)	(5.803536411885e+00 2.375404981254e+00 6.963157681769e-01)	(2.768730360769e-03 -7.207689475350e-02 -1.953833315494e-04)	(1.587316218274e-01 -4.778692565313e-04 2.781532520197e-01)	(-7.762310534821e-04 -1.122233454399e+00 -1.185545737452e-03)
6.6                 	(5.813637227536e+00 2.375355545498e+00 7.119067484877e-01)	(5.813637227536e+00 2.375355545498e+00 7.119067484877e-01)	(2.719425968153e-03 -1.746915903528e-01 -9.517601537145e-06)	(3.956622851661e-02 -4.801717385100e-04 2.029231290773e-02)	(-6.816343970805e-04 -8.707048511834e-01 -7.400875696868e-04)
6.7                 	(5.812017549032e+00 2.375309090444e+00 6.991919183864e-01)	(5.812017549032e+00 2.375309090444e+00 6.991919183864e-01)	(2.681898146310e-03 -2.356294186657e-01 1.149853134539e-04)	(-6.558911415202e-02 -4.612421501160e-04 -2.718461642849e-01)	(-5.766232398958e-04 -3.079610052294e-01 -4.883652554731e-05)
6.8                 	(5.802020836221e+00 2.375269514701e+00 6.599764670875e-01)	(5.802020836221e+00 2.375269514701e+00 6.599764670875e-01)	(2.644091926800e-03 -2.316978667597e-01 1.427001108401e-04)	(-1.261648782298e-01 -2.798986220720e-04 -4.916189635745e-01)	(-1.944569070985e-04 3.918912995561e-01 7.492930209742e-04)
6.9                 	(5.788110018593e+00 2.375259357778e+00 6.062638363947e-01)	(5.788110018593e+00 2.375259357778e+00 6.062638363947e-01)	(2.660334967343e-03 -1.599544649341e-01 4.716804243792e-05)	(-1.483902218556e-01 7.467507483680e-05 -5.522940388280e-01)	(9.262928394553e-04 1.008624029590e+00 1.150675666266e-03)
7                   	(5.772680817655e+00 2.375281208003e+00 5.556461046107e-01)	(5.772680817655e+00 2.375281208003e+00 5.556461046107e-01)	(2.786650548322e-03 -4.065168201362e-02 -1.499951636179e-04)	(-1.580853486349e-01 3.250139598283e-04 -4.308352475548e-01)	(1.885796386102e-03 1.309871586599e+00 1.355284545631e-03)
7.1                 	(5.757558168413e+00 2.375316779854e+00 5.248270556060e-01)	(5.757558168413e+00 2.375316779854e+00 5.248270556060e-01)	(2.993403889196e-03 8.669392288876e-02 -3.931852886473e-04)	(-1.346944387099e-01 3.524797808788e-04 -1.688636660924e-01)	(1.934739445159e-03 1.158578621597e+00 1.036946513258e-03)
7.2                 	(5.748495654501e+00 2.375344940924e+00 5.238672835914e-01)	(5.748495654501e+00 2.375344940924e+00 5.238672835914e-01)	(3.176461628330e-03 1.778267340409e-01 -6.130458380734e-04)	(-3.296415240248e-02 1.817554607527e-04 1.495696009524e-01)	(1.008829247807e-03 6.137487036746e-01 1.400574536138e-04)
7.3                 	(5.752804882985e+00 2.375348865810e+00 5.530059869741e-01)	(5.752804882985e+00 2.375348865810e+00 5.530059869741e-01)	(3.233965611515e-03 2.043984423864e-01 -7.373328209061e-04)	(1.202978583261e-01 -1.128418149497e-04 4.162874998758e-01)	(-3.475340094181e-04 -8.572890433931e-02 -7.884162221377e-04)
7.4                 	(5.771147993724e+00 2.375324489932e+00 6.027777514034e-01)	(5.771147993724e+00 2.375324489932e+00 6.027777514034e-01)	(3.138941533757e-03 1.625302338824e-01 -7.064636315985e-04)	(2.342481116210e-01 -3.466190446297e-04 5.555283733428e-01)	(-1.352149939549e-03 -7.293461777463e-01 -1.208679862394e-03)
7.5                 	(5.796810458418e+00 2.375284389634e+00 6.591033905297e-01)	(5.796810458418e+00 2.375284389634e+00 6.591033905297e-01)	(2.962654388384e-03 6.543367339324e-02 -5.452128221425e-04)	(2.640566892428e-01 -4.511592067213e-04 5.448885956722e-01)	(-1.699879685410e-03 -1.170359785975e+00 -1.499171364429e-03)
7.6                 	(5.820764528884e+00 2.375232156402e+00 7.066058545929e-01)	(5.820764528884e+00 2.375232156402e+00 7.066058545929e-01)	(2.799277922648e-03 -6.302971165318e-02 -3.432810490540e-04)	(1.973823807048e-01 -5.901535189663e-04 3.795236782242e-01)	(-1.517526820429e-03 -1.353583933597e+00 -1.830035616124e-03)
7.7                 	(5.833209311609e+00 2.375169242047e+00 7.305188230620e-01)	(5.833209311609e+00 2.375169242047e+00 7.305188230620e-01)	(2.677404465110e-03 -1.927544458474e-01 -1.622418639923e-04)	(4.445414024788e-02 -6.333344967592e-04 8.077780376761e-02)	(-1.416101353007e-03 -1.163861302328e+00 -1.545497089512e-03)
7.8                 	(5.830463521881e+00 2.375110288143e+00 7.208628534165e-01)	(5.830463521881e+00 2.375110288143e+00 7.208628534165e-01)	(2.567027104048e-03 -2.812113816197e-01 -4.742315703788e-05)	(-8.921211076097e-02 -5.675260452018e-04 -2.734540082736e-01)	(-1.290615028198e-03 -5.451530552462e-01 -7.761010568198e-04)
7.9                 	(5.817543555777e+00 2.375057776902e+00 6.780461969161e-01)	(5.817543555777e+00 2.375057776902e+00 6.780461969161e-01)	(2.462994385840e-03 -2.938260375995e-01 -3.721513176973e-05)	(-1.572482270410e-01 -4.180866463951e-04 -5.605857811652e-01)	(-7.086142160779e-04 3.080855373229e-01 3.209050770776e-04)
8                   	(5.801026315771e+00 2.375036225214e+00 6.150625129748e-01)	(5.801026315771e+00 2.375036225214e+00 6.150625129748e-01)	(2.442738715134e-03 -2.216549944202e-01 -1.371405006772e-04)	(-1.682150171132e-01 -1.414968677875e-05 -6.621659346743e-01)	(9.237819591347e-04 1.099316026780e+00 1.215938528826e-03)
8.1                 	(5.783820351703e+00 2.375052563211e+00 5.529972991424e-01)	(5.783820351703e+00 2.375052563211e+00 5.529972991424e-01)	(2.586067030412e-03 -8.586157388293e-02 -3.294097406732e-04)	(-1.777068269346e-01 3.146697622472e-04 -5.436700905506e-01)	(2.381136113060e-03 1.539331910584e+00 1.695979316038e-03)
8.2                 	(5.766034781002e+00 2.375091543094e+00 5.122615726439e-01)	(5.766034781002e+00 2.375091543094e+00 5.122615726439e-01)	(2.849871232427e-03 6.832946683355e-02 -5.821393484794e-04)	(-1.677673301574e-01 4.233835983779e-04 -2.479208929837e-01)	(2.696761410935e-03 1.451139566004e+00 1.486499394479e-03)
8.3                 	(5.753340964122e+00 2.375128806089e+00 5.057444279647e-01)	(5.753340964122e+00 2.375128806089e+00 5.057444279647e-01)	(3.111089795583e-03 1.872696062646e-01 -8.323840839284e-04)	(-6.774220136998e-02 2.826040764255e-04 1.194260586993e-01)	(1.675879500059e-03 8.626879361387e-01 5.320357992835e-04)
8.4                 	(5.755471025103e+00 2.375141976022e+00 5.347841851881e-01)	(5.755471025103e+00 2.375141976022e+00 5.347841851881e-01)	(3.220146143805e-03 2.346502196800e-01 -9.884848666176e-04)	(1.149921932377e-01 -4.070766161201e-05 4.432917313263e-01)	(-1.514484385277e-04 7.364913086087e-02 -4.755187215847e-04)
8.5                 	(5.775079837913e+00 2.375120982242e+00 5.894674061600e-01)	(5.775079837913e+00 2.375120982242e+00 5.894674061600e-01)	(3.132234919701e-03 2.019439588220e-01 -9.528984997488e-04)	(2.633585217997e-01 -3.563913986389e-04 6.229314327435e-01)	(-1.309065201487e-03 -7.058793432739e-01 -7.846485566720e-04)
8.6                 	(5.804870944207e+00 2.375075412060e+00 6.537322685316e-01)	(5.804870944207e+00 2.375075412060e+00 6.537322685316e-01)	(2.950713913924e-03 1.013931187252e-01 -7.286503380418e-04)	(3.150771995803e-01 -5.177545415090e-04 6.331509578648e-01)	(-1.608344382724e-03 -1.256587778575e+00 -1.055919051930e-03)
8.7                 	(5.834069904729e+00 2.375015284667e+00 7.102490445952e-01)	(5.834069904729e+00 2.375015284667e+00 7.102490445952e-01)	(2.787216726590e-03 -4.113789607462e-02 -4.737208106050e-04)	(2.469384685798e-01 -7.217474284091e-04 4.686451833906e-01)	(-1.385564746235e-03 -1.554525431743e+00 -2.023163630854e-03)
8.8                 	(5.850230747453e+00 2.374935921103e+00 7.423709494410e-01)	(5.850230747453e+00 2.374935921103e+00 7.423709494410e-01)	(2.684331526306e-03 -1.965457141943e-01 -2.792756572214e-04)	(6.201437777784e-02 -7.954446648677e-04 1.512983828922e-01)	(-1.209895969867e-03 -1.459844859780e+00 -2.373496382119e-03)
8.9                 	(5.847380330904e+00 2.374857265897e+00 7.378276754195e-01)	(5.847380330904e+00 2.374857265897e+00 7.378276754195e-01)	(2.588202265787e-03 -3.141438185855e-01 -1.407004144390e-04)	(-1.023447922605e-01 -7.881847280346e-04 -2.439753470619e-01)	(-1.438117285632e-03 -8.130357020655e-01 -9.588667465369e-04)
9                   	(5.832703309674e+00 2.374780135768e+00 6.952921517585e-01)	(5.832703309674e+00 2.374780135768e+00 6.952921517585e-01)	(2.471017585743e-03 -3.475939702550e-01 -6.382828902454e-05)	(-1.767187751005e-01 -6.376825166607e-04 -5.857424456693e-01)	(-1.200372991834e-03 1.736049962718e-01 3.786517449207e-04)
9.1                 	(5.814793754148e+00 2.374743810328e+00 6.274817194032e-01)	(5.814793754148e+00 2.374743810328e+00 6.274817194032e-01)	(2.389616353776e-03 -2.808134119365e-01 -1.534209523516e-04)	(-1.744793327225e-01 -8.511780499925e-05 -7.292185151044e-01)	(3.479060907751e-04 1.123950585816e+00 1.196679615065e-03)
9.2                 	(5.797425999872e+00 2.374757727809e+00 5.577092052793e-01)	(5.797425999872e+00 2.374757727809e+00 5.577092052793e-01)	(2.480132518789e-03 -1.355547919760e-01 -3.536278650780e-04)	(-1.788965410162e-01 3.281650722541e-04 -6.267135807218e-01)	(2.152688672223e-03 1.697075342600e+00 1.841138613600e-03)
9.3                 	(5.778626670853e+00 2.374801891133e+00 5.087011263239e-01)	(5.778626670853e+00 2.374801891133e+00 5.087011263239e-01)	(2.717940996554e-03 3.853468261349e-02 -6.191232841799e-04)	(-1.897861591171e-01 5.063715800876e-04 -3.271429631570e-01)	(2.553005964726e-03 1.677853862936e+00 1.724162965735e-03)
9.4                 	(5.762526449506e+00 2.374848732990e+00 4.952319325075e-01)	(5.762526449506e+00 2.374848732990e+00 4.952319325075e-01)	(2.959203654706e-03 1.800670464908e-01 -8.925361884154e-04)	(-1.122035788113e-01 3.826898879418e-04 6.119432375881e-02)	(1.488767192072e-03 1.073192943696e+00 7.703936979428e-04)
9.5                 	(5.760034020978e+00 2.374872225944e+00 5.201495760784e-01)	(5.760034020978e+00 2.374872225944e+00 5.201495760784e-01)	(3.056314848494e-03 2.450122229060e-01 -1.074588948945e-03)	(7.190447220493e-02 7.173901112764e-05 4.206087905930e-01)	(-3.829951509131e-04 2.134214999498e-01 -3.213188354116e-04)
9.6                 	(5.776281596514e+00 2.374864941326e+00 5.743283854742e-01)	(5.776281596514e+00 2.374864941326e+00 5.743283854742e-01)	(2.938911262059e-03 2.226528224883e-01 -1.069001191715e-03)	(2.400136713193e-01 -1.933109090774e-04 6.342021950727e-01)	(-1.764093350156e-03 -6.395687617469e-01 -7.987786030005e-04)
9.7                 	(5.804577346599e+00 2.374834113540e+00 6.411436058837e-01)	(5.804577346599e+00 2.374834113540e+00 6.411436058837e-01)	(2.725618672592e-03 1.252876959983e-01 -8.743430725849e-04)	(3.068250636049e-01 -3.785046151874e-04 6.718301144715e-01)	(-1.781387660602e-03 -1.256473496742e+00 -9.999690627664e-04)
9.8                 	(5.833440599700e+00 2.374788176577e+00 7.026712866823e-01)	(5.833440599700e+00 2.374788176577e+00 7.026712866823e-01)	(2.546428391813e-03 -1.955646161008e-02 -6.420255788402e-04)	(2.474885697412e-01 -5.721380562584e-04 5.286029975416e-01)	(-1.445888816596e-03 -1.600794143243e+00 -2.087732861251e-03)
9.9                 	(5.850078199051e+00 2.374720839074e+00 7.414357716007e-01)	(5.850078199051e+00 2.374720839074e+00 7.414357716007e-01)	(2.437025396163e-03 -1.825068392142e-01 -4.820972681516e-04)	(6.913969133794e-02 -6.408512025807e-04 2.222347191260e-01)	(-1.111691871050e-03 -1.565254650308e+00 -2.774919278586e-03)
10                  	(5.847472484910e+00 2.374655942793e+00 7.437149252493e-01)	(5.847472484910e+00 2.374655942793e+00 7.437149252493e-01)	(2.344703073114e-03 -3.122773633381e-01 -3.766172995603e-04)	(-1.038146370802e-01 -6.408327203746e-04 -1.816896549647e-01)	(-1.257677703431e-03 -9.428981958583e-01 -1.247663692105e-03)
10.1                	(5.832639226875e+00 2.374591703612e+00 7.061854551865e-01)	(5.832639226875e+00 2.374591703612e+00 7.061854551865e-01)	(2.246669843140e-03 -3.578573065769e-01 -2.976670158448e-04)	(-1.783726651604e-01 -5.357401620513e-04 -5.514675284773e-01)	(-1.037464215562e-03 6.918335404406e-02 3.667692928610e-04)
10.2                	(5.814724786182e+00 2.374564506533e+00 6.398429111513e-01)	(5.814724786182e+00 2.374564506533e+00 6.398429111513e-01)	(2.189656579914e-03 -2.988320966670e-01 -3.517893515452e-04)	(-1.710961568438e-01 1.436614190543e-05 -7.338942984059e-01)	(4.964841416644e-04 1.074645333801e+00 1.267561264131e-03)
10.3                	(5.798170822541e+00 2.374587580528e+00 5.679513405627e-01)	(5.798170822541e+00 2.374587580528e+00 5.679513405627e-01)	(2.311460952599e-03 -1.554612446297e-01 -5.072994901032e-04)	(-1.676101559342e-01 4.055878498948e-04 -6.630712381518e-01)	(2.554183642548e-03 1.708475577674e+00 2.042323840962e-03)
10.4                	(5.780287349411e+00 2.374639424423e+00 5.143331975305e-01)	(5.780287349411e+00 2.374639424423e+00 5.143331975305e-01)	(2.601142336674e-03 2.277436461508e-02 -7.294066519931e-04)	(-1.861718168132e-01 5.952950435891e-04 -3.811748629358e-01)	(3.172421968093e-03 1.745157077621e+00 2.099568237951e-03)
10.5                	(5.763700322728e+00 2.374697163023e+00 4.952785556522e-01)	(5.763700322728e+00 2.374697163023e+00 4.952785556522e-01)	(2.895309441551e-03 1.725750175690e-01 -9.664160544082e-04)	(-1.257202511992e-01 5.081133827876e-04 5.602715509023e-03)	(2.033228464085e-03 1.163966943428e+00 1.279604739707e-03)
10.6                	(5.759261277681e+00 2.374732808448e+00 5.150362115862e-01)	(5.759261277681e+00 2.374732808448e+00 5.150362115862e-01)	(3.034905465511e-03 2.457247845087e-01 -1.117227831181e-03)	(5.005396230363e-02 1.853048886082e-04 3.761236946510e-01)	(3.036864693523e-05 2.873998203334e-01 1.725063472292e-04)
10.7                	(5.773662546289e+00 2.374734017428e+00 5.658470592773e-01)	(5.773662546289e+00 2.374734017428e+00 5.658470592773e-01)	(2.950486775851e-03 2.302331379295e-01 -1.084720751822e-03)	(2.263520731661e-01 -1.347126016279e-04 6.115413151539e-01)	(-1.405509110032e-03 -5.786661267412e-01 -3.713750234066e-04)
10.8                	(5.801179202014e+00 2.374707418171e+00 6.315426982791e-01)	(5.801179202014e+00 2.374707418171e+00 6.315426982791e-01)	(2.758258007857e-03 1.379441370192e-01 -8.641672531064e-04)	(3.048619578371e-01 -3.707464015823e-04 6.724704807634e-01)	(-1.507454115235e-03 -1.215943409112e+00 -6.271680787900e-04)
10.9                	(5.830508731258e+00 2.374661981084e+00 6.943595646548e-01)	(5.830508731258e+00 2.374661981084e+00 6.943595646548e-01)	(2.593176030461e-03 -3.489011094374e-03 -6.028569522716e-04)	(2.588226418263e-01 -5.720431104917e-04 5.536406961578e-01)	(-1.329847670357e-03 -1.573781376788e+00 -1.831572605291e-03)
11                  	(5.848865480300e+00 2.374591888322e+00 7.367455804254e-01)	(5.848865480300e+00 2.374591888322e+00 7.367455804254e-01)	(2.488601566970e-03 -1.656925421171e-01 -4.251871318978e-04)	(9.113238066013e-02 -7.347536831874e-04 2.690365142293e-01)	(-1.118308957114e-03 -1.584628528492e+00 -2.698262989898e-03)
11.1                	(5.848140951975e+00 2.374522264103e+00 7.443234018143e-01)	(5.848140951975e+00 2.374522264103e+00 7.443234018143e-01)	(2.391990529112e-03 -3.005053726061e-01 -3.229418104028e-04)	(-9.008777644006e-02 -6.740017599431e-04 -1.256593948946e-01)	(-1.340635139989e-03 -1.020380308526e+00 -1.492524462723e-03)
11.2                	(5.834206914197e+00 2.374452715508e+00 7.121213173707e-01)	(5.834206914197e+00 2.374452715508e+00 7.121213173707e-01)	(2.277751722373e-03 -3.557693758576e-01 -2.323369540178e-04)	(-1.743548075396e-01 -6.360470344329e-04 -5.050139592529e-01)	(-1.374787400650e-03 -3.900662843117e-02 3.958898034278e-04)
11.3                	(5.816266220830e+00 2.374414129659e+00 6.490374376907e-01)	(5.816266220830e+00 2.374414129659e+00 6.490374376907e-01)	(2.180471711883e-03 -3.070824462453e-01 -2.582222601277e-04)	(-1.735488956783e-01 -8.955287882488e-05 -7.168353933481e-01)	(-1.318722159759e-04 9.820550813201e-01 1.262884593317e-03)
11.4                	(5.799650349082e+00 2.374430848864e+00 5.772327591134e-01)	(5.799650349082e+00 2.374430848864e+00 5.772327591134e-01)	(2.242321829053e-03 -1.709879883371e-01 -3.975148924781e-04)	(-1.657717350177e-01 3.806106346907e-04 -6.778223622348e-01)	(2.010404469777e-03 1.658999260307e+00 1.936663239829e-03)
11.5                	(5.781998619944e+00 2.374482724508e+00 5.208688707563e-01)	(5.781998619944e+00 2.374482724508e+00 5.208688707563e-01)	(2.496073353175e-03 5.346863238906e-03 -6.111334375487e-04)	(-1.860767779356e-01 6.172657490007e-04 -4.201603770908e-01)	(3.098746270719e-03 1.758000742815e+00 1.983806724271e-03)
11.6                	(5.764855926601e+00 2.374544854530e+00 4.973793062347e-01)	(5.764855926601e+00 2.374544854530e+00 4.973793062347e-01)	(2.804481300817e-03 1.595929001688e-01 -8.530566399052e-04)	(-1.376885289099e-01 5.821590037707e-04 -4.145791079704e-02)	(2.381583937639e-03 1.236076888396e+00 1.233400668121e-03)
11.7                	(5.758583641810e+00 2.374591324366e+00 5.124276787121e-01)	(5.758583641810e+00 2.374591324366e+00 5.124276787121e-01)	(2.985630415442e-03 2.410575379566e-01 -1.026070574006e-03)	(2.809956734694e-02 3.187354851157e-04 3.321735640921e-01)	(3.915402717213e-04 3.762591968890e-01 1.265506305899e-04)
11.8                	(5.771037282921e+00 2.374605157581e+00 5.596480092726e-01)	(5.771037282921e+00 2.374605157581e+00 5.596480092726e-01)	(2.940648698349e-03 2.346076834113e-01 -1.029827803853e-03)	(2.111841835701e-01 -2.694038109119e-05 5.842277102884e-01)	(-1.146829454531e-03 -4.917078577567e-01 -4.808978904647e-04)
11.9                	(5.797686062519e+00 2.374588296635e+00 6.235816857909e-01)	(5.797686062519e+00 2.374588296635e+00 6.235816857909e-01)	(2.766599565322e-03 1.499794456469e-01 -8.462992360473e-04)	(3.031090165201e-01 -2.910021056343e-04 6.653421893143e-01)	(-1.479279914647e-03 -1.151233037353e+00 -7.737804842325e-04)
12                  	(5.827611739625e+00 2.374551782350e+00 6.868249172656e-01)	(5.827611739625e+00 2.374551782350e+00 6.868249172656e-01)	(2.592268126412e-03 1.386719884723e-02 -6.081419202376e-04)	(2.724690216797e-01 -4.628241150849e-04 5.697467135827e-01)	(-1.485708158599e-03 -1.533226425543e+00 -1.888015982392e-03)
12.1                	(5.847909347790e+00 2.374491233898e+00 7.319586510584e-01)	(5.847909347790e+00 2.374491233898e+00 7.319586510584e-01)	(2.471484790866e-03 -1.467870568126e-01 -4.382718986726e-04)	(1.149734589345e-01 -6.940783916850e-04 3.075361341713e-01)	(-1.209477218747e-03 -1.602191981630e+00 -2.608136216084e-03)
12.2                	(5.849272989079e+00 2.374425869891e+00 7.441390091337e-01)	(5.849272989079e+00 2.374425869891e+00 7.441390091337e-01)	(2.364808487654e-03 -2.869250764365e-01 -3.329119492630e-04)	(-7.498914188875e-02 -6.420979104175e-04 -7.509680384316e-02)	(-1.442277836453e-03 -1.105638355549e+00 -1.681139837385e-03)
12.3                	(5.836301121601e+00 2.374360071281e+00 7.169033716207e-01)	(5.836301121601e+00 2.374360071281e+00 7.169033716207e-01)	(2.238362895150e-03 -3.529880186004e-01 -2.350440425553e-04)	(-1.700584119008e-01 -6.134428290509e-04 -4.595515633795e-01)	(-1.615910210362e-03 -1.626252970130e-01 3.868222172822e-04)
12.4                	(5.818287491426e+00 2.374321220415e+00 6.572139979464e-01)	(5.818287491426e+00 2.374321220415e+00 6.572139979464e-01)	(2.117391647250e-03 -3.163440030578e-01 -2.220401605576e-04)	(-1.776024265535e-01 -1.102785052644e-04 -6.965658633594e-01)	(-6.124434578354e-04 8.724558833204e-01 1.359088593934e-03)
12.5                	(5.801383005964e+00 2.374336545415e+00 5.859368109724e-01)	(5.801383005964e+00 2.374336545415e+00 5.859368109724e-01)	(2.138134300683e-03 -1.888432286227e-01 -3.224541622577e-04)	(-1.660734008908e-01 3.788675467452e-04 -6.869439404191e-01)	(1.574677419269e-03 1.601928268707e+00 1.994251645309e-03)
12.6                	(5.783816797286e+00 2.374389542302e+00 5.273671419456e-01)	(5.783816797286e+00 2.374389542302e+00 5.273671419456e-01)	(2.367636046493e-03 -1.466142726172e-02 -5.046097453071e-04)	(-1.862708055888e-01 6.446945766610e-04 -4.537122105070e-01)	(3.131413901176e-03 1.773613573241e+00 2.053887910702e-03)
12.7                	(5.766166467495e+00 2.374456581625e+00 4.999053528306e-01)	(5.766166467495e+00 2.374456581625e+00 4.999053528306e-01)	(2.705110102592e-03 1.447056283455e-01 -7.348568010486e-04)	(-1.488450564469e-01 6.503267565677e-04 -8.489800851639e-02)	(3.002049341912e-03 1.318510821831e+00 1.276727975257e-03)
12.8                	(5.758139492861e+00 2.374511584196e+00 5.105657228520e-01)	(5.758139492861e+00 2.374511584196e+00 5.105657228520e-01)	(2.971186056911e-03 2.359259051913e-01 -9.301526269038e-04)	(6.390575109025e-03 4.143416205891e-04 2.907013190950e-01)	(1.344674639666e-03 4.803103156174e-01 5.583162666826e-05)
12.9                	(5.768539878520e+00 2.374534713925e+00 5.542413076272e-01)	(5.768539878520e+00 2.374534713925e+00 5.542413076272e-01)	(3.026463535023e-03 2.397332691730e-01 -9.805414246587e-04)	(1.944187755701e-01 4.758282449987e-05 5.563339473090e-01)	(-3.321860557277e-04 -3.957777564773e-01 -6.980434537156e-04)
13                  	(5.794112576118e+00 2.374523753442e+00 6.162327193348e-01)	(5.794112576118e+00 2.374523753442e+00 6.162327193348e-01)	(2.924781891298e-03 1.631007295457e-01 -8.371975680590e-04)	(2.989584759732e-01 -2.477946358984e-04 6.553288096100e-01)	(-9.734523472555e-04 -1.088733315412e+00 -1.052865278254e-03)
13.1                	(5.824362615452e+00 2.374489911621e+00 6.795204754170e-01)	(5.824362615452e+00 2.374489911621e+00 6.795204754170e-01)	(2.790683184050e-03 3.168729711501e-02 -6.154925274377e-04)	(2.833966961017e-01 -4.450915336579e-04 5.813420875337e-01)	(-1.182437900192e-03 -1.500436901361e+00 -2.238550560987e-03)
13.2                	(5.846358083139e+00 2.374429448367e+00 7.269097938301e-01)	(5.846358083139e+00 2.374429448367e+00 7.269097938301e-01)	(2.687667541537e-03 -1.279556121656e-01 -4.749499603314e-04)	(1.370056055292e-01 -7.245979420565e-04 3.406988878367e-01)	(-1.032803019904e-03 -1.622018077671e+00 -3.467699398960e-03)
13.3                	(5.849758196793e+00 2.374358657767e+00 7.432017861350e-01)	(5.849758196793e+00 2.374358657767e+00 7.432017861350e-01)	(2.577773252452e-03 -2.735529331599e-01 -4.226642379772e-04)	(-5.973842733897e-02 -6.986655194829e-04 -2.876847770398e-02)	(-1.444104367440e-03 -1.190754407499e+00 -2.714444908962e-03)
13.4                	(5.837779472625e+00 2.374285084904e+00 7.206383510134e-01)	(5.837779472625e+00 2.374285084904e+00 7.206383510134e-01)	(2.420226349133e-03 -3.501937254319e-01 -3.903903027299e-04)	(-1.650573027708e-01 -7.560910819598e-04 -4.151894466179e-01)	(-1.805022807700e-03 -2.824721321149e-01 -5.773175462949e-04)
13.5                	(5.819746287158e+00 2.374229791212e+00 6.644231355253e-01)	(5.819746287158e+00 2.374229791212e+00 6.644231355253e-01)	(2.249154714351e-03 -3.252149445709e-01 -4.555904156266e-04)	(-1.813994089550e-01 -2.680737695911e-04 -6.739666446858e-01)	(-9.207768628002e-04 7.670397989081e-01 5.209401988466e-04)
13.6                	(5.802542592249e+00 2.374231732851e+00 5.939978491739e-01)	(5.802542592249e+00 2.374231732851e+00 5.939978491739e-01)	(2.218340783432e-03 -2.058910958761e-01 -6.119166417636e-04)	(-1.668899532006e-01 2.737992761831e-04 -6.926415504619e-01)	(1.207649381719e-03 1.547924095388e+00 1.665407990106e-03)
13.7                	(5.785080279100e+00 2.374277604786e+00 5.336771339399e-01)	(5.785080279100e+00 2.374277604786e+00 5.336771339399e-01)	(2.408391807099e-03 -3.363540648084e-02 -8.115718567019e-04)	(-1.851476219822e-01 6.059052334539e-04 -4.815302802484e-01)	(2.854007760743e-03 1.791036018164e+00 2.139668017686e-03)
13.8                	(5.767097941314e+00 2.374343874113e+00 5.027056491794e-01)	(5.767097941314e+00 2.374343874113e+00 5.027056491794e-01)	(2.723420624785e-03 1.307929051189e-01 -1.034114208452e-03)	(-1.577181513334e-01 6.670464497042e-04 -1.244135466539e-01)	(2.930768261776e-03 1.398602386795e+00 1.684802900520e-03)
13.9                	(5.757562849943e+00 2.374401546499e+00 5.093130325197e-01)	(5.757562849943e+00 2.374401546499e+00 5.093130325197e-01)	(2.987045040501e-03 2.314756210988e-01 -1.204204180399e-03)	(-1.351640330467e-02 4.482953038625e-04 2.512077790667e-01)	(1.520031668001e-03 5.794489867911e-01 6.678187806750e-04)
14                  	(5.766014667155e+00 2.374429215206e+00 5.495662158343e-01)	(5.766014667155e+00 2.374429215206e+00 5.495662158343e-01)	(3.045680422595e-03 2.448855693900e-01 -1.221306557897e-03)	(1.778653087877e-01 1.025389241087e-04 5.289758027665e-01)	(-2.988177183476e-04 -3.066906862833e-01 -7.663985401984e-05)
14.1                	(5.790474153913e+00 2.374424525054e+00 6.096000236718e-01)	(5.790474153913e+00 2.374424525054e+00 6.096000236718e-01)	(2.922571213129e-03 1.755780560200e-01 -1.032959573740e-03)	(2.938909290230e-01 -1.742777866008e-04 6.442757977567e-01)	(-1.210521907956e-03 -1.032890179098e+00 -3.823092049365e-04)
14.2                	(5.820896601018e+00 2.374398815201e+00 6.727295552927e-01)	(5.820896601018e+00 2.374398815201e+00 6.727295552927e-01)	(2.751721099764e-03 4.820899990156e-02 -7.523699503496e-04)	(2.924056362728e-01 -3.491948517064e-04 5.898801296727e-01)	(-1.477244613117e-03 -1.472912077663e+00 -1.467732071795e-03)
14.3                	(5.844414346850e+00 2.374349080561e+00 7.219911162906e-01)	(5.844414346850e+00 2.374349080561e+00 7.219911162906e-01)	(2.617704253533e-03 -1.104600591289e-01 -5.451713812888e-04)	(1.578214052759e-01 -6.362320136983e-04 3.694531004632e-01)	(-1.308748483651e-03 -1.636317744262e+00 -2.721877076054e-03)
14.4                	(5.849890657907e+00 2.374285183295e+00 7.419725422272e-01)	(5.849890657907e+00 2.374285183295e+00 7.419725422272e-01)	(2.494067854343e-03 -2.606242670690e-01 -4.322222530842e-04)	(-4.313670880428e-02 -6.474779291630e-04 1.383488473213e-02)	(-1.649206326738e-03 -1.265567161722e+00 -2.320752484785e-03)
14.5                	(5.839046396845e+00 2.374217379746e+00 7.237699886737e-01)	(5.839046396845e+00 2.374217379746e+00 7.237699886737e-01)	(2.332682952891e-03 -3.467470461941e-01 -3.668556005399e-04)	(-1.583782468729e-01 -7.283728158846e-04 -3.727844031009e-01)	(-1.914498212520e-03 -3.923752085102e-01 -4.873485241440e-04)
14.6                	(5.821172143181e+00 2.374160087884e+00 6.710086818251e-01)	(5.821172143181e+00 2.374160087884e+00 6.710086818251e-01)	(2.163346999367e-03 -3.326270699655e-01 -3.944765457029e-04)	(-1.840560858654e-01 -3.269600444862e-04 -6.499094677830e-01)	(-1.047751098989e-03 6.675028081200e-01 5.121829237542e-04)
14.7                	(5.803678920652e+00 2.374154264521e+00 6.017118715954e-01)	(5.803678920652e+00 2.374154264521e+00 6.017118715954e-01)	(2.126522698813e-03 -2.212057372414e-01 -5.265169498477e-04)	(-1.684525379953e-01 1.783164336496e-04 -6.945963546929e-01)	(1.143226680773e-03 1.493306187353e+00 1.630126041368e-03)
14.8                	(5.786244352595e+00 2.374190120314e+00 5.400006458493e-01)	(5.786244352595e+00 2.374190120314e+00 5.400006458493e-01)	(2.318334182786e-03 -5.130999111037e-02 -7.089333391725e-04)	(-1.839861060797e-01 5.117577011745e-04 -5.052800786858e-01)	(2.995075233740e-03 1.801598055013e+00 2.117952699937e-03)
14.9                	(5.767975022932e+00 2.374249951821e+00 5.058272439428e-01)	(5.767975022932e+00 2.374249951821e+00 5.058272439428e-01)	(2.655421636476e-03 1.172620158741e-01 -9.310564617565e-04)	(-1.656756397259e-01 6.411008746886e-04 -1.615489226244e-01)	(3.271001968516e-03 1.468647524715e+00 1.638188436062e-03)
15                  	(5.757043878845e+00 2.374308894128e+00 5.085811192960e-01)	(5.757043878845e+00 2.374308894128e+00 5.085811192960e-01)	(2.960140222849e-03 2.265741035927e-01 -1.128284666151e-03)	(-3.302745581384e-02 4.927964413906e-04 2.122238492875e-01)	(1.913301646981e-03 6.716312789149e-01 5.676837969289e-04)
15.1                	(5.763540154266e+00 2.374342588540e+00 5.454213040827e-01)	(5.763540154266e+00 2.374342588540e+00 5.454213040827e-01)	(3.059899193301e-03 2.490402536081e-01 -1.187142834756e-03)	(1.605697355674e-01 1.656013460305e-04 5.008505324039e-01)	(-8.313931267452e-05 -2.211695005267e-01 -2.711569345013e-04)
15.2                	(5.786785084930e+00 2.374343688803e+00 6.033829534411e-01)	(5.786785084930e+00 2.374343688803e+00 6.033829534411e-01)	(2.958551187697e-03 1.869494198830e-01 -1.044055311125e-03)	(2.875224114274e-01 -1.234199762485e-04 6.313966193673e-01)	(-1.148183325581e-03 -9.762603979206e-01 -6.273956445522e-04)
15.3                	(5.817250474805e+00 2.374322663851e+00 6.661394789392e-01)	(5.817250474805e+00 2.374322663851e+00 6.661394789392e-01)	(2.786342569756e-03 6.380704254137e-02 -7.775729092865e-04)	(3.002477794610e-01 -2.942612371706e-04 5.957712652083e-01)	(-1.530788306645e-03 -1.442456752987e+00 -1.339389079483e-03)
15.4                	(5.842226143452e+00 2.374279047640e+00 7.169596879203e-01)	(5.842226143452e+00 2.374279047640e+00 7.169596879203e-01)	(2.645878672146e-03 -9.334804770099e-02 -5.469860271296e-04)	(1.784730999133e-01 -5.716235971378e-04 3.946175841438e-01)	(-1.305845113406e-03 -1.642696884293e+00 -2.464195262316e-03)
15.5                	(5.849918986415e+00 2.374221224829e+00 7.402904291597e-01)	(5.849918986415e+00 2.374221224829e+00 7.402904291597e-01)	(2.531766766131e-03 -2.471561222678e-01 -3.986472506562e-04)	(-2.385338324175e-02 -5.789003185623e-04 5.355673702228e-02)	(-1.609148584670e-03 -1.330694591974e+00 -2.150230769683e-03)
15.6                	(5.840450740168e+00 2.374165110658e+00 7.262358255791e-01)	(5.840450740168e+00 2.374165110658e+00 7.262358255791e-01)	(2.379371379372e-03 -3.419676579750e-01 -3.015483410315e-04)	(-1.494244429862e-01 -6.004638205407e-04 -3.316107233944e-01)	(-1.979330572934e-03 -4.965948511576e-01 -4.994510237195e-04)
15.7                	(5.822938294374e+00 2.374115743484e+00 6.769478929848e-01)	(5.822938294374e+00 2.374115743484e+00 6.769478929848e-01)	(2.199927001236e-03 -3.386226895718e-01 -3.070380059788e-04)	(-1.853304769153e-01 -2.977903029429e-04 -6.245356247331e-01)	(-1.354471824181e-03 5.644137908639e-01 4.093372521381e-04)
15.8                	(5.805197507881e+00 2.374112289422e+00 6.089749728828e-01)	(5.805197507881e+00 2.374112289422e+00 6.089749728828e-01)	(2.120378439686e-03 -2.357840203914e-01 -4.414641950139e-04)	(-1.701523963226e-01 2.041403943875e-04 -6.935873357858e-01)	(6.773403781692e-04 1.430059941007e+00 1.396909904285e-03)
15.9                	(5.787746866099e+00 2.374150935119e+00 5.461615895354e-01)	(5.787746866099e+00 2.374150935119e+00 5.461615895354e-01)	(2.264698589537e-03 -6.933550841733e-02 -6.323774605913e-04)	(-1.833085947736e-01 5.424929830501e-04 -5.266428422857e-01)	(2.644179927205e-03 1.799287458339e+00 1.970119813156e-03)
16                  	(5.769234817055e+00 2.374214034157e+00 5.090733741884e-01)	(5.769234817055e+00 2.374214034157e+00 5.090733741884e-01)	(2.575772604932e-03 1.023111557364e-01 -8.551252393284e-04)	(-1.728610002839e-01 6.780723164567e-04 -1.962838690448e-01)	(3.192869921963e-03 1.530006489098e+00 1.690827544097e-03)
16.1                	(5.756981243026e+00 2.374277888580e+00 5.081952730328e-01)	(5.756981243026e+00 2.374277888580e+00 5.081952730328e-01)	(2.886470499663e-03 2.198100668878e-01 -1.059032220654e-03)	(-5.202541541904e-02 5.590775241784e-04 1.755262577278e-01)	(2.109575751187e-03 7.653911569756e-01 6.041606157606e-04)
16.2                	(5.761443246019e+00 2.374319890068e+00 5.417511606813e-01)	(5.761443246019e+00 2.374319890068e+00 5.417511606813e-01)	(3.019432036994e-03 2.516517385031e-01 -1.146895404901e-03)	(1.416387164096e-01 2.613264542453e-04 4.735040233325e-01)	(1.734912604912e-04 -1.298214627385e-01 -3.355981246610e-04)
16.3                	(5.783272662775e+00 2.374330522676e+00 5.976814997968e-01)	(5.783272662775e+00 2.374330522676e+00 5.976814997968e-01)	(2.944918089509e-03 1.974938498441e-01 -1.037329869758e-03)	(2.788786959088e-01 -3.328139676501e-05 6.183313433394e-01)	(-9.966676457247e-04 -9.123886880283e-01 -7.130125838875e-04)
16.4                	(5.813543482694e+00 2.374317346734e+00 6.599920350926e-01)	(5.813543482694e+00 2.374317346734e+00 6.599920350926e-01)	(2.788441949869e-03 7.920421180760e-02 -7.927484196414e-04)	(3.057146270713e-01 -2.170590927497e-04 6.003195247952e-01)	(-1.368791047197e-03 -1.406542216699e+00 -1.363901486167e-03)
16.5                	(5.839799192414e+00 2.374281583023e+00 7.121893355458e-01)	(5.839799192414e+00 2.374281583023e+00 7.121893355458e-01)	(2.659872505132e-03 -7.577200348023e-02 -5.684342749789e-04)	(1.978586072125e-01 -5.090393273153e-04 4.174617214758e-01)	(-1.117691747457e-03 -1.640904784431e+00 -2.502521115456e-03)
16.6                	(5.849725804850e+00 2.374227945117e+00 7.386243501889e-01)	(5.849725804850e+00 2.374227945117e+00 7.386243501889e-01)	(2.566488892481e-03 -2.325279862303e-01 -4.189555496435e-04)	(-3.231943158551e-03 -5.447138468133e-04 9.110560690526e-02)	(-1.368828392044e-03 -1.391838666376e+00 -2.349842980600e-03)
16.7                	(5.841760566641e+00 2.374174884676e+00 7.285402663906e-01)	(5.841760566641e+00 2.374174884676e+00 7.285402663906e-01)	(2.433425489576e-03 -3.358188836964e-01 -3.169811745803e-04)	(-1.393518805738e-01 -5.636714268892e-04 -2.916642259154e-01)	(-1.834499031211e-03 -6.012762154507e-01 -7.231092651391e-04)
16.8                	(5.824743948408e+00 2.374125596039e+00 6.827149613419e-01)	(5.824743948408e+00 2.374125596039e+00 6.827149613419e-01)	(2.262697277533e-03 -3.435276437774e-01 -3.122425300528e-04)	(-1.855083292656e-01 -3.330253993895e-04 -5.985141702145e-01)	(-1.390133603885e-03 4.562505894941e-01 2.521605759325e-04)
16.9                	(5.806805456189e+00 2.374118348727e+00 6.161577306193e-01)	(5.806805456189e+00 2.374118348727e+00 6.161577306193e-01)	(2.170614558888e-03 -2.499346773838e-01 -4.509070109844e-04)	(-1.718816841791e-01 1.719132274807e-04 -6.917883476670e-01)	(5.420489769329e-04 1.358694214675e+00 1.220764751051e-03)
17                  	(5.789373088039e+00 2.374154822180e+00 5.523487883541e-01)	(5.789373088039e+00 2.374154822180e+00 5.523487883541e-01)	(2.299789383426e-03 -8.769646750780e-02 -6.541807467278e-04)	(-1.821601970856e-01 5.318971481887e-04 -5.478698045748e-01)	(2.611598373072e-03 1.788702138052e+00 1.884559882796e-03)
17.1                	(5.770767154097e+00 2.374218368150e+00 5.124020935115e-01)	(5.770767154097e+00 2.374218368150e+00 5.124020935115e-01)	(2.613539876857e-03 8.635724140765e-02 -8.901301015728e-04)	(-1.780517712434e-01 6.965209754396e-04 -2.308251828074e-01)	(3.347267998039e-03 1.586023700193e+00 1.760565392679e-03)
17.2                	(5.757377444983e+00 2.374285196316e+00 5.078633058087e-01)	(5.757377444983e+00 2.374285196316e+00 5.078633058087e-01)	(2.943115169182e-03 2.116856614916e-01 -1.107139800947e-03)	(-6.894693940037e-02 5.971938977999e-04 1.392673031749e-01)	(2.322455336780e-03 8.597271619060e-01 7.940434098625e-04)
17.3                	(5.759858600202e+00 2.374330993456e+00 5.380612194183e-01)	(5.759858600202e+00 2.374330993456e+00 5.380612194183e-01)	(3.095385865739e-03 2.529440068401e-01 -1.207999044206e-03)	(1.223353845993e-01 2.980048933907e-04 4.454104341089e-01)	(2.601867448591e-04 -3.684502038253e-02 -1.975176557268e-04)
17.4                	(5.780185671629e+00 2.374344701968e+00 5.918910320278e-01)	(5.780185671629e+00 2.374344701968e+00 5.918910320278e-01)	(3.021045009670e-03 2.070111440576e-01 -1.110840616250e-03)	(2.690757986286e-01 -4.104494236694e-06 6.048189263281e-01)	(-1.124922631179e-03 -8.448788887537e-01 -6.575200620935e-04)
17.5                	(5.810100785496e+00 2.374334434886e+00 6.536674468778e-01)	(5.810100785496e+00 2.374334434886e+00 6.536674468778e-01)	(2.841431693896e-03 9.383950128738e-02 -8.679197437235e-04)	(3.091576144137e-01 -1.774764661313e-04 6.036590298937e-01)	(-1.651332646284e-03 -1.369119844415e+00 -1.296161356240e-03)
17.6                	(5.837435489505e+00 2.374305531897e+00 7.071076750323e-01)	(5.837435489505e+00 2.374305531897e+00 7.071076750323e-01)	(2.671208304170e-03 -5.867750364444e-02 -6.425352890155e-04)	(2.153612957751e-01 -4.249619344262e-04 4.388418592984e-01)	(-1.537199657462e-03 -1.633837177942e+00 -2.555145737052e-03)
17.7                	(5.849494864393e+00 2.374259970911e+00 7.365172188309e-01)	(5.849494864393e+00 2.374259970911e+00 7.365172188309e-01)	(2.537973090559e-03 -2.176878765754e-01 -5.001811741248e-04)	(1.778651300409e-02 -4.659263989907e-04 1.278029719279e-01)	(-1.673455305335e-03 -1.445371998074e+00 -2.506284588251e-03)
17.8                	(5.843070638318e+00 2.374215320865e+00 7.303654877319e-01)	(5.843070638318e+00 2.374215320865e+00 7.303654877319e-01)	(2.377115132138e-03 -3.288846769320e-01 -3.991734498352e-04)	(-1.290043106976e-01 -4.663766994337e-04 -2.516868691503e-01)	(-2.070207378644e-03 -7.013308530896e-01 -8.327556703897e-04)
17.9                	(5.826601687289e+00 2.374173831620e+00 6.881040677315e-01)	(5.826601687289e+00 2.374173831620e+00 6.881040677315e-01)	(2.193733121241e-03 -3.474360066186e-01 -3.598705428837e-04)	(-1.852075094467e-01 -2.670843184230e-04 -5.705281075185e-01)	(-1.639521688287e-03 3.480644693967e-01 4.256705232639e-04)
18                  	(5.808457388996e+00 2.374171656751e+00 6.231919200837e-01)	(5.808457388996e+00 2.374171656751e+00 6.231919200837e-01)	(2.088778474932e-03 -2.632654110439e-01 -4.522349679578e-04)	(-1.741998857785e-01 2.087179238239e-04 -6.876625695856e-01)	(3.073490271517e-04 1.283701134966e+00 1.390950405411e-03)
18.1                	(5.790994694777e+00 2.374210080169e+00 5.586052550779e-01)	(5.790994694777e+00 2.374210080169e+00 5.586052550779e-01)	(2.206216056942e-03 -1.057888198606e-01 -6.142599419639e-04)	(-1.811402056081e-01 5.366237376522e-04 -5.671958254589e-01)	(2.547397139145e-03 1.770834038147e+00 2.048740528107e-03)
18.2                	(5.772341753232e+00 2.374273977585e+00 5.159241171922e-01)	(5.772341753232e+00 2.374273977585e+00 5.159241171922e-01)	(2.526699537884e-03 6.988682840617e-02 -8.225237377456e-04)	(-1.821012886293e-01 7.056447841850e-04 -2.644318415774e-01)	(3.633661675130e-03 1.634978125379e+00 1.885886247728e-03)
18.3                	(5.757951300642e+00 2.374343155872e+00 5.077959844930e-01)	(5.757951300642e+00 2.374343155872e+00 5.077959844930e-01)	(2.899553181071e-03 2.025309293303e-01 -1.042944109747e-03)	(-8.499181937642e-02 6.369125713385e-04 1.027594448245e-01)	(2.915047226493e-03 9.505347902627e-01 8.040325713839e-04)
18.4                	(5.758521629531e+00 2.374393784994e+00 5.346661906821e-01)	(5.758521629531e+00 2.374393784994e+00 5.346661906821e-01)	(3.127747343343e-03 2.531287614359e-01 -1.181194035935e-03)	(1.026511591628e-01 3.507849788750e-04 4.168687567629e-01)	(9.301123807444e-04 5.634866319793e-02 -3.796227610951e-04)
18.5                	(5.777282474554e+00 2.374411104962e+00 5.863637202417e-01)	(5.777282474554e+00 2.374411104962e+00 5.863637202417e-01)	(3.119238341275e-03 2.156500226677e-01 -1.131729045403e-03)	(2.583602158028e-01 1.468252938278e-05 5.909113928579e-01)	(-7.761954999226e-04 -7.735484526316e-01 -8.958207592176e-04)
18.6                	(5.806722639491e+00 2.374400265702e+00 6.475424077740e-01)	(5.806722639491e+00 2.374400265702e+00 6.475424077740e-01)	(2.956878696192e-03 1.079978110654e-01 -9.070010837143e-04)	(3.110632722342e-01 -2.015931807215e-04 6.059915694953e-01)	(-1.654958034895e-03 -1.328288231189e+00 -1.318457291761e-03)
18.7                	(5.834988372066e+00 2.374369111807e+00 7.021053271429e-01)	(5.834988372066e+00 2.374369111807e+00 7.021053271429e-01)	(2.765314676707e-03 -4.166970279198e-02 -6.658524229754e-04)	(2.314799354824e-01 -4.408879916207e-04 4.587125109346e-01)	(-1.856300050575e-03 -1.621566870890e+00 -2.457306272675e-03)
18.8                	(5.849123385799e+00 2.374321732844e+00 7.343274823754e-01)	(5.849123385799e+00 2.374321732844e+00 7.343274823754e-01)	(2.593675392258e-03 -2.022776675709e-01 -5.047526773898e-04)	(3.945985106075e-02 -4.399820548926e-04 1.631770576339e-01)	(-2.056774128977e-03 -1.492941812688e+00 -2.675847761492e-03)
18.9                	(5.844338535557e+00 2.374278987404e+00 7.320075257058e-01)	(5.844338535557e+00 2.374278987404e+00 7.320075257058e-01)	(2.389625752502e-03 -3.208370897849e-01 -3.988864310101e-04)	(-1.178227072760e-01 -4.204511309119e-04 -2.123789402626e-01)	(-2.501112165544e-03 -7.973692568476e-01 -1.098714682675e-03)
19                  	(5.828509886272e+00 2.374238229815e+00 6.932958771076e-01)	(5.828509886272e+00 2.374238229815e+00 6.932958771076e-01)	(2.162537910333e-03 -3.500981661257e-01 -3.524012698100e-04)	(-1.839563709041e-01 -2.986396813252e-04 -5.419936548133e-01)	(-2.130730950654e-03 2.383505548805e-01 3.305327549511e-04)
19.1                	(5.810192428720e+00 2.374232510020e+00 6.301141920483e-01)	(5.810192428720e+00 2.374232510020e+00 6.301141920483e-01)	(2.006563281831e-03 -2.757041108874e-01 -4.283139057566e-04)	(-1.766873897787e-01 1.782773537936e-04 -6.821052396332e-01)	(-2.795792044208e-04 1.204014005547e+00 1.298360417224e-03)
19.2                	(5.792655630284e+00 2.374267805199e+00 5.648808025044e-01)	(5.792655630284e+00 2.374267805199e+00 5.648808025044e-01)	(2.072709075916e-03 -1.235606042218e-01 -5.735735973360e-04)	(-1.799864370473e-01 4.988428531736e-04 -5.843719755955e-01)	(2.119665745704e-03 1.748064383109e+00 1.903252732006e-03)
19.3                	(5.773980508329e+00 2.374327237599e+00 5.195682264922e-01)	(5.773980508329e+00 2.374327237599e+00 5.195682264922e-01)	(2.359892434892e-03 5.310156616447e-02 -7.730626940268e-04)	(-1.853890400668e-01 6.597258958674e-04 -2.974151156080e-01)	(3.465795019532e-03 1.677718061182e+00 1.743952753320e-03)
19.4                	(5.758688713220e+00 2.374392812996e+00 5.078816716264e-01)	(5.758688713220e+00 2.374392812996e+00 5.078816716264e-01)	(2.727793355330e-03 1.925395699839e-01 -9.955450503584e-04)	(-1.004294710112e-01 6.168001408894e-04 6.564399630195e-02)	(3.046521893407e-03 1.036978207654e+00 7.832668309636e-04)
19.5                	(5.757384322213e+00 2.374443790142e+00 5.313847070633e-01)	(5.757384322213e+00 2.374443790142e+00 5.313847070633e-01)	(2.985706225360e-03 2.523124831003e-01 -1.153726179953e-03)	(8.264804515236e-02 3.756280241315e-04 3.876869098221e-01)	(1.268190987285e-03 1.487451655567e-01 -4.089552014074e-04)
19.6                	(5.774491833460e+00 2.374465270052e+00 5.808716202058e-01)	(5.774491833460e+00 2.374465270052e+00 5.808716202058e-01)	(3.024952661640e-03 2.234052813133e-01 -1.141328457690e-03)	(2.463995819095e-01 6.462479719557e-05 5.760488281936e-01)	(-3.235755720593e-04 -6.996799010819e-01 -9.838215741003e-04)
19.7                	(5.803316979388e+00 2.374459590031e+00 6.413604516225e-01)	(5.803316979388e+00 2.374459590031e+00 6.413604516225e-01)	(2.918217929479e-03 1.215437778332e-01 -9.470883765093e-04)	(3.112020062699e-01 -1.541645386254e-04 6.071081580088e-01)	(-1.033007708413e-03 -1.285302668607e+00 -1.320116825135e-03)
19.8                	(5.832342429671e+00 2.374432803770e+00 6.969331998807e-01)	(5.832342429671e+00 2.374432803770e+00 6.969331998807e-01)	(2.793596912588e-03 -2.495557424809e-02 -7.119836918572e-04)	(2.460143815389e-01 -4.128280493038e-04 4.774020282061e-01)	(-1.113915004244e-03 -1.604165146797e+00 -2.466577858814e-03)
19.9                	(5.848453094531e+00 2.374382915981e+00 7.318378746568e-01)	(5.848453094531e+00 2.374382915981e+00 7.318378746568e-01)	(2.693933369179e-03 -1.864719515048e-01 -5.601077434618e-04)	(6.149898238845e-02 -4.675029433072e-04 1.974066194771e-01)	(-1.278595997367e-03 -1.532614942563e+00 -3.196875937571e-03)
20                  	(5.845389858404e+00 2.374333682483e+00 7.332865221878e-01)	(5.845389858404e+00 2.374333682483e+00 7.332865221878e-01)	(2.552645530455e-03 -3.118062240193e-01 -4.665636262961e-04)	(-1.057784560820e-01 -4.806603183690e-04 -1.732662281616e-01)	(-1.916859526113e-03 -8.887846283237e-01 -1.534960344752e-03)
20.1                	(5.830303524618e+00 2.374284641062e+00 6.981848363772e-01)	(5.830303524618e+00 2.374284641062e+00 6.981848363772e-01)	(2.370857988463e-03 -3.515650681547e-01 -4.314417991265e-04)	(-1.815790349230e-01 -3.928815604838e-04 -5.120332748167e-01)	(-1.703277417948e-03 1.277751589586e-01 -1.059546590364e-04)
20.2                	(5.811881846763e+00 2.374271033300e+00 6.369099234276e-01)	(5.811881846763e+00 2.374271033300e+00 6.369099234276e-01)	(2.232098053326e-03 -2.872511277694e-01 -5.395927718267e-04)	(-1.790019250493e-01 1.315779978593e-04 -6.749155233286e-01)	(-1.391654345129e-04 1.119209710345e+00 1.062471049896e-03)
20.3                	(5.794287844768e+00 2.374305079494e+00 5.711847277189e-01)	(5.794287844768e+00 2.374305079494e+00 5.711847277189e-01)	(2.292768357704e-03 -1.410264459437e-01 -7.136283731732e-04)	(-1.785829830856e-01 5.180901562066e-04 -6.004838653325e-01)	(2.038059483465e-03 1.718022702786e+00 1.977133452964e-03)
20.4                	(5.775681750247e+00 2.374368998409e+00 5.233603402053e-01)	(5.775681750247e+00 2.374368998409e+00 5.233603402053e-01)	(2.550918275405e-03 3.592547439658e-02 -9.349798981844e-04)	(-1.873210169240e-01 7.233823758088e-04 -3.296781271378e-01)	(3.045504863448e-03 1.713389120142e+00 1.981884930479e-03)
20.5                	(5.759652806782e+00 2.374441358984e+00 5.081733717825e-01)	(5.759652806782e+00 2.374441358984e+00 5.081733717825e-01)	(2.856305511153e-03 1.816062460696e-01 -1.163871949957e-03)	(-1.142273548329e-01 6.844690528067e-04 2.891928670714e-02)	(2.299619446582e-03 1.119710845007e+00 1.225187634643e-03)
20.6                	(5.756568217934e+00 2.374498750809e+00 5.283030063747e-01)	(5.756568217934e+00 2.374498750809e+00 5.283030063747e-01)	(3.023232472992e-03 2.503950872665e-01 -1.300639736918e-03)	(6.312129573032e-02 4.349070506278e-04 3.587779781743e-01)	(3.138031011082e-04 2.410149223713e-01 1.904950246507e-04)
20.7                	(5.771978272824e+00 2.374526046711e+00 5.755536668445e-01)	(5.771978272824e+00 2.374526046711e+00 5.755536668445e-01)	(2.953748623337e-03 2.301691207845e-01 -1.253078200480e-03)	(2.335650946950e-01 1.226187500316e-04 5.608967783164e-01)	(-1.339142646376e-03 -6.234685049606e-01 -3.779970443243e-04)
20.8                	(5.800072510124e+00 2.374527052294e+00 6.353139704293e-01)	(5.800072510124e+00 2.374527052294e+00 6.353139704293e-01)	(2.741937707600e-03 1.343543168182e-01 -1.029296090272e-03)	(3.098318384897e-01 -8.189547652031e-05 6.076560016426e-01)	(-1.930901948527e-03 -1.240300302328e+00 -7.234538250532e-04)
20.9                	(5.829688432193e+00 2.374510539009e+00 6.917986019264e-01)	(5.829688432193e+00 2.374510539009e+00 6.917986019264e-01)	(2.528530725851e-03 -8.778487310661e-03 -7.727688996557e-04)	(2.589432951252e-01 -2.799714496305e-04 4.949316613339e-01)	(-1.862990225587e-03 -1.583394871098e+00 -1.790151527218e-03)
21                  	(5.847656472577e+00 2.374473378144e+00 7.292557729301e-01)	(5.847656472577e+00 2.374473378144e+00 7.292557729301e-01)	(2.375229127683e-03 -1.706235166476e-01 -5.948054113270e-04)	(8.352890052395e-02 -3.401802952713e-04 2.304580154133e-01)	(-1.550271944888e-03 -1.565313840182e+00 -2.475620064738e-03)
21.1                	(5.846388180232e+00 2.374436601694e+00 7.343919422295e-01)	(5.846388180232e+00 2.374436601694e+00 7.343919422295e-01)	(2.238438191915e-03 -3.020919248928e-01 -4.679854825759e-04)	(-9.298354231187e-02 -3.420515516971e-04 -1.346972226469e-01)	(-1.704185541021e-03 -9.748873156352e-01 -1.117395540301e-03)
21.2                	(5.832130450841e+00 2.374400706778e+00 7.028939569333e-01)	(5.832130450841e+00 2.374400706778e+00 7.028939569333e-01)	(2.108617466787e-03 -3.519780033221e-01 -3.640902209541e-04)	(-1.779483670161e-01 -2.946136334336e-04 -4.813297952679e-01)	(-1.393238118771e-03 1.882068675600e-02 6.146974363840e-04)
21.3                	(5.813685310423e+00 2.374391020939e+00 6.436585375419e-01)	(5.813685310423e+00 2.374391020939e+00 6.436585375419e-01)	(2.029876215133e-03 -2.978133668185e-01 -3.731425300938e-04)	(-1.811913739653e-01 1.237428612580e-04 -6.661247528568e-01)	(1.057082054861e-04 1.031295907919e+00 1.463832778817e-03)
21.4                	(5.796012245050e+00 2.374422001400e+00 5.776200699390e-01)	(5.796012245050e+00 2.374422001400e+00 5.776200699390e-01)	(2.127948658214e-03 -1.580196889672e-01 -4.808484287992e-04)	(-1.777694060064e-01 4.719201449871e-04 -6.155798056128e-01)	(2.305721885317e-03 1.680262629874e+00 2.106638659726e-03)
21.5                	(5.777487354285e+00 2.374481551715e+00 5.274003752126e-01)	(5.777487354285e+00 2.374481551715e+00 5.274003752126e-01)	(2.425172806101e-03 1.844290730688e-02 -6.692295328107e-04)	(-1.887694795797e-01 6.957028927703e-04 -3.615594118201e-01)	(3.607759574594e-03 1.741115406630e+00 1.973044825180e-03)
21.6                	(5.760807823399e+00 2.374553644236e+00 5.087199364770e-01)	(5.760807823399e+00 2.374553644236e+00 5.087199364770e-01)	(2.800285057360e-03 1.697461599059e-01 -9.079906052194e-04)	(-1.266262901634e-01 7.057258243390e-04 -7.358889090668e-03)	(3.146800266189e-03 1.198847118196e+00 1.051692756347e-03)
21.7                	(5.755990436075e+00 2.374614486009e+00 5.253960556939e-01)	(5.755990436075e+00 2.374614486009e+00 5.253960556939e-01)	(3.069449713449e-03 2.473436330272e-01 -1.097274649266e-03)	(4.315183223811e-02 4.732835462242e-04 3.281976196842e-01)	(1.246107723642e-03 3.323258894402e-01 -1.738345006520e-04)
21.8                	(5.769635725521e+00 2.374643666921e+00 5.702857720161e-01)	(5.769635725521e+00 2.374643666921e+00 5.702857720161e-01)	(3.097833054825e-03 2.359522503359e-01 -1.121679665806e-03)	(2.197158184269e-01 1.130947045030e-04 5.444972270011e-01)	(-6.671175905324e-04 -5.432346947742e-01 -9.050313616892e-04)
21.9                	(5.796889555309e+00 2.374641131377e+00 6.291827651022e-01)	(5.796889555309e+00 2.374641131377e+00 6.291827651022e-01)	(2.946386028427e-03 1.466426754901e-01 -9.574046824041e-04)	(3.072774389094e-01 -1.440278082025e-04 6.070086956831e-01)	(-1.574248887998e-03 -1.190731279467e+00 -1.280830855209e-03)
22                  	(5.826964616208e+00 2.374617852004e+00 6.864381793965e-01)	(5.826964616208e+00 2.374617852004e+00 6.864381793965e-01)	(2.753893228232e-03 7.270669237961e-03 -7.299153475023e-04)	(2.707066602248e-01 -3.522248997021e-04 5.110642461095e-01)	(-1.788161980149e-03 -1.558150459355e+00 -2.234411246198e-03)
22.1                	(5.846711310854e+00 2.374570674464e+00 7.263121620147e-01)	(5.846711310854e+00 2.374570674464e+00 7.263121620147e-01)	(2.593018123791e-03 -1.542953063894e-01 -5.602738433178e-04)	(1.058090953956e-01 -4.962873971454e-04 2.624099349629e-01)	(-1.700939063604e-03 -1.591058422784e+00 -2.832862629709e-03)
22.2                	(5.847346526857e+00 2.374523267813e+00 7.350973366320e-01)	(5.847346526857e+00 2.374523267813e+00 7.350973366320e-01)	(2.431447039722e-03 -2.913437151925e-01 -4.474466249413e-04)	(-7.905209992165e-02 -4.422159626199e-04 -9.593332499522e-02)	(-2.002220382145e-03 -1.057169457729e+00 -1.694613542109e-03)
22.3                	(5.834022671673e+00 2.374476023115e+00 7.072948675119e-01)	(5.834022671673e+00 2.374476023115e+00 7.072948675119e-01)	(2.250944175652e-03 -3.512160350848e-01 -3.653183639546e-04)	(-1.734199854388e-01 -4.242739285741e-04 -4.488690035427e-01)	(-1.959343812859e-03 -9.220302498385e-02 2.397329577594e-04)
22.4                	(5.815601503422e+00 2.374454893328e+00 6.503098388675e-01)	(5.815601503422e+00 2.374454893328e+00 6.503098388675e-01)	(2.101540174812e-03 -3.076337388303e-01 -3.869407041686e-04)	(-1.834767880121e-01 3.720448746769e-05 -6.549225785942e-01)	(-6.512446723397e-04 9.374721399407e-01 1.211908215780e-03)
22.5                	(5.797807389588e+00 2.374480400443e+00 5.841739662602e-01)	(5.797807389588e+00 2.374480400443e+00 5.841739662602e-01)	(2.118113398010e-03 -1.749384029532e-01 -5.043422374015e-04)	(-1.772259682057e-01 4.370245025232e-04 -6.285411725792e-01)	(1.570854513800e-03 1.636027274200e+00 1.965679766577e-03)
22.6                	(5.779379064433e+00 2.374536693824e+00 5.316966051370e-01)	(5.779379064433e+00 2.374536693824e+00 5.316966051370e-01)	(2.353156365596e-03 3.508646139508e-04 -6.868802729933e-04)	(-1.895950962636e-01 6.626744480373e-04 -3.928844855566e-01)	(3.213193219678e-03 1.762012971228e+00 2.038275616457e-03)
22.7                	(5.762157348064e+00 2.374605800460e+00 5.095511576965e-01)	(5.762157348064e+00 2.374605800460e+00 5.095511576965e-01)	(2.709119768953e-03 1.568004904857e-01 -9.129597290180e-04)	(-1.373714079438e-01 6.800442312164e-04 -4.300628073429e-02)	(3.249511353991e-03 1.276306466225e+00 1.196851032611e-03)
22.8                	(5.755699015290e+00 2.374665522043e+00 5.227590483903e-01)	(5.755699015290e+00 2.374665522043e+00 5.227590483903e-01)	(3.011348184583e-03 2.432704019085e-01 -1.111602330352e-03)	(2.319810158516e-02 4.791769248294e-04 2.968533863326e-01)	(1.777079541915e-03 4.256043649557e-01 -1.544185798281e-04)
22.9                	(5.767523192077e+00 2.374696304013e+00 5.652028283693e-01)	(5.767523192077e+00 2.374696304013e+00 5.652028283693e-01)	(3.109569325825e-03 2.410247944199e-01 -1.170709204850e-03)	(2.049333011975e-01 1.292039084268e-04 5.272767006676e-01)	(-9.681492401863e-06 -4.590978608742e-01 -1.013290156846e-03)
23                  	(5.793819975919e+00 2.374694595083e+00 6.231412939149e-01)	(5.793819975919e+00 2.374694595083e+00 6.231412939149e-01)	(3.020433175928e-03 1.586063916973e-01 -1.031436335360e-03)	(3.034131426640e-01 -1.470068314902e-04 6.054499598989e-01)	(-1.081680950211e-03 -1.138092247786e+00 -1.294624214545e-03)
23.1                	(5.824195308297e+00 2.374669826605e+00 6.810509200369e-01)	(5.824195308297e+00 2.374669826605e+00 6.810509200369e-01)	(2.869221870237e-03 2.319197746294e-02 -7.986414847233e-04)	(2.808843063952e-01 -3.737216947064e-04 5.259796381003e-01)	(-1.371211745855e-03 -1.531004807602e+00 -2.201947491597e-03)
23.2                	(5.845579197787e+00 2.374618466046e+00 7.232041720826e-01)	(5.845579197787e+00 2.374618466046e+00 7.232041720826e-01)	(2.742392060140e-03 -1.377569328061e-01 -6.213689911531e-04)	(1.272594706468e-01 -5.978084773118e-04 2.928499651460e-01)	(-1.406442334040e-03 -1.612608045223e+00 -3.046712151617e-03)
23.3                	(5.848159353749e+00 2.374564095621e+00 7.355314735858e-01)	(5.848159353749e+00 2.374564095621e+00 7.355314735858e-01)	(2.600306832181e-03 -2.799902477440e-01 -5.157682989496e-04)	(-6.435836572197e-02 -4.971375309672e-04 -5.781789333969e-02)	(-1.892365487821e-03 -1.136087530738e+00 -2.115493510725e-03)
23.4                	(5.835853534204e+00 2.374513354797e+00 7.114166485256e-01)	(5.835853534204e+00 2.374513354797e+00 7.114166485256e-01)	(2.420289463988e-03 -3.496013582761e-01 -4.416845590704e-04)	(-1.676911274466e-01 -4.572847215296e-04 -4.156975697474e-01)	(-1.968891620721e-03 -2.016562170279e-01 -1.938810844373e-04)
23.5                	(5.817558127557e+00 2.374488481193e+00 6.568123533817e-01)	(5.817558127557e+00 2.374488481193e+00 6.568123533817e-01)	(2.254817909123e-03 -3.166355106334e-01 -4.849160276575e-04)	(-1.852555545276e-01 6.709362376118e-06 -6.421412430084e-01)	(-8.338569570745e-04 8.415661134592e-01 9.468121516795e-04)
23.6                	(5.799652562295e+00 2.374513200488e+00 5.907504040098e-01)	(5.799652562295e+00 2.374513200488e+00 5.907504040098e-01)	(2.241214799881e-03 -1.913824821610e-01 -6.144499668317e-04)	(-1.765184402654e-01 4.579184091587e-04 -6.392605408054e-01)	(1.253160217959e-03 1.587710028575e+00 2.025102535159e-03)
23.7                	(5.781350027086e+00 2.374573649480e+00 5.361765198073e-01)	(5.781350027086e+00 2.374573649480e+00 5.361765198073e-01)	(2.438657147588e-03 -1.779461775519e-02 -7.947680290835e-04)	(-1.896247861143e-01 7.183535375833e-04 -4.228602790749e-01)	(2.867026290128e-03 1.777314369310e+00 2.296287015378e-03)
23.8                	(5.763687555254e+00 2.374648968755e+00 5.106099122132e-01)	(5.763687555254e+00 2.374648968755e+00 5.106099122132e-01)	(2.759274684733e-03 1.432574836196e-01 -1.011259478778e-03)	(-1.471626367775e-01 7.463221042710e-04 -7.918795901609e-02)	(2.983701954626e-03 1.348758272466e+00 1.568626580866e-03)
23.9                	(5.755681376773e+00 2.374715884449e+00 5.203003007519e-01)	(5.755681376773e+00 2.374715884449e+00 5.203003007519e-01)	(3.035655551829e-03 2.383021173677e-01 -1.197752163356e-03)	(3.856303668275e-03 5.584614379487e-04 2.651097902256e-01)	(1.606864271014e-03 5.175605995673e-01 2.414349526691e-04)
24                  	(5.765635987893e+00 2.374755960355e+00 5.601686701873e-01)	(5.765635987893e+00 2.374755960355e+00 5.601686701873e-01)	(3.113960203739e-03 2.451074361038e-01 -1.248433488786e-03)	(1.891883362739e-01 2.302801155501e-04 5.087709170230e-01)	(-1.833985320125e-04 -3.740403143076e-01 -6.863654218134e-04)
24.1                	(5.790857255810e+00 2.374764343126e+00 6.170166903107e-01)	(5.790857255810e+00 2.374764343126e+00 6.170166903107e-01)	(3.006547790064e-03 1.697591070470e-01 -1.100210023250e-03)	(2.981908584914e-01 -5.096945375632e-05 6.026092495034e-01)	(-1.184003117238e-03 -1.083201579377e+00 -9.827868177039e-04)
24.2                	(5.821372800648e+00 2.374748635483e+00 6.754487358705e-01)	(5.821372800648e+00 2.374748635483e+00 6.754487358705e-01)	(2.845503562421e-03 3.850521222437e-02 -8.482057079519e-04)	(2.894392262826e-01 -2.779515737295e-04 5.396002293855e-01)	(-1.388879503812e-03 -1.500951332391e+00 -1.850304219202e-03)
24.3                	(5.844249777087e+00 2.374703755429e+00 7.197653200981e-01)	(5.844249777087e+00 2.374703755429e+00 7.197653200981e-01)	(2.729667108188e-03 -1.212786348135e-01 -6.474854118253e-04)	(1.478904664747e-01 -5.927706093081e-04 3.222893284967e-01)	(-1.125148873079e-03 -1.625927581411e+00 -2.776551773277e-03)
24.4                	(5.848810614262e+00 2.374646832662e+00 7.355935307451e-01)	(5.848810614262e+00 2.374646832662e+00 7.355935307451e-01)	(2.630188606620e-03 -2.679379493412e-01 -5.107171075500e-04)	(-4.866192770722e-02 -5.489494858588e-04 -1.957626825763e-02)	(-1.479844870939e-03 -1.208098540902e+00 -1.988822939186e-03)
24.5                	(5.837594576653e+00 2.374591660076e+00 7.152261057382e-01)	(5.837594576653e+00 2.374591660076e+00 7.152261057382e-01)	(2.500886613819e-03 -3.468126040996e-01 -3.994772167166e-04)	(-1.611982465018e-01 -5.287007595563e-04 -3.811689256315e-01)	(-1.651284531028e-03 -3.090567689948e-01 -2.178048736239e-05)
24.6                	(5.819485792104e+00 2.374557013983e+00 6.631987672857e-01)	(5.819485792104e+00 2.374557013983e+00 6.631987672857e-01)	(2.372266487151e-03 -3.245195904021e-01 -3.976073109668e-04)	(-1.869025650082e-01 -1.001943709717e-04 -6.270733522035e-01)	(-7.253111218531e-04 7.426767412191e-01 1.099264670747e-03)
24.7                	(5.801439282932e+00 2.374572771469e+00 5.974374527246e-01)	(5.801439282932e+00 2.374572771469e+00 5.974374527246e-01)	(2.366203151375e-03 -2.071724002725e-01 -5.105816278039e-04)	(-1.765106036877e-01 3.890651917469e-04 -6.484184788201e-01)	(1.247224600265e-03 1.532555032139e+00 2.146768260146e-03)
24.8                	(5.783259384245e+00 2.374628945794e+00 5.409382171510e-01)	(5.783259384245e+00 2.374628945794e+00 5.409382171510e-01)	(2.552942199516e-03 -3.598668454904e-02 -6.949599283547e-04)	(-1.887086691123e-01 6.992458133130e-04 -4.507757614228e-01)	(2.728460558500e-03 1.786378904657e+00 2.412325671496e-03)
24.9                	(5.765263202545e+00 2.374704064411e+00 5.120115477393e-01)	(5.765263202545e+00 2.374704064411e+00 5.120115477393e-01)	(2.847706614381e-03 1.290309328763e-01 -9.271923923548e-04)	(-1.556942151432e-01 7.547516285772e-04 -1.155205573782e-01)	(2.647729446325e-03 1.416154325738e+00 1.699235148945e-03)
25                  	(5.755834658829e+00 2.374771580274e+00 5.181567680295e-01)	(5.755834658829e+00 2.374771580274e+00 5.181567680295e-01)	(3.082672833223e-03 2.324015267524e-01 -1.128569011744e-03)	(-1.482096391386e-02 5.613833115953e-04 2.324392256988e-01)	(1.117262635872e-03 6.091001987802e-01 4.274984469066e-04)
25.1                	(5.763924784403e+00 2.374812106050e+00 5.553501734490e-01)	(5.763924784403e+00 2.374812106050e+00 5.553501734490e-01)	(3.108673665649e-03 2.483106327836e-01 -1.192227758778e-03)	(1.729247641752e-01 2.407182155022e-04 4.891145555005e-01)	(-7.774709208521e-04 -2.867559407742e-01 -5.811236448900e-04)
25.2                	(5.787996747268e+00 2.374822313940e+00 6.109833437445e-01)	(5.787996747268e+00 2.374822313940e+00 6.109833437445e-01)	(2.949284035292e-03 1.803524288238e-01 -1.067433782275e-03)	(2.920455980680e-01 -2.075500551440e-05 5.983655648707e-01)	(-1.690301468867e-03 -1.024899724357e+00 -1.022670709588e-03)
25.3                	(5.818534401632e+00 2.374810925362e+00 6.697919442727e-01)	(5.818534401632e+00 2.374810925362e+00 6.697919442727e-01)	(2.741922262219e-03 5.350078062623e-02 -8.392115744074e-04)	(2.967020365601e-01 -2.138398307643e-04 5.516348587641e-01)	(-1.815854035874e-03 -1.469000361287e+00 -1.789774710821e-03)
25.4                	(5.842783706280e+00 2.374774402375e+00 7.160970971583e-01)	(5.842783706280e+00 2.374774402375e+00 7.160970971583e-01)	(2.579437885819e-03 -1.047818413773e-01 -6.482362014653e-04)	(1.676139194329e-01 -5.159624740475e-04 3.498924945073e-01)	(-1.539452825645e-03 -1.634113329718e+00 -2.575725569938e-03)
25.5                	(5.849359099322e+00 2.374724083379e+00 7.352853100070e-01)	(5.849359099322e+00 2.374724083379e+00 7.352853100070e-01)	(2.445940600752e-03 -2.553402406863e-01 -5.100616964579e-04)	(-3.213491900260e-02 -4.963858575686e-04 1.789233560695e-02)	(-1.719190755052e-03 -1.276759135421e+00 -1.900772341014e-03)
25.6                	(5.839321382257e+00 2.374672623527e+00 7.186363440335e-01)	(5.839321382257e+00 2.374672623527e+00 7.186363440335e-01)	(2.303521927665e-03 -3.431601206647e-01 -3.971047906731e-04)	(-1.538137405945e-01 -5.331426617074e-04 -3.462632242000e-01)	(-1.734180000881e-03 -4.146279121699e-01 -2.498011169502e-05)
25.7                	(5.821487440570e+00 2.374634011758e+00 6.693167050748e-01)	(5.821487440570e+00 2.374634011758e+00 6.693167050748e-01)	(2.182359688634e-03 -3.315733029330e-01 -3.544273406248e-04)	(-1.880875328979e-01 -1.738169328730e-04 -6.101667603697e-01)	(-7.839348981583e-04 6.418678090110e-01 1.194032006687e-03)
25.8                	(5.803293462183e+00 2.374640383279e+00 6.040488238020e-01)	(5.803293462183e+00 2.374640383279e+00 6.040488238020e-01)	(2.182022209252e-03 -2.224470744236e-01 -4.237224326757e-04)	(-1.768672082945e-01 2.774706274144e-04 -6.556950429423e-01)	(1.234995447471e-03 1.473378508346e+00 2.127791315036e-03)
25.9                	(5.785216923091e+00 2.374685022292e+00 5.457743713186e-01)	(5.785216923091e+00 2.374685022292e+00 5.457743713186e-01)	(2.382185106738e-03 -5.418963350212e-02 -5.749048749296e-04)	(-1.871802845606e-01 5.932277467540e-04 -4.768227657974e-01)	(3.008726018521e-03 1.790189647262e+00 2.371291614887e-03)
26                  	(5.766961952582e+00 2.374752300357e+00 5.135814849064e-01)	(5.766961952582e+00 2.374752300357e+00 5.135814849064e-01)	(2.719833037217e-03 1.142251246862e-01 -7.939375511777e-04)	(-1.632983718911e-01 7.088938570274e-04 -1.515134979741e-01)	(3.294686567609e-03 1.478475663444e+00 1.661235670633e-03)
26.1                	(5.756199928096e+00 2.374818405342e+00 5.161947030090e-01)	(5.756199928096e+00 2.374818405342e+00 5.161947030090e-01)	(3.035475504956e-03 2.256042286115e-01 -1.016964120288e-03)	(-3.336409190826e-02 5.758239014932e-04 1.989239823653e-01)	(2.012833830612e-03 6.993166939658e-01 2.859918396019e-04)
26.2                	(5.762397884775e+00 2.374861248911e+00 5.506503321636e-01)	(5.762397884775e+00 2.374861248911e+00 5.506503321636e-01)	(3.161078068763e-03 2.505812124851e-01 -1.131931618236e-03)	(1.557971394613e-01 2.630054754124e-04 4.685139362462e-01)	(5.353949757666e-06 -1.988274574657e-01 -8.722573272262e-04)
26.3                	(5.785212179476e+00 2.374871827645e+00 6.049842998688e-01)	(5.785212179476e+00 2.374871827645e+00 6.049842998688e-01)	(3.073552764177e-03 1.902106868095e-01 -1.057281918693e-03)	(2.845775999645e-01 -3.362145160997e-05 5.930432209025e-01)	(-1.262268035516e-03 -9.641406319815e-01 -1.341392520393e-03)
26.4                	(5.815621156733e+00 2.374857611862e+00 6.640707422838e-01)	(5.815621156733e+00 2.374857611862e+00 6.640707422838e-01)	(2.896532172412e-03 6.798721933023e-02 -8.480761978245e-04)	(3.023261455036e-01 -2.465080849174e-04 5.626474224201e-01)	(-1.625882805582e-03 -1.434750539200e+00 -1.920288587052e-03)
26.5                	(5.841091556513e+00 2.374817383235e+00 7.122590551641e-01)	(5.841091556513e+00 2.374817383235e+00 7.122590551641e-01)	(2.743975754148e-03 -8.838886493230e-02 -6.423412908495e-04)	(1.859661905010e-01 -5.650698554041e-04 3.763356574062e-01)	(-1.444390181886e-03 -1.636000241048e+00 -2.573061145007e-03)
26.6                	(5.849677534626e+00 2.374760809971e+00 7.347233581322e-01)	(5.849677534626e+00 2.374760809971e+00 7.347233581322e-01)	(2.623197367203e-03 -2.421617977617e-01 -4.677605412943e-04)	(-1.451590019526e-02 -5.432218348119e-04 5.502745137027e-02)	(-1.671242183941e-03 -1.338405862206e+00 -1.908303288005e-03)
26.7                	(5.840901495536e+00 2.374708502365e+00 7.218058648795e-01)	(5.840901495536e+00 2.374708502365e+00 7.218058648795e-01)	(2.485715904983e-03 -3.383951329530e-01 -3.175296494217e-04)	(-1.456484922145e-01 -5.383341613667e-04 -3.107924726464e-01)	(-1.917232824316e-03 -5.166140919817e-01 -2.224804354900e-05)
26.8                	(5.823432847240e+00 2.374667377629e+00 6.753298460645e-01)	(5.823432847240e+00 2.374667377629e+00 6.753298460645e-01)	(2.340175432879e-03 -3.374143628826e-01 -2.460013687519e-04)	(-1.886543708808e-01 -2.076699821812e-04 -5.914577265479e-01)	(-1.293574127062e-03 5.395116639735e-01 1.233424877732e-03)
26.9                	(5.805096704424e+00 2.374673309991e+00 6.107428205472e-01)	(5.805096704424e+00 2.374673309991e+00 6.107428205472e-01)	(2.277443997137e-03 -2.368789728866e-01 -3.078968223507e-04)	(-1.773553044158e-01 3.015952061513e-04 -6.606287651797e-01)	(5.048194477679e-04 1.409430186099e+00 2.120191099734e-03)
27                  	(5.787106594731e+00 2.374720882867e+00 5.508624288822e-01)	(5.787106594731e+00 2.374720882867e+00 5.508624288822e-01)	(2.400501151080e-03 -7.217560921791e-02 -4.614975135210e-04)	(-1.857404591008e-01 6.197676942227e-04 -5.021748004987e-01)	(2.309756262907e-03 1.786297381908e+00 2.377895533985e-03)
27.1                	(5.768673089925e+00 2.374790222159e+00 5.155027089175e-01)	(5.768673089925e+00 2.374790222159e+00 5.155027089175e-01)	(2.676757137274e-03 9.899845511654e-02 -6.804823877688e-04)	(-1.697910447822e-01 7.259430378255e-04 -1.872058256759e-01)	(2.860899716807e-03 1.535123863205e+00 1.748180114809e-03)
27.2                	(5.756688735022e+00 2.374857990651e+00 5.145724971198e-01)	(5.756688735022e+00 2.374857990651e+00 5.145724971198e-01)	(2.962361606077e-03 2.179950045357e-01 -9.080546253057e-04)	(-5.093185400755e-02 5.948349511325e-04 1.651812256937e-01)	(1.882670240865e-03 7.882686700734e-01 3.790042377903e-04)
27.3                	(5.760997477711e+00 2.374903451392e+00 5.461905187136e-01)	(5.760997477711e+00 2.374903451392e+00 5.461905187136e-01)	(3.092127503543e-03 2.519812670334e-01 -1.045632025992e-03)	(1.380836908213e-01 2.973396284005e-04 4.467763188624e-01)	(8.211736567720e-05 -1.100226871749e-01 -9.157928172082e-04)
27.4                	(5.782471058897e+00 2.374917777284e+00 5.991088303676e-01)	(5.782471058897e+00 2.374917777284e+00 5.991088303676e-01)	(3.029392852317e-03 1.994425497917e-01 -1.011041779999e-03)	(2.760716761883e-01 7.824279151102e-06 5.863718670433e-01)	(-1.052077153611e-03 -9.000168258190e-01 -1.511075170090e-03)
27.5                	(5.812629342808e+00 2.374907443535e+00 6.583362998951e-01)	(5.812629342808e+00 2.374907443535e+00 6.583362998951e-01)	(2.879202490349e-03 8.213336837888e-02 -8.356412799315e-04)	(3.065194930383e-01 -2.053247424137e-04 5.721800340322e-01)	(-1.346374679102e-03 -1.398186505638e+00 -2.055349152617e-03)
27.6                	(5.839196757183e+00 2.374871446383e+00 7.082617721969e-01)	(5.839196757183e+00 2.374871446383e+00 7.082617721969e-01)	(2.757508294667e-03 -7.197607899423e-02 -6.598927925783e-04)	(2.032447228484e-01 -5.293026062326e-04 4.012568704129e-01)	(-1.025989378721e-03 -1.632449980534e+00 -3.017296330644e-03)
27.7                	(5.849802817555e+00 2.374813678300e+00 7.338727901059e-01)	(5.849802817555e+00 2.374813678300e+00 7.338727901059e-01)	(2.671421771917e-03 -2.283710678124e-01 -5.315779758989e-04)	(4.363346524235e-03 -5.880822381171e-04 9.133493238259e-02)	(-1.216874579699e-03 -1.394834595421e+00 -2.576183565180e-03)
27.8                	(5.842410623361e+00 2.374757568315e+00 7.246493553480e-01)	(5.842410623361e+00 2.374757568315e+00 7.246493553480e-01)	(2.565253576399e-03 -3.326276948216e-01 -4.158863242290e-04)	(-1.362601823937e-01 -5.811246895752e-04 -2.750905269540e-01)	(-1.550325476352e-03 -6.165069091878e-01 -4.634457760618e-04)
27.9                	(5.825420393964e+00 2.374710179377e+00 6.811295449817e-01)	(5.825420393964e+00 2.374710179377e+00 6.811295449817e-01)	(2.447708908870e-03 -3.422854044139e-01 -3.555263979869e-04)	(-1.883326901515e-01 -2.872017484729e-04 -5.707403488227e-01)	(-1.037204098009e-03 4.345910863191e-01 9.123926449740e-04)
28                  	(5.806964934863e+00 2.374709607167e+00 6.174510254402e-01)	(5.806964934863e+00 2.374709607167e+00 6.174510254402e-01)	(2.398706042194e-03 -2.507700535702e-01 -4.302286626953e-04)	(-1.782326155037e-01 2.622213087505e-04 -6.634873526951e-01)	(6.371239038009e-04 1.339245140422e+00 2.032463170868e-03)
