                 0.1	   7.000371124438e-01   3.711244383520e-05
0.2	   7.000834430416e-01   8.344304164631e-05
0.3	   7.001402116837e-01   1.402116837416e-04
0.4	   7.002045010557e-01   2.045010556808e-04
0.5	   7.002570974296e-01   2.570974296024e-04
0.6	   7.002745540279e-01   2.745540279345e-04
0.7	   7.002507210138e-01   2.507210138297e-04
0.8	   7.001992325162e-01   1.992325161670e-04
0.9	   7.001465792236e-01   1.465792236077e-04
1	   7.001107266700e-01   1.107266700011e-04
1.1	   7.000801335741e-01   8.013357414061e-05
1.2	   7.000112400182e-01   1.124001823449e-05
1.3	   6.998455682120e-01  -1.544317880382e-04
1.4	   6.995413354965e-01  -4.586645035451e-04
1.5	   6.991011154499e-01  -8.988845501087e-04
1.6	   6.985868990173e-01  -1.413100982688e-03
1.7	   6.981156650158e-01  -1.884334984248e-03
1.8	   6.978456663964e-01  -2.154333603644e-03
1.9	   6.979540317350e-01  -2.045968264984e-03
2	   6.985910796908e-01  -1.408920309221e-03
2.1	   6.997886648010e-01  -2.113351990253e-04
2.2	   7.014192588754e-01   1.419258875425e-03
2.3	   7.031903544142e-01   3.190354414195e-03
2.4	   7.046941686580e-01   4.694168658050e-03
2.5	   7.054936135079e-01   5.493613507915e-03
2.6	   7.052250682584e-01   5.225068258390e-03
2.7	   7.037643963750e-01   3.764396375037e-03
2.8	   7.012845663246e-01   1.284566324558e-03
2.9	   6.982078265317e-01  -1.792173468336e-03
3	   6.951219236967e-01  -4.878076303316e-03
3.1	   6.926878612075e-01  -7.312138792453e-03
3.2	   6.914973201910e-01  -8.502679808952e-03
3.3	   6.919118115913e-01  -8.088188408661e-03
3.4	   6.940581845667e-01  -5.941815433261e-03
3.5	   6.976957864371e-01  -2.304213562855e-03
3.6	   7.022402750130e-01   2.240275012958e-03
3.7	   7.068198830203e-01   6.819883020271e-03
3.8	   7.104518346903e-01   1.045183469025e-02
3.9	   7.122243966364e-01   1.222439663642e-02
4	   7.115658931174e-01   1.156589311739e-02
4.1	   7.084715146197e-01   8.471514619655e-03
4.2	   7.035237145069e-01   3.523714506890e-03
4.3	   6.977048054341e-01  -2.295194565944e-03
4.4	   6.921310629965e-01  -7.868937003519e-03
4.5	   6.878621142717e-01  -1.213788572832e-02
4.6	   6.856561270119e-01  -1.434387298807e-02
4.7	   6.859895484988e-01  -1.401045150119e-02
4.8	   6.890037518010e-01  -1.099624819899e-02
4.9	   6.943613877900e-01  -5.638612210046e-03
5	   7.012936239068e-01   1.293623906804e-03
5.1	   7.085682131683e-01   8.568213168308e-03
5.2	   7.147374549184e-01   1.473745491842e-02
5.3	   7.182154782229e-01   1.821547822289e-02
5.4	   7.180040086971e-01   1.800400869715e-02
5.5	   7.140114177707e-01   1.401141777067e-02
5.6	   7.071749183813e-01   7.174918381297e-03
5.7	   6.989736228845e-01  -1.026377115480e-03
5.8	   6.910180763853e-01  -8.981923614690e-03
5.9	   6.847171143585e-01  -1.528288564150e-02
6	   6.810514717384e-01  -1.894852826157e-02
6.1	   6.806226911053e-01  -1.937730889466e-02
6.2	   6.836312947508e-01  -1.636870524921e-02
6.3	   6.898712692086e-01  -1.012873079136e-02
6.4	   6.985772540155e-01  -1.422745984509e-03
6.5	   7.083868144196e-01   8.386814419551e-03
6.6	   7.174613766241e-01   1.746137662414e-02
6.7	   7.235274613805e-01   2.352746138050e-02
6.8	   7.248998559374e-01   2.489985593744e-02
6.9	   7.210609757412e-01   2.106097574122e-02
7	   7.129301241859e-01   1.293012418591e-02
7.1	   7.024377970025e-01   2.437797002523e-03
7.2	   6.917631768113e-01  -8.236823188726e-03
7.3	   6.828196859795e-01  -1.718031402053e-02
7.4	   6.769743115184e-01  -2.302568848158e-02
7.5	   6.750786505561e-01  -2.492134944390e-02
7.6	   6.775207257572e-01  -2.247927424284e-02
7.7	   6.842415704779e-01  -1.575842952211e-02
7.8	   6.946192120404e-01  -5.380787959603e-03
7.9	   7.071663259567e-01   7.166325956717e-03
8	   7.196503023722e-01   1.965030237222e-02
8.1	   7.289660769701e-01   2.896607697009e-02
8.2	   7.324070225556e-01   3.240702255555e-02
8.3	   7.287999009311e-01   2.879990093114e-02
8.4	   7.191075486274e-01   1.910754862735e-02
8.5	   7.059535120155e-01   5.953512015547e-03
8.6	   6.923066910542e-01  -7.693308945788e-03
8.7	   6.806525602387e-01  -1.934743976127e-02
8.8	   6.726754378740e-01  -2.732456212604e-02
8.9	   6.693727728621e-01  -3.062722713795e-02
9	   6.711246691793e-01  -2.887533082074e-02
9.1	   6.778971456311e-01  -2.210285436886e-02
9.2	   6.890658199228e-01  -1.093418007721e-02
9.3	   7.033309050884e-01   3.330905088376e-03
9.4	   7.183100719222e-01   1.831007192220e-02
9.5	   7.305450332617e-01   3.054503326165e-02
9.6	   7.365400117859e-01   3.654001178594e-02
9.7	   7.343692565071e-01   3.436925650713e-02
9.8	   7.247753119926e-01   2.477531199257e-02
9.9	   7.107207897034e-01   1.072078970338e-02
10	   6.956870711767e-01  -4.312928823269e-03
10.1	   6.825490887449e-01  -1.745091125513e-02
10.2	   6.731643262468e-01  -2.683567375322e-02
10.3	   6.685592265804e-01  -3.144077341959e-02
10.4	   6.691396120592e-01  -3.086038794077e-02
10.5	   6.749230415337e-01  -2.507695846635e-02
10.6	   6.853543812990e-01  -1.464561870097e-02
10.7	   6.993113096222e-01  -6.886903778203e-04
10.8	   7.145465851991e-01   1.454658519911e-02
10.9	   7.278247724848e-01   2.782477248480e-02
11	   7.355462617972e-01   3.554626179720e-02
11.1	   7.354646362132e-01   3.546463621317e-02
11.2	   7.276967201010e-01   2.769672010105e-02
11.3	   7.147164563866e-01   1.471645638658e-02
11.4	   6.998988613463e-01  -1.011386537058e-04
11.5	   6.862465688123e-01  -1.375343118767e-02
11.6	   6.758210122166e-01  -2.417898778341e-02
11.7	   6.698633835395e-01  -3.013661646051e-02
11.8	   6.688755150820e-01  -3.112448491800e-02
11.9	   6.729448711398e-01  -2.705512886017e-02
12	   6.817284412378e-01  -1.827155876219e-02
12.1	   6.944176233831e-01  -5.582376616857e-03
12.2	   7.091929188736e-01   9.192918873649e-03
12.3	   7.233042598669e-01   2.330425986687e-02
12.4	   7.331476508935e-01   3.314765089349e-02
12.5	   7.359564410839e-01   3.595644108386e-02
12.6	   7.308332359346e-01   3.083323593459e-02
12.7	   7.194599654146e-01   1.945996541464e-02
12.8	   7.050311205150e-01   5.031120514977e-03
12.9	   6.907353637434e-01  -9.264636256616e-03
13	   6.789967312604e-01  -2.100326873956e-02
13.1	   6.713357542999e-01  -2.866424570009e-02
13.2	   6.685462636796e-01  -3.145373632036e-02
13.3	   6.709215767691e-01  -2.907842323091e-02
13.4	   6.783420866840e-01  -2.165791331603e-02
13.5	   6.901286626731e-01  -9.871337326914e-03
13.6	   7.047344195168e-01   4.734419516772e-03
13.7	   7.196081716207e-01   1.960817162073e-02
13.8	   7.311832872756e-01   3.118328727564e-02
13.9	   7.362794349966e-01   3.627943499663e-02
14	   7.333857312499e-01   3.338573124992e-02
14.1	   7.234874984855e-01   2.348749848548e-02
14.2	   7.095147704956e-01   9.514770495599e-03
14.3	   6.947888258207e-01  -5.211174179334e-03
14.4	   6.820437647040e-01  -1.795623529595e-02
14.5	   6.730574393526e-01  -2.694256064736e-02
14.6	   6.688435039993e-01  -3.115649600067e-02
14.7	   6.697823228161e-01  -3.021767718389e-02
14.8	   6.757719347663e-01  -2.422806523365e-02
14.9	   6.862823051690e-01  -1.371769483098e-02
15	   7.001239679811e-01   1.239679810522e-04
15.1	   7.150764508240e-01   1.507645082401e-02
15.2	   7.279252748139e-01   2.792527481391e-02
15.3	   7.351921314706e-01   3.519213147059e-02
15.4	   7.347530799808e-01   3.475307998085e-02
15.5	   7.267727046672e-01   2.677270466721e-02
15.6	   7.137822806026e-01   1.378228060264e-02
15.7	   6.990811460582e-01  -9.188539418225e-04
15.8	   6.856194486851e-01  -1.438055131491e-02
15.9	   6.754108452958e-01  -2.458915470421e-02
16	   6.696764158578e-01  -3.032358414219e-02
16.1	   6.689148197990e-01  -3.108518020100e-02
16.2	   6.733001866994e-01  -2.669981330056e-02
16.3	   6.825286732012e-01  -1.747132679877e-02
16.4	   6.955670370854e-01  -4.432962914650e-03
16.5	   7.104988550124e-01   1.049885501244e-02
16.6	   7.244241363201e-01   2.442413632011e-02
16.7	   7.336788523974e-01   3.367885239742e-02
16.8	   7.357127842354e-01   3.571278423544e-02
16.9	   7.299861009513e-01   2.998610095133e-02
17	   7.183428968883e-01   1.834289688830e-02
17.1	   7.039305258864e-01   3.930525886447e-03
17.2	   6.898484661332e-01  -1.015153386676e-02
17.3	   6.784394360205e-01  -2.156056397947e-02
17.4	   6.711589347286e-01  -2.884106527137e-02
17.5	   6.687477237040e-01  -3.125227629600e-02
17.6	   6.714435033865e-01  -2.855649661348e-02
17.7	   6.791066777271e-01  -2.089332227294e-02
17.8	   6.910025489655e-01  -8.997451034518e-03
17.9	   7.055148470219e-01   5.514847021937e-03
18	   7.201075073417e-01   2.010750734166e-02
18.1	   7.312893229742e-01   3.128932297416e-02
18.2	   7.359914374427e-01   3.599143744266e-02
18.3	   7.328866905174e-01   3.288669051742e-02
18.4	   7.229656104659e-01   2.296561046595e-02
18.5	   7.090777294668e-01   9.077729466752e-03
18.6	   6.944505518896e-01  -5.549448110404e-03
18.7	   6.817755007969e-01  -1.822449920313e-02
18.8	   6.728422555982e-01  -2.715774440175e-02
18.9	   6.686440369663e-01  -3.135596303366e-02
19	   6.695832468243e-01  -3.041675317567e-02
19.1	   6.757069249377e-01  -2.429307506226e-02
19.2	   6.864450872517e-01  -1.355491274831e-02
19.3	   7.005092230024e-01   5.092230023596e-04
19.4	   7.156123551758e-01   1.561235517578e-02
19.5	   7.284447751824e-01   2.844477518243e-02
19.6	   7.355638618889e-01   3.556386188894e-02
19.7	   7.349214271204e-01   3.492142712038e-02
19.8	   7.268189481545e-01   2.681894815451e-02
19.9	   7.137118667813e-01   1.371186678134e-02
20	   6.988690287179e-01  -1.130971282103e-03
20.1	   6.852691465653e-01  -1.473085343471e-02
20.2	   6.749934513958e-01  -2.500654860423e-02
20.3	   6.693048183176e-01  -3.069518168236e-02
20.4	   6.687520561727e-01  -3.124794382728e-02
20.5	   6.734599587913e-01  -2.654004120869e-02
20.6	   6.829383269785e-01  -1.706167302150e-02
20.7	   6.961783757033e-01  -3.821624296730e-03
20.8	   7.111877230645e-01   1.118772306446e-02
20.9	   7.250058226845e-01   2.500582268448e-02
21	   7.340227370790e-01   3.402273707896e-02
21.1	   7.357207311020e-01   3.572073110197e-02
21.2	   7.296510027814e-01   2.965100278136e-02
21.3	   7.177443748224e-01   1.774437482239e-02
21.4	   7.031692215648e-01   3.169221564778e-03
21.5	   6.890403568399e-01  -1.095964316007e-02
21.6	   6.776887285809e-01  -2.231127141913e-02
21.7	   6.705755663744e-01  -2.942443362555e-02
21.8	   6.684237811280e-01  -3.157621887199e-02
21.9	   6.714579898503e-01  -2.854201014967e-02
22	   6.793982603541e-01  -2.060173964590e-02
22.1	   6.914827333595e-01  -8.517266640509e-03
22.2	   7.061481583024e-01   6.148158302431e-03
22.3	   7.207335925075e-01   2.073359250746e-02
22.4	   7.316067290726e-01   3.160672907265e-02
22.5	   7.358393889199e-01   3.583938891990e-02
22.6	   7.323050703500e-01   3.230507034995e-02
22.7	   7.221364303828e-01   2.213643038275e-02
22.8	   7.081813583977e-01   8.181358397653e-03
22.9	   6.936435157727e-01  -6.356484227287e-03
23	   6.811614296824e-01  -1.883857031761e-02
23.1	   6.724844517928e-01  -2.751554820717e-02
23.2	   6.686415926988e-01  -3.135840730118e-02
23.3	   6.700443060773e-01  -2.995569392274e-02
23.4	   6.765561429786e-01  -2.344385702140e-02
23.5	   6.875185730144e-01  -1.248142698558e-02
23.6	   7.016350169489e-01   1.635016948865e-03
23.7	   7.165671087600e-01   1.656710876000e-02
23.8	   7.289354450484e-01   2.893544504842e-02
23.9	   7.354638745301e-01   3.546387453010e-02
24	   7.343729768662e-01   3.437297686617e-02
24.1	   7.260918921809e-01   2.609189218090e-02
24.2	   7.129993173733e-01   1.299931737328e-02
24.3	   6.982868682552e-01  -1.713131744825e-03
24.4	   6.848603282210e-01  -1.513967177901e-02
24.5	   6.747539642144e-01  -2.524603578562e-02
24.6	   6.692365462511e-01  -3.076345374891e-02
24.7	   6.688793982349e-01  -3.112060176507e-02
24.8	   6.737659472611e-01  -2.623405273886e-02
24.9	   6.834436707247e-01  -1.655632927531e-02
25	   6.968862542510e-01  -3.113745749012e-03
25.1	   7.119774272317e-01   1.197742723172e-02
25.2	   7.256751896016e-01   2.567518960162e-02
25.3	   7.344268856484e-01   3.442688564842e-02
25.4	   7.358905685188e-01   3.589056851877e-02
25.5	   7.297151389639e-01   2.971513896391e-02
25.6	   7.177389508014e-01   1.773895080138e-02
25.7	   7.030808377833e-01   3.080837783307e-03
25.8	   6.888427372767e-01  -1.115726272330e-02
25.9	   6.773890483029e-01  -2.261095169707e-02
26	   6.702147757770e-01  -2.978522422299e-02
26.1	   6.680774673368e-01  -3.192253266321e-02
26.2	   6.712591537518e-01  -2.874084624821e-02
26.3	   6.794878462795e-01  -2.051215372052e-02
26.4	   6.919989217577e-01  -8.001078242314e-03
26.5	   7.070476684786e-01   7.047668478587e-03
26.6	   7.218020335687e-01   2.180203356871e-02
26.7	   7.325806966919e-01   3.258069669186e-02
26.8	   7.364977916999e-01   3.649779169992e-02
26.9	   7.324861058412e-01   3.248610584119e-02
27	   7.218222612423e-01   2.182226124233e-02
27.1	   7.074930678525e-01   7.493067852537e-03
27.2	   6.927404940696e-01  -7.259505930422e-03
27.3	   6.802175127469e-01  -1.978248725312e-02
27.4	   6.716718598128e-01  -2.832814018716e-02
27.5	   6.680757807667e-01  -3.192421923330e-02
27.6	   6.696998770723e-01  -3.030012292767e-02
27.7	   6.765111495548e-01  -2.348885044518e-02
27.8	   6.877945393229e-01  -1.220546067712e-02
27.9	   7.021779993589e-01   2.177999358939e-03
28	   7.172386672320e-01   1.723866723204e-02
