                 0.1	(   5.750000000000e+00   3.500000000000e+00  7.000371124438e-01) 
0.2	(   5.750000000000e+00   3.500000000000e+00  7.000834430416e-01) 
0.3	(   5.750000000000e+00   3.500000000000e+00  7.001402116837e-01) 
0.4	(   5.750000000000e+00   3.500000000000e+00  7.002045010557e-01) 
0.5	(   5.750000000000e+00   3.500000000000e+00  7.002570974296e-01) 
0.6	(   5.750000000000e+00   3.500000000000e+00  7.002745540279e-01) 
0.7	(   5.750000000000e+00   3.500000000000e+00  7.002507210138e-01) 
0.8	(   5.750000000000e+00   3.500000000000e+00  7.001992325162e-01) 
0.9	(   5.750000000000e+00   3.500000000000e+00  7.001465792236e-01) 
1	(   5.750000000000e+00   3.500000000000e+00  7.001107266700e-01) 
1.1	(   5.750000000000e+00   3.500000000000e+00  7.000801335741e-01) 
1.2	(   5.750000000000e+00   3.500000000000e+00  7.000112400182e-01) 
1.3	(   5.750000000000e+00   3.500000000000e+00  6.998455682120e-01) 
1.4	(   5.750000000000e+00   3.500000000000e+00  6.995413354965e-01) 
1.5	(   5.750000000000e+00   3.500000000000e+00  6.991011154499e-01) 
1.6	(   5.750000000000e+00   3.500000000000e+00  6.985868990173e-01) 
1.7	(   5.750000000000e+00   3.500000000000e+00  6.981156650158e-01) 
1.8	(   5.750000000000e+00   3.500000000000e+00  6.978456663964e-01) 
1.9	(   5.750000000000e+00   3.500000000000e+00  6.979540317350e-01) 
2	(   5.750000000000e+00   3.500000000000e+00  6.985910796908e-01) 
2.1	(   5.750000000000e+00   3.500000000000e+00  6.997886648010e-01) 
2.2	(   5.750000000000e+00   3.500000000000e+00  7.014192588754e-01) 
2.3	(   5.750000000000e+00   3.500000000000e+00  7.031903544142e-01) 
2.4	(   5.750000000000e+00   3.500000000000e+00  7.046941686580e-01) 
2.5	(   5.750000000000e+00   3.500000000000e+00  7.054936135079e-01) 
2.6	(   5.750000000000e+00   3.500000000000e+00  7.052250682584e-01) 
2.7	(   5.750000000000e+00   3.500000000000e+00  7.037643963750e-01) 
2.8	(   5.750000000000e+00   3.500000000000e+00  7.012845663246e-01) 
2.9	(   5.750000000000e+00   3.500000000000e+00  6.982078265317e-01) 
3	(   5.750000000000e+00   3.500000000000e+00  6.951219236967e-01) 
3.1	(   5.750000000000e+00   3.500000000000e+00  6.926878612075e-01) 
3.2	(   5.750000000000e+00   3.500000000000e+00  6.914973201910e-01) 
3.3	(   5.750000000000e+00   3.500000000000e+00  6.919118115913e-01) 
3.4	(   5.750000000000e+00   3.500000000000e+00  6.940581845667e-01) 
3.5	(   5.750000000000e+00   3.500000000000e+00  6.976957864371e-01) 
3.6	(   5.750000000000e+00   3.500000000000e+00  7.022402750130e-01) 
3.7	(   5.750000000000e+00   3.500000000000e+00  7.068198830203e-01) 
3.8	(   5.750000000000e+00   3.500000000000e+00  7.104518346903e-01) 
3.9	(   5.750000000000e+00   3.500000000000e+00  7.122243966364e-01) 
4	(   5.750000000000e+00   3.500000000000e+00  7.115658931174e-01) 
4.1	(   5.750000000000e+00   3.500000000000e+00  7.084715146197e-01) 
4.2	(   5.750000000000e+00   3.500000000000e+00  7.035237145069e-01) 
4.3	(   5.750000000000e+00   3.500000000000e+00  6.977048054341e-01) 
4.4	(   5.750000000000e+00   3.500000000000e+00  6.921310629965e-01) 
4.5	(   5.750000000000e+00   3.500000000000e+00  6.878621142717e-01) 
4.6	(   5.750000000000e+00   3.500000000000e+00  6.856561270119e-01) 
4.7	(   5.750000000000e+00   3.500000000000e+00  6.859895484988e-01) 
4.8	(   5.750000000000e+00   3.500000000000e+00  6.890037518010e-01) 
4.9	(   5.750000000000e+00   3.500000000000e+00  6.943613877900e-01) 
5	(   5.750000000000e+00   3.500000000000e+00  7.012936239068e-01) 
5.1	(   5.750000000000e+00   3.500000000000e+00  7.085682131683e-01) 
5.2	(   5.750000000000e+00   3.500000000000e+00  7.147374549184e-01) 
5.3	(   5.750000000000e+00   3.500000000000e+00  7.182154782229e-01) 
5.4	(   5.750000000000e+00   3.500000000000e+00  7.180040086971e-01) 
5.5	(   5.750000000000e+00   3.500000000000e+00  7.140114177707e-01) 
5.6	(   5.750000000000e+00   3.500000000000e+00  7.071749183813e-01) 
5.7	(   5.750000000000e+00   3.500000000000e+00  6.989736228845e-01) 
5.8	(   5.750000000000e+00   3.500000000000e+00  6.910180763853e-01) 
5.9	(   5.750000000000e+00   3.500000000000e+00  6.847171143585e-01) 
6	(   5.750000000000e+00   3.500000000000e+00  6.810514717384e-01) 
6.1	(   5.750000000000e+00   3.500000000000e+00  6.806226911053e-01) 
6.2	(   5.750000000000e+00   3.500000000000e+00  6.836312947508e-01) 
6.3	(   5.750000000000e+00   3.500000000000e+00  6.898712692086e-01) 
6.4	(   5.750000000000e+00   3.500000000000e+00  6.985772540155e-01) 
6.5	(   5.750000000000e+00   3.500000000000e+00  7.083868144196e-01) 
6.6	(   5.750000000000e+00   3.500000000000e+00  7.174613766241e-01) 
6.7	(   5.750000000000e+00   3.500000000000e+00  7.235274613805e-01) 
6.8	(   5.750000000000e+00   3.500000000000e+00  7.248998559374e-01) 
6.9	(   5.750000000000e+00   3.500000000000e+00  7.210609757412e-01) 
7	(   5.750000000000e+00   3.500000000000e+00  7.129301241859e-01) 
7.1	(   5.750000000000e+00   3.500000000000e+00  7.024377970025e-01) 
7.2	(   5.750000000000e+00   3.500000000000e+00  6.917631768113e-01) 
7.3	(   5.750000000000e+00   3.500000000000e+00  6.828196859795e-01) 
7.4	(   5.750000000000e+00   3.500000000000e+00  6.769743115184e-01) 
7.5	(   5.750000000000e+00   3.500000000000e+00  6.750786505561e-01) 
7.6	(   5.750000000000e+00   3.500000000000e+00  6.775207257572e-01) 
7.7	(   5.750000000000e+00   3.500000000000e+00  6.842415704779e-01) 
7.8	(   5.750000000000e+00   3.500000000000e+00  6.946192120404e-01) 
7.9	(   5.750000000000e+00   3.500000000000e+00  7.071663259567e-01) 
8	(   5.750000000000e+00   3.500000000000e+00  7.196503023722e-01) 
8.1	(   5.750000000000e+00   3.500000000000e+00  7.289660769701e-01) 
8.2	(   5.750000000000e+00   3.500000000000e+00  7.324070225556e-01) 
8.3	(   5.750000000000e+00   3.500000000000e+00  7.287999009311e-01) 
8.4	(   5.750000000000e+00   3.500000000000e+00  7.191075486274e-01) 
8.5	(   5.750000000000e+00   3.500000000000e+00  7.059535120155e-01) 
8.6	(   5.750000000000e+00   3.500000000000e+00  6.923066910542e-01) 
8.7	(   5.750000000000e+00   3.500000000000e+00  6.806525602387e-01) 
8.8	(   5.750000000000e+00   3.500000000000e+00  6.726754378740e-01) 
8.9	(   5.750000000000e+00   3.500000000000e+00  6.693727728621e-01) 
9	(   5.750000000000e+00   3.500000000000e+00  6.711246691793e-01) 
9.1	(   5.750000000000e+00   3.500000000000e+00  6.778971456311e-01) 
9.2	(   5.750000000000e+00   3.500000000000e+00  6.890658199228e-01) 
9.3	(   5.750000000000e+00   3.500000000000e+00  7.033309050884e-01) 
9.4	(   5.750000000000e+00   3.500000000000e+00  7.183100719222e-01) 
9.5	(   5.750000000000e+00   3.500000000000e+00  7.305450332617e-01) 
9.6	(   5.750000000000e+00   3.500000000000e+00  7.365400117859e-01) 
9.7	(   5.750000000000e+00   3.500000000000e+00  7.343692565071e-01) 
9.8	(   5.750000000000e+00   3.500000000000e+00  7.247753119926e-01) 
9.9	(   5.750000000000e+00   3.500000000000e+00  7.107207897034e-01) 
10	(   5.750000000000e+00   3.500000000000e+00  6.956870711767e-01) 
10.1	(   5.750000000000e+00   3.500000000000e+00  6.825490887449e-01) 
10.2	(   5.750000000000e+00   3.500000000000e+00  6.731643262468e-01) 
10.3	(   5.750000000000e+00   3.500000000000e+00  6.685592265804e-01) 
10.4	(   5.750000000000e+00   3.500000000000e+00  6.691396120592e-01) 
10.5	(   5.750000000000e+00   3.500000000000e+00  6.749230415337e-01) 
10.6	(   5.750000000000e+00   3.500000000000e+00  6.853543812990e-01) 
10.7	(   5.750000000000e+00   3.500000000000e+00  6.993113096222e-01) 
10.8	(   5.750000000000e+00   3.500000000000e+00  7.145465851991e-01) 
10.9	(   5.750000000000e+00   3.500000000000e+00  7.278247724848e-01) 
11	(   5.750000000000e+00   3.500000000000e+00  7.355462617972e-01) 
11.1	(   5.750000000000e+00   3.500000000000e+00  7.354646362132e-01) 
11.2	(   5.750000000000e+00   3.500000000000e+00  7.276967201010e-01) 
11.3	(   5.750000000000e+00   3.500000000000e+00  7.147164563866e-01) 
11.4	(   5.750000000000e+00   3.500000000000e+00  6.998988613463e-01) 
11.5	(   5.750000000000e+00   3.500000000000e+00  6.862465688123e-01) 
11.6	(   5.750000000000e+00   3.500000000000e+00  6.758210122166e-01) 
11.7	(   5.750000000000e+00   3.500000000000e+00  6.698633835395e-01) 
11.8	(   5.750000000000e+00   3.500000000000e+00  6.688755150820e-01) 
11.9	(   5.750000000000e+00   3.500000000000e+00  6.729448711398e-01) 
12	(   5.750000000000e+00   3.500000000000e+00  6.817284412378e-01) 
12.1	(   5.750000000000e+00   3.500000000000e+00  6.944176233831e-01) 
12.2	(   5.750000000000e+00   3.500000000000e+00  7.091929188736e-01) 
12.3	(   5.750000000000e+00   3.500000000000e+00  7.233042598669e-01) 
12.4	(   5.750000000000e+00   3.500000000000e+00  7.331476508935e-01) 
12.5	(   5.750000000000e+00   3.500000000000e+00  7.359564410839e-01) 
12.6	(   5.750000000000e+00   3.500000000000e+00  7.308332359346e-01) 
12.7	(   5.750000000000e+00   3.500000000000e+00  7.194599654146e-01) 
12.8	(   5.750000000000e+00   3.500000000000e+00  7.050311205150e-01) 
12.9	(   5.750000000000e+00   3.500000000000e+00  6.907353637434e-01) 
13	(   5.750000000000e+00   3.500000000000e+00  6.789967312604e-01) 
13.1	(   5.750000000000e+00   3.500000000000e+00  6.713357542999e-01) 
13.2	(   5.750000000000e+00   3.500000000000e+00  6.685462636796e-01) 
13.3	(   5.750000000000e+00   3.500000000000e+00  6.709215767691e-01) 
13.4	(   5.750000000000e+00   3.500000000000e+00  6.783420866840e-01) 
13.5	(   5.750000000000e+00   3.500000000000e+00  6.901286626731e-01) 
13.6	(   5.750000000000e+00   3.500000000000e+00  7.047344195168e-01) 
13.7	(   5.750000000000e+00   3.500000000000e+00  7.196081716207e-01) 
13.8	(   5.750000000000e+00   3.500000000000e+00  7.311832872756e-01) 
13.9	(   5.750000000000e+00   3.500000000000e+00  7.362794349966e-01) 
14	(   5.750000000000e+00   3.500000000000e+00  7.333857312499e-01) 
14.1	(   5.750000000000e+00   3.500000000000e+00  7.234874984855e-01) 
14.2	(   5.750000000000e+00   3.500000000000e+00  7.095147704956e-01) 
14.3	(   5.750000000000e+00   3.500000000000e+00  6.947888258207e-01) 
14.4	(   5.750000000000e+00   3.500000000000e+00  6.820437647040e-01) 
14.5	(   5.750000000000e+00   3.500000000000e+00  6.730574393526e-01) 
14.6	(   5.750000000000e+00   3.500000000000e+00  6.688435039993e-01) 
14.7	(   5.750000000000e+00   3.500000000000e+00  6.697823228161e-01) 
14.8	(   5.750000000000e+00   3.500000000000e+00  6.757719347663e-01) 
14.9	(   5.750000000000e+00   3.500000000000e+00  6.862823051690e-01) 
15	(   5.750000000000e+00   3.500000000000e+00  7.001239679811e-01) 
15.1	(   5.750000000000e+00   3.500000000000e+00  7.150764508240e-01) 
15.2	(   5.750000000000e+00   3.500000000000e+00  7.279252748139e-01) 
15.3	(   5.750000000000e+00   3.500000000000e+00  7.351921314706e-01) 
15.4	(   5.750000000000e+00   3.500000000000e+00  7.347530799808e-01) 
15.5	(   5.750000000000e+00   3.500000000000e+00  7.267727046672e-01) 
15.6	(   5.750000000000e+00   3.500000000000e+00  7.137822806026e-01) 
15.7	(   5.750000000000e+00   3.500000000000e+00  6.990811460582e-01) 
15.8	(   5.750000000000e+00   3.500000000000e+00  6.856194486851e-01) 
15.9	(   5.750000000000e+00   3.500000000000e+00  6.754108452958e-01) 
16	(   5.750000000000e+00   3.500000000000e+00  6.696764158578e-01) 
16.1	(   5.750000000000e+00   3.500000000000e+00  6.689148197990e-01) 
16.2	(   5.750000000000e+00   3.500000000000e+00  6.733001866994e-01) 
16.3	(   5.750000000000e+00   3.500000000000e+00  6.825286732012e-01) 
16.4	(   5.750000000000e+00   3.500000000000e+00  6.955670370854e-01) 
16.5	(   5.750000000000e+00   3.500000000000e+00  7.104988550124e-01) 
16.6	(   5.750000000000e+00   3.500000000000e+00  7.244241363201e-01) 
16.7	(   5.750000000000e+00   3.500000000000e+00  7.336788523974e-01) 
16.8	(   5.750000000000e+00   3.500000000000e+00  7.357127842354e-01) 
16.9	(   5.750000000000e+00   3.500000000000e+00  7.299861009513e-01) 
17	(   5.750000000000e+00   3.500000000000e+00  7.183428968883e-01) 
17.1	(   5.750000000000e+00   3.500000000000e+00  7.039305258864e-01) 
17.2	(   5.750000000000e+00   3.500000000000e+00  6.898484661332e-01) 
17.3	(   5.750000000000e+00   3.500000000000e+00  6.784394360205e-01) 
17.4	(   5.750000000000e+00   3.500000000000e+00  6.711589347286e-01) 
17.5	(   5.750000000000e+00   3.500000000000e+00  6.687477237040e-01) 
17.6	(   5.750000000000e+00   3.500000000000e+00  6.714435033865e-01) 
17.7	(   5.750000000000e+00   3.500000000000e+00  6.791066777271e-01) 
17.8	(   5.750000000000e+00   3.500000000000e+00  6.910025489655e-01) 
17.9	(   5.750000000000e+00   3.500000000000e+00  7.055148470219e-01) 
18	(   5.750000000000e+00   3.500000000000e+00  7.201075073417e-01) 
18.1	(   5.750000000000e+00   3.500000000000e+00  7.312893229742e-01) 
18.2	(   5.750000000000e+00   3.500000000000e+00  7.359914374427e-01) 
18.3	(   5.750000000000e+00   3.500000000000e+00  7.328866905174e-01) 
18.4	(   5.750000000000e+00   3.500000000000e+00  7.229656104659e-01) 
18.5	(   5.750000000000e+00   3.500000000000e+00  7.090777294668e-01) 
18.6	(   5.750000000000e+00   3.500000000000e+00  6.944505518896e-01) 
18.7	(   5.750000000000e+00   3.500000000000e+00  6.817755007969e-01) 
18.8	(   5.750000000000e+00   3.500000000000e+00  6.728422555982e-01) 
18.9	(   5.750000000000e+00   3.500000000000e+00  6.686440369663e-01) 
19	(   5.750000000000e+00   3.500000000000e+00  6.695832468243e-01) 
19.1	(   5.750000000000e+00   3.500000000000e+00  6.757069249377e-01) 
19.2	(   5.750000000000e+00   3.500000000000e+00  6.864450872517e-01) 
19.3	(   5.750000000000e+00   3.500000000000e+00  7.005092230024e-01) 
19.4	(   5.750000000000e+00   3.500000000000e+00  7.156123551758e-01) 
19.5	(   5.750000000000e+00   3.500000000000e+00  7.284447751824e-01) 
19.6	(   5.750000000000e+00   3.500000000000e+00  7.355638618889e-01) 
19.7	(   5.750000000000e+00   3.500000000000e+00  7.349214271204e-01) 
19.8	(   5.750000000000e+00   3.500000000000e+00  7.268189481545e-01) 
19.9	(   5.750000000000e+00   3.500000000000e+00  7.137118667813e-01) 
20	(   5.750000000000e+00   3.500000000000e+00  6.988690287179e-01) 
20.1	(   5.750000000000e+00   3.500000000000e+00  6.852691465653e-01) 
20.2	(   5.750000000000e+00   3.500000000000e+00  6.749934513958e-01) 
20.3	(   5.750000000000e+00   3.500000000000e+00  6.693048183176e-01) 
20.4	(   5.750000000000e+00   3.500000000000e+00  6.687520561727e-01) 
20.5	(   5.750000000000e+00   3.500000000000e+00  6.734599587913e-01) 
20.6	(   5.750000000000e+00   3.500000000000e+00  6.829383269785e-01) 
20.7	(   5.750000000000e+00   3.500000000000e+00  6.961783757033e-01) 
20.8	(   5.750000000000e+00   3.500000000000e+00  7.111877230645e-01) 
20.9	(   5.750000000000e+00   3.500000000000e+00  7.250058226845e-01) 
21	(   5.750000000000e+00   3.500000000000e+00  7.340227370790e-01) 
21.1	(   5.750000000000e+00   3.500000000000e+00  7.357207311020e-01) 
21.2	(   5.750000000000e+00   3.500000000000e+00  7.296510027814e-01) 
21.3	(   5.750000000000e+00   3.500000000000e+00  7.177443748224e-01) 
21.4	(   5.750000000000e+00   3.500000000000e+00  7.031692215648e-01) 
21.5	(   5.750000000000e+00   3.500000000000e+00  6.890403568399e-01) 
21.6	(   5.750000000000e+00   3.500000000000e+00  6.776887285809e-01) 
21.7	(   5.750000000000e+00   3.500000000000e+00  6.705755663744e-01) 
21.8	(   5.750000000000e+00   3.500000000000e+00  6.684237811280e-01) 
21.9	(   5.750000000000e+00   3.500000000000e+00  6.714579898503e-01) 
22	(   5.750000000000e+00   3.500000000000e+00  6.793982603541e-01) 
22.1	(   5.750000000000e+00   3.500000000000e+00  6.914827333595e-01) 
22.2	(   5.750000000000e+00   3.500000000000e+00  7.061481583024e-01) 
22.3	(   5.750000000000e+00   3.500000000000e+00  7.207335925075e-01) 
22.4	(   5.750000000000e+00   3.500000000000e+00  7.316067290726e-01) 
22.5	(   5.750000000000e+00   3.500000000000e+00  7.358393889199e-01) 
22.6	(   5.750000000000e+00   3.500000000000e+00  7.323050703500e-01) 
22.7	(   5.750000000000e+00   3.500000000000e+00  7.221364303828e-01) 
22.8	(   5.750000000000e+00   3.500000000000e+00  7.081813583977e-01) 
22.9	(   5.750000000000e+00   3.500000000000e+00  6.936435157727e-01) 
23	(   5.750000000000e+00   3.500000000000e+00  6.811614296824e-01) 
23.1	(   5.750000000000e+00   3.500000000000e+00  6.724844517928e-01) 
23.2	(   5.750000000000e+00   3.500000000000e+00  6.686415926988e-01) 
23.3	(   5.750000000000e+00   3.500000000000e+00  6.700443060773e-01) 
23.4	(   5.750000000000e+00   3.500000000000e+00  6.765561429786e-01) 
23.5	(   5.750000000000e+00   3.500000000000e+00  6.875185730144e-01) 
23.6	(   5.750000000000e+00   3.500000000000e+00  7.016350169489e-01) 
23.7	(   5.750000000000e+00   3.500000000000e+00  7.165671087600e-01) 
23.8	(   5.750000000000e+00   3.500000000000e+00  7.289354450484e-01) 
23.9	(   5.750000000000e+00   3.500000000000e+00  7.354638745301e-01) 
24	(   5.750000000000e+00   3.500000000000e+00  7.343729768662e-01) 
24.1	(   5.750000000000e+00   3.500000000000e+00  7.260918921809e-01) 
24.2	(   5.750000000000e+00   3.500000000000e+00  7.129993173733e-01) 
24.3	(   5.750000000000e+00   3.500000000000e+00  6.982868682552e-01) 
24.4	(   5.750000000000e+00   3.500000000000e+00  6.848603282210e-01) 
24.5	(   5.750000000000e+00   3.500000000000e+00  6.747539642144e-01) 
24.6	(   5.750000000000e+00   3.500000000000e+00  6.692365462511e-01) 
24.7	(   5.750000000000e+00   3.500000000000e+00  6.688793982349e-01) 
24.8	(   5.750000000000e+00   3.500000000000e+00  6.737659472611e-01) 
24.9	(   5.750000000000e+00   3.500000000000e+00  6.834436707247e-01) 
25	(   5.750000000000e+00   3.500000000000e+00  6.968862542510e-01) 
25.1	(   5.750000000000e+00   3.500000000000e+00  7.119774272317e-01) 
25.2	(   5.750000000000e+00   3.500000000000e+00  7.256751896016e-01) 
25.3	(   5.750000000000e+00   3.500000000000e+00  7.344268856484e-01) 
25.4	(   5.750000000000e+00   3.500000000000e+00  7.358905685188e-01) 
25.5	(   5.750000000000e+00   3.500000000000e+00  7.297151389639e-01) 
25.6	(   5.750000000000e+00   3.500000000000e+00  7.177389508014e-01) 
25.7	(   5.750000000000e+00   3.500000000000e+00  7.030808377833e-01) 
25.8	(   5.750000000000e+00   3.500000000000e+00  6.888427372767e-01) 
25.9	(   5.750000000000e+00   3.500000000000e+00  6.773890483029e-01) 
26	(   5.750000000000e+00   3.500000000000e+00  6.702147757770e-01) 
26.1	(   5.750000000000e+00   3.500000000000e+00  6.680774673368e-01) 
26.2	(   5.750000000000e+00   3.500000000000e+00  6.712591537518e-01) 
26.3	(   5.750000000000e+00   3.500000000000e+00  6.794878462795e-01) 
26.4	(   5.750000000000e+00   3.500000000000e+00  6.919989217577e-01) 
26.5	(   5.750000000000e+00   3.500000000000e+00  7.070476684786e-01) 
26.6	(   5.750000000000e+00   3.500000000000e+00  7.218020335687e-01) 
26.7	(   5.750000000000e+00   3.500000000000e+00  7.325806966919e-01) 
26.8	(   5.750000000000e+00   3.500000000000e+00  7.364977916999e-01) 
26.9	(   5.750000000000e+00   3.500000000000e+00  7.324861058412e-01) 
27	(   5.750000000000e+00   3.500000000000e+00  7.218222612423e-01) 
27.1	(   5.750000000000e+00   3.500000000000e+00  7.074930678525e-01) 
27.2	(   5.750000000000e+00   3.500000000000e+00  6.927404940696e-01) 
27.3	(   5.750000000000e+00   3.500000000000e+00  6.802175127469e-01) 
27.4	(   5.750000000000e+00   3.500000000000e+00  6.716718598128e-01) 
27.5	(   5.750000000000e+00   3.500000000000e+00  6.680757807667e-01) 
27.6	(   5.750000000000e+00   3.500000000000e+00  6.696998770723e-01) 
27.7	(   5.750000000000e+00   3.500000000000e+00  6.765111495548e-01) 
27.8	(   5.750000000000e+00   3.500000000000e+00  6.877945393229e-01) 
27.9	(   5.750000000000e+00   3.500000000000e+00  7.021779993589e-01) 
28	(   5.750000000000e+00   3.500000000000e+00  7.172386672320e-01) 
