/*--------------------------------*- C++ -*----------------------------------*\
| =========                 |                                                 |
| \\      /  F ield         | OpenFOAM: The Open Source CFD Toolbox           |
|  \\    /   O peration     | Version:  2312                                  |
|   \\  /    A nd           | Website:  www.openfoam.com                      |
|    \\/     M anipulation  |                                                 |
\*---------------------------------------------------------------------------*/
FoamFile
{
    version     2.0;
    format      ascii;
    arch        "LSB;label=32;scalar=64";
    class       volTensorField;
    location    "2";
    object      Lambda;
}
// * * * * * * * * * * * * * * * * * * * * * * * * * * * * * * * * * * * * * //

dimensions      [0 0 0 0 0 0 0];

internalField   nonuniform List<tensor> 
60
(
(1 -5.42928e-16 -5.42928e-16 5.42928e-16 1 3.05499e-28 5.42928e-16 -3.05403e-28 1)
(1 -5.40953e-16 -5.40953e-16 5.40953e-16 1 3.05499e-28 5.40953e-16 -3.05404e-28 1)
(1 -5.37295e-16 -5.37295e-16 5.37295e-16 1 3.055e-28 5.37295e-16 -3.05406e-28 1)
(1 -5.32196e-16 -5.32196e-16 5.32196e-16 1 3.05501e-28 5.32196e-16 -3.05409e-28 1)
(1 -5.25858e-16 -5.25858e-16 5.25858e-16 1 3.05502e-28 5.25858e-16 -3.05414e-28 1)
(1 -5.18452e-16 -5.18452e-16 5.18452e-16 1 3.05502e-28 5.18452e-16 -3.05421e-28 1)
(1 -5.10129e-16 -5.10129e-16 5.10129e-16 1 3.05502e-28 5.10129e-16 -3.05429e-28 1)
(1 -5.01015e-16 -5.01015e-16 5.01015e-16 1 3.05503e-28 5.01015e-16 -3.05437e-28 1)
(1 -4.91226e-16 -4.91226e-16 4.91226e-16 1 3.05508e-28 4.91226e-16 -3.05443e-28 1)
(1 -4.80866e-16 -4.80866e-16 4.80866e-16 1 3.05517e-28 4.80866e-16 -3.05447e-28 1)
(1 -4.70027e-16 -4.70027e-16 4.70027e-16 1 3.0553e-28 4.70027e-16 -3.05447e-28 1)
(1 -4.58796e-16 -4.58796e-16 4.58796e-16 1 3.05547e-28 4.58796e-16 -3.05445e-28 1)
(1 -4.47254e-16 -4.47254e-16 4.47254e-16 1 3.05566e-28 4.47254e-16 -3.05442e-28 1)
(1 -4.35475e-16 -4.35475e-16 4.35475e-16 1 3.05586e-28 4.35475e-16 -3.05439e-28 1)
(1 -4.23529e-16 -4.23529e-16 4.23529e-16 1 3.05605e-28 4.23529e-16 -3.05437e-28 1)
(1 -4.11482e-16 -4.11482e-16 4.11482e-16 1 3.05625e-28 4.11482e-16 -3.05437e-28 1)
(1 -3.99396e-16 -3.99396e-16 3.99396e-16 1 3.05643e-28 3.99396e-16 -3.05438e-28 1)
(1 -3.8733e-16 -3.8733e-16 3.8733e-16 1 3.05661e-28 3.8733e-16 -3.05441e-28 1)
(1 -3.75339e-16 -3.75339e-16 3.75339e-16 1 3.05679e-28 3.75339e-16 -3.05445e-28 1)
(1 -3.63473e-16 -3.63473e-16 3.63473e-16 1 3.05697e-28 3.63473e-16 -3.0545e-28 1)
(1 -3.5178e-16 -3.5178e-16 3.5178e-16 1 3.05715e-28 3.5178e-16 -3.05456e-28 1)
(1 -3.40304e-16 -3.40304e-16 3.40304e-16 1 3.05734e-28 3.40304e-16 -3.05461e-28 1)
(1 -3.29085e-16 -3.29085e-16 3.29085e-16 1 3.05753e-28 3.29085e-16 -3.05467e-28 1)
(1 -3.1816e-16 -3.1816e-16 3.1816e-16 1 3.05772e-28 3.1816e-16 -3.05474e-28 1)
(1 -3.07561e-16 -3.07561e-16 3.07561e-16 1 3.05791e-28 3.07561e-16 -3.0548e-28 1)
(1 -2.97318e-16 -2.97318e-16 2.97318e-16 1 3.05811e-28 2.97318e-16 -3.05488e-28 1)
(1 -2.87456e-16 -2.87456e-16 2.87456e-16 1 3.05831e-28 2.87456e-16 -3.05495e-28 1)
(1 -2.77996e-16 -2.77996e-16 2.77996e-16 1 3.05851e-28 2.77996e-16 -3.05502e-28 1)
(1 -2.68954e-16 -2.68954e-16 2.68954e-16 1 3.05871e-28 2.68954e-16 -3.0551e-28 1)
(1 -2.60345e-16 -2.60345e-16 2.60345e-16 1 3.05891e-28 2.60345e-16 -3.05517e-28 1)
(1 -2.5218e-16 -2.5218e-16 2.5218e-16 1 3.05912e-28 2.5218e-16 -3.05525e-28 1)
(1 -2.44464e-16 -2.44464e-16 2.44464e-16 1 3.05933e-28 2.44464e-16 -3.05532e-28 1)
(1 -2.37203e-16 -2.37203e-16 2.37203e-16 1 3.05955e-28 2.37203e-16 -3.05538e-28 1)
(1 -2.30396e-16 -2.30396e-16 2.30396e-16 1 3.05977e-28 2.30396e-16 -3.05545e-28 1)
(1 -2.24039e-16 -2.24039e-16 2.24039e-16 1 3.05999e-28 2.24039e-16 -3.0555e-28 1)
(1 -2.18126e-16 -2.18126e-16 2.18126e-16 1 3.06022e-28 2.18126e-16 -3.05555e-28 1)
(1 -2.12651e-16 -2.12651e-16 2.12651e-16 1 3.06045e-28 2.12651e-16 -3.0556e-28 1)
(1 -2.07601e-16 -2.07601e-16 2.07601e-16 1 3.06069e-28 2.07601e-16 -3.05564e-28 1)
(1 -2.02966e-16 -2.02966e-16 2.02966e-16 1 3.06093e-28 2.02966e-16 -3.05567e-28 1)
(1 -1.98728e-16 -1.98728e-16 1.98728e-16 1 3.06117e-28 1.98728e-16 -3.0557e-28 1)
(1 -1.94872e-16 -1.94872e-16 1.94872e-16 1 3.06141e-28 1.94872e-16 -3.05572e-28 1)
(1 -1.91379e-16 -1.91379e-16 1.91379e-16 1 3.06165e-28 1.91379e-16 -3.05573e-28 1)
(1 -1.88232e-16 -1.88232e-16 1.88232e-16 1 3.06189e-28 1.88232e-16 -3.05574e-28 1)
(1 -1.85411e-16 -1.85411e-16 1.85411e-16 1 3.06214e-28 1.85411e-16 -3.05574e-28 1)
(1 -1.82894e-16 -1.82894e-16 1.82894e-16 1 3.0624e-28 1.82894e-16 -3.05572e-28 1)
(1 -1.80662e-16 -1.80662e-16 1.80662e-16 1 3.06268e-28 1.80662e-16 -3.05566e-28 1)
(1 -1.78692e-16 -1.78692e-16 1.78692e-16 1 3.06302e-28 1.78692e-16 -3.05555e-28 1)
(1 -1.76966e-16 -1.76966e-16 1.76966e-16 1 3.06348e-28 1.76966e-16 -3.05531e-28 1)
(1 -1.75462e-16 -1.75462e-16 1.75462e-16 1 3.06424e-28 1.75462e-16 -3.05475e-28 1)
(1 -1.74161e-16 -1.74161e-16 1.74161e-16 1 3.06591e-28 1.74161e-16 -3.05328e-28 1)
(1 -1.73044e-16 -1.73044e-16 1.73044e-16 1 3.0705e-28 1.73044e-16 -3.04887e-28 1)
(1 -1.72093e-16 -1.72093e-16 1.72093e-16 1 3.08463e-28 1.72093e-16 -3.03491e-28 1)
(1 -1.71293e-16 -1.71293e-16 1.71293e-16 1 3.12929e-28 1.71293e-16 -2.99042e-28 1)
(1 -1.70627e-16 -1.70627e-16 1.70627e-16 1 3.26812e-28 1.70627e-16 -2.85174e-28 1)
(1 -1.70082e-16 -1.70082e-16 1.70082e-16 1 3.68499e-28 1.70082e-16 -2.43502e-28 1)
(1 -1.69647e-16 -1.69647e-16 1.69647e-16 1 4.88442e-28 1.69647e-16 -1.23571e-28 1)
(1 -1.69311e-16 -1.69311e-16 1.69311e-16 1 8.17585e-28 1.69311e-16 2.05559e-28 1)
(1 -1.69067e-16 -1.69067e-16 1.69067e-16 1 1.67584e-27 1.69067e-16 1.06381e-27 1)
(1 -1.68907e-16 -1.68907e-16 1.68907e-16 1 3.79212e-27 1.68907e-16 3.18008e-27 1)
(1 -1.68829e-16 -1.68829e-16 1.68829e-16 1 8.68915e-27 1.68829e-16 8.07711e-27 1)
)
;

boundaryField
{
    left
    {
        type            calculated;
        value           uniform (1 -5.42928e-16 -5.42928e-16 5.42928e-16 1 3.05499e-28 5.42928e-16 -3.05403e-28 1);
    }
    right
    {
        type            calculated;
        value           uniform (1 -1.68829e-16 -1.68829e-16 1.68829e-16 1 8.68915e-27 1.68829e-16 8.07711e-27 1);
    }
    beam
    {
        type            empty;
    }
}


// ************************************************************************* //
