/*--------------------------------*- C++ -*----------------------------------*\
| =========                 |                                                 |
| \\      /  F ield         | OpenFOAM: The Open Source CFD Toolbox           |
|  \\    /   O peration     | Version:  2312                                  |
|   \\  /    A nd           | Website:  www.openfoam.com                      |
|    \\/     M anipulation  |                                                 |
\*---------------------------------------------------------------------------*/
FoamFile
{
    version     2.0;
    format      ascii;
    arch        "LSB;label=32;scalar=64";
    class       surfaceTensorField;
    location    "2";
    object      Lambdaf;
}
// * * * * * * * * * * * * * * * * * * * * * * * * * * * * * * * * * * * * * //

dimensions      [0 0 0 0 0 0 0];

internalField   nonuniform List<tensor> 
59
(
(1 -5.4194e-16 -5.4194e-16 5.4194e-16 1 3.05498e-28 5.4194e-16 -3.05404e-28 1)
(1 -5.39124e-16 -5.39124e-16 5.39124e-16 1 3.05499e-28 5.39124e-16 -3.05405e-28 1)
(1 -5.34745e-16 -5.34745e-16 5.34745e-16 1 3.055e-28 5.34745e-16 -3.05408e-28 1)
(1 -5.29027e-16 -5.29027e-16 5.29027e-16 1 3.05501e-28 5.29027e-16 -3.05412e-28 1)
(1 -5.22155e-16 -5.22155e-16 5.22155e-16 1 3.05501e-28 5.22155e-16 -3.05418e-28 1)
(1 -5.14291e-16 -5.14291e-16 5.14291e-16 1 3.055e-28 5.14291e-16 -3.05426e-28 1)
(1 -5.05572e-16 -5.05572e-16 5.05572e-16 1 3.05501e-28 5.05572e-16 -3.05435e-28 1)
(1 -4.9612e-16 -4.9612e-16 4.9612e-16 1 3.05504e-28 4.9612e-16 -3.05442e-28 1)
(1 -4.86046e-16 -4.86046e-16 4.86046e-16 1 3.05511e-28 4.86046e-16 -3.05447e-28 1)
(1 -4.75446e-16 -4.75446e-16 4.75446e-16 1 3.05522e-28 4.75446e-16 -3.05448e-28 1)
(1 -4.64412e-16 -4.64412e-16 4.64412e-16 1 3.05537e-28 4.64412e-16 -3.05448e-28 1)
(1 -4.53025e-16 -4.53025e-16 4.53025e-16 1 3.05554e-28 4.53025e-16 -3.05445e-28 1)
(1 -4.41365e-16 -4.41365e-16 4.41365e-16 1 3.05574e-28 4.41365e-16 -3.05442e-28 1)
(1 -4.29502e-16 -4.29502e-16 4.29502e-16 1 3.05594e-28 4.29502e-16 -3.05439e-28 1)
(1 -4.17505e-16 -4.17505e-16 4.17505e-16 1 3.05613e-28 4.17505e-16 -3.05438e-28 1)
(1 -4.05439e-16 -4.05439e-16 4.05439e-16 1 3.05632e-28 4.05439e-16 -3.05439e-28 1)
(1 -3.93363e-16 -3.93363e-16 3.93363e-16 1 3.0565e-28 3.93363e-16 -3.05441e-28 1)
(1 -3.81334e-16 -3.81334e-16 3.81334e-16 1 3.05668e-28 3.81334e-16 -3.05445e-28 1)
(1 -3.69406e-16 -3.69406e-16 3.69406e-16 1 3.05686e-28 3.69406e-16 -3.0545e-28 1)
(1 -3.57626e-16 -3.57626e-16 3.57626e-16 1 3.05704e-28 3.57626e-16 -3.05455e-28 1)
(1 -3.46042e-16 -3.46042e-16 3.46042e-16 1 3.05722e-28 3.46042e-16 -3.05461e-28 1)
(1 -3.34694e-16 -3.34694e-16 3.34694e-16 1 3.05741e-28 3.34694e-16 -3.05466e-28 1)
(1 -3.23623e-16 -3.23623e-16 3.23623e-16 1 3.0576e-28 3.23623e-16 -3.05473e-28 1)
(1 -3.12861e-16 -3.12861e-16 3.12861e-16 1 3.05779e-28 3.12861e-16 -3.05479e-28 1)
(1 -3.0244e-16 -3.0244e-16 3.0244e-16 1 3.05799e-28 3.0244e-16 -3.05486e-28 1)
(1 -2.92386e-16 -2.92386e-16 2.92386e-16 1 3.05818e-28 2.92386e-16 -3.05494e-28 1)
(1 -2.82726e-16 -2.82726e-16 2.82726e-16 1 3.05838e-28 2.82726e-16 -3.05501e-28 1)
(1 -2.73475e-16 -2.73475e-16 2.73475e-16 1 3.05858e-28 2.73475e-16 -3.05509e-28 1)
(1 -2.64649e-16 -2.64649e-16 2.64649e-16 1 3.05878e-28 2.64649e-16 -3.05516e-28 1)
(1 -2.56262e-16 -2.56262e-16 2.56262e-16 1 3.05899e-28 2.56262e-16 -3.05524e-28 1)
(1 -2.48322e-16 -2.48322e-16 2.48322e-16 1 3.0592e-28 2.48322e-16 -3.05531e-28 1)
(1 -2.40834e-16 -2.40834e-16 2.40834e-16 1 3.05941e-28 2.40834e-16 -3.05538e-28 1)
(1 -2.338e-16 -2.338e-16 2.338e-16 1 3.05963e-28 2.338e-16 -3.05545e-28 1)
(1 -2.27217e-16 -2.27217e-16 2.27217e-16 1 3.05984e-28 2.27217e-16 -3.05551e-28 1)
(1 -2.21083e-16 -2.21083e-16 2.21083e-16 1 3.06007e-28 2.21083e-16 -3.05557e-28 1)
(1 -2.15389e-16 -2.15389e-16 2.15389e-16 1 3.0603e-28 2.15389e-16 -3.05562e-28 1)
(1 -2.10126e-16 -2.10126e-16 2.10126e-16 1 3.06053e-28 2.10126e-16 -3.05566e-28 1)
(1 -2.05283e-16 -2.05283e-16 2.05283e-16 1 3.06076e-28 2.05283e-16 -3.0557e-28 1)
(1 -2.00847e-16 -2.00847e-16 2.00847e-16 1 3.061e-28 2.00847e-16 -3.05573e-28 1)
(1 -1.968e-16 -1.968e-16 1.968e-16 1 3.06124e-28 1.968e-16 -3.05576e-28 1)
(1 -1.93126e-16 -1.93126e-16 1.93126e-16 1 3.06147e-28 1.93126e-16 -3.05578e-28 1)
(1 -1.89806e-16 -1.89806e-16 1.89806e-16 1 3.06171e-28 1.89806e-16 -3.0558e-28 1)
(1 -1.86822e-16 -1.86822e-16 1.86822e-16 1 3.06195e-28 1.86822e-16 -3.05581e-28 1)
(1 -1.84152e-16 -1.84152e-16 1.84152e-16 1 3.0622e-28 1.84152e-16 -3.0558e-28 1)
(1 -1.81778e-16 -1.81778e-16 1.81778e-16 1 3.06246e-28 1.81778e-16 -3.05577e-28 1)
(1 -1.79677e-16 -1.79677e-16 1.79677e-16 1 3.06276e-28 1.79677e-16 -3.0557e-28 1)
(1 -1.77829e-16 -1.77829e-16 1.77829e-16 1 3.06314e-28 1.77829e-16 -3.05554e-28 1)
(1 -1.76214e-16 -1.76214e-16 1.76214e-16 1 3.06371e-28 1.76214e-16 -3.05517e-28 1)
(1 -1.74811e-16 -1.74811e-16 1.74811e-16 1 3.06484e-28 1.74811e-16 -3.05424e-28 1)
(1 -1.73602e-16 -1.73602e-16 1.73602e-16 1 3.06772e-28 1.73602e-16 -3.05155e-28 1)
(1 -1.72568e-16 -1.72568e-16 1.72568e-16 1 3.07632e-28 1.72568e-16 -3.04314e-28 1)
(1 -1.71693e-16 -1.71693e-16 1.71693e-16 1 3.10339e-28 1.71693e-16 -3.01624e-28 1)
(1 -1.7096e-16 -1.7096e-16 1.7096e-16 1 3.18831e-28 1.7096e-16 -2.93147e-28 1)
(1 -1.70354e-16 -1.70354e-16 1.70354e-16 1 3.44696e-28 1.70354e-16 -2.67297e-28 1)
(1 -1.69865e-16 -1.69865e-16 1.69865e-16 1 4.20364e-28 1.69865e-16 -1.91644e-28 1)
(1 -1.69479e-16 -1.69479e-16 1.69479e-16 1 6.31846e-28 1.69479e-16 1.98262e-29 1)
(1 -1.69189e-16 -1.69189e-16 1.69189e-16 1 1.19417e-27 1.69189e-16 5.82135e-28 1)
(1 -1.68987e-16 -1.68987e-16 1.68987e-16 1 2.61152e-27 1.68987e-16 1.99948e-27 1)
(1 -1.68868e-16 -1.68868e-16 1.68868e-16 1 5.97469e-27 1.68868e-16 5.36264e-27 1)
)
;

boundaryField
{
    left
    {
        type            calculated;
        value           uniform (1 -5.42928e-16 -5.42928e-16 5.42928e-16 1 3.05499e-28 5.42928e-16 -3.05403e-28 1);
    }
    right
    {
        type            calculated;
        value           uniform (1 -1.68829e-16 -1.68829e-16 1.68829e-16 1 8.68915e-27 1.68829e-16 8.07711e-27 1);
    }
    beam
    {
        type            empty;
        value           nonuniform List<tensor> 0();
    }
}


// ************************************************************************* //
