# Motion State      
# Angle Units       : radians
# Time              	centreOfRotation	centreOfMass	rotation	velocity	omega
0.1                 	(5.750149198016e+00 2.374997391684e+00 5.953900737320e-01)	(5.750149198016e+00 2.374997391684e+00 5.953900737320e-01)	(1.003290605406e-04 1.500282816905e-03 -2.323975120341e-06)	(3.171050701604e-03 -6.160128328900e-05 -1.987700846039e-01)	(3.196891821344e-03 3.769947395351e-02 -5.404851586831e-05)
0.2                 	(5.750558663647e+00 2.374990757935e+00 5.812231611822e-01)	(5.750558663647e+00 2.374990757935e+00 5.812231611822e-01)	(6.135789689343e-04 6.757751353687e-03 -1.231353595202e-05)	(4.629769398159e-03 -6.189248297804e-05 -8.053712205040e-02)	(6.845735547464e-03 6.200335375489e-02 -1.005610661905e-04)
0.3                 	(5.751045016683e+00 2.374984221139e+00 5.794506433878e-01)	(5.751045016683e+00 2.374984221139e+00 5.794506433878e-01)	(1.417191575982e-03 1.276101585809e-02 -2.828964663838e-05)	(5.068864276787e-03 -8.631585494057e-05 4.311846233450e-02)	(8.944616790366e-03 5.284273041921e-02 -9.842448105537e-05)
0.4                 	(5.751581305772e+00 2.374969030670e+00 5.891927521753e-01)	(5.751581305772e+00 2.374969030670e+00 5.891927521753e-01)	(2.346270871340e-03 1.687186605666e-02 -4.554002286697e-05)	(5.698488938064e-03 -2.330098121390e-04 1.454230861050e-01)	(9.342110226798e-03 2.763687443342e-02 -1.075110279353e-04)
0.5                 	(5.752175051509e+00 2.374937271423e+00 6.066441248715e-01)	(5.752175051509e+00 2.374937271423e+00 6.066441248715e-01)	(3.233642800735e-03 1.779972112092e-02 -6.160579801929e-05)	(6.068902006576e-03 -3.937538065479e-04 1.925490816822e-01)	(8.183058547628e-03 -1.092708484584e-02 -1.751872119363e-04)
0.6                 	(5.752771185957e+00 2.374894068728e+00 6.254268381465e-01)	(5.752771185957e+00 2.374894068728e+00 6.254268381465e-01)	(3.949324422046e-03 1.456486926975e-02 -7.330688036913e-05)	(5.754692272456e-03 -4.462679922203e-04 1.725199130209e-01)	(6.003318127072e-03 -5.273848597538e-02 -3.079398933106e-04)
0.7                 	(5.753328568035e+00 2.374853394085e+00 6.395857868083e-01)	(5.753328568035e+00 2.374853394085e+00 6.395857868083e-01)	(4.412530820725e-03 8.028067726926e-03 -8.399385091601e-05)	(5.519287496207e-03 -3.383785007379e-04 1.048465832610e-01)	(3.170035749872e-03 -7.280088525505e-02 -4.485889126770e-04)
0.8                 	(5.753896357205e+00 2.374832257501e+00 6.454772620202e-01)	(5.753896357205e+00 2.374832257501e+00 6.454772620202e-01)	(4.573694693089e-03 8.887329190687e-04 -9.915555960681e-05)	(5.890665371065e-03 -5.551553472854e-05 1.024076918403e-02)	(4.576396558834e-05 -6.625167410305e-02 -4.722183850960e-04)
0.9                 	(5.754498942420e+00 2.374844644878e+00 6.416223020119e-01)	(5.754498942420e+00 2.374844644878e+00 6.416223020119e-01)	(4.432047073344e-03 -4.590883424043e-03 -1.156070612002e-04)	(5.991049268815e-03 2.954654359041e-04 -8.431807634222e-02)	(-2.772003864330e-03 -4.092034144407e-02 -3.332335685027e-04)
1                   	(5.755034678268e+00 2.374887268110e+00 6.298569863877e-01)	(5.755034678268e+00 2.374887268110e+00 6.298569863877e-01)	(4.045336974734e-03 -6.813932817708e-03 -1.289458025017e-04)	(4.279275472808e-03 5.287266033032e-04 -1.426900251179e-01)	(-4.816928290779e-03 -1.848719936764e-03 -1.333800633420e-04)
1.1                 	(5.755247013983e+00 2.374945031891e+00 6.148003304720e-01)	(5.755247013983e+00 2.374945031891e+00 6.148003304720e-01)	(3.498625839478e-03 -5.004727300480e-03 -1.402808060159e-04)	(-5.881638502517e-04 5.992463829734e-04 -1.503497962164e-01)	(-5.956117822979e-03 3.592353043471e-02 2.131444262379e-05)
1.2                 	(5.754830908066e+00 2.375002840083e+00 6.012063658348e-01)	(5.754830908066e+00 2.375002840083e+00 6.012063658348e-01)	(2.888865641405e-03 -2.719396376440e-04 -1.504315718655e-04)	(-7.940899154418e-03 5.399572632006e-04 -1.153718576321e-01)	(-6.059903226096e-03 5.522675997209e-02 6.444627189021e-05)
1.3                 	(5.753674623199e+00 2.375051541965e+00 5.927916764055e-01)	(5.753674623199e+00 2.375051541965e+00 5.927916764055e-01)	(2.317363784122e-03 5.539419381038e-03 -1.567965581605e-04)	(-1.481002002503e-02 4.327831053278e-04 -4.880544874290e-02)	(-5.242041726027e-03 5.940113559382e-02 1.129132492504e-04)
1.4                 	(5.752012567231e+00 2.375090320047e+00 5.918655119675e-01)	(5.752012567231e+00 2.375090320047e+00 5.918655119675e-01)	(1.863104692412e-03 1.129633481056e-02 -1.551752058636e-04)	(-1.744690571216e-02 3.505940425566e-04 3.013377885411e-02)	(-3.743117735998e-03 5.400360851066e-02 1.518213489091e-04)
1.5                 	(5.750398736070e+00 2.375122965256e+00 5.982772190065e-01)	(5.750398736070e+00 2.375122965256e+00 5.982772190065e-01)	(1.583054438838e-03 1.596463661073e-02 -1.468394103251e-04)	(-1.379397297451e-02 3.077811344808e-04 9.350864389103e-02)	(-1.813778005639e-03 3.759074080242e-02 1.857241980345e-04)
1.6                 	(5.749451223022e+00 2.375152318491e+00 6.094565621604e-01)	(5.749451223022e+00 2.375152318491e+00 6.094565621604e-01)	(1.502332215522e-03 1.861297406438e-02 -1.293505178197e-04)	(-4.269708331120e-03 2.770139232405e-04 1.242356770882e-01)	(1.940090326239e-04 1.521086892584e-02 2.368585373934e-04)
1.7                 	(5.749681289214e+00 2.375177659036e+00 6.219459099199e-01)	(5.749681289214e+00 2.375177659036e+00 6.219459099199e-01)	(1.613850105503e-03 1.899916612442e-02 -1.072417263012e-04)	(9.205280212036e-03 2.276773117688e-04 1.194654041395e-01)	(1.982212755582e-03 -7.971444781423e-03 1.971840065040e-04)
1.8                 	(5.751289010372e+00 2.375197527281e+00 6.321891733666e-01)	(5.751289010372e+00 2.375197527281e+00 6.321891733666e-01)	(1.883460272899e-03 1.682804258094e-02 -8.929331970868e-05)	(2.245610845665e-02 1.678363219765e-04 8.027812607708e-02)	(3.334422322205e-03 -3.662599275647e-02 7.595847442942e-05)
1.9                 	(5.754003483292e+00 2.375211728846e+00 6.372746998942e-01)	(5.754003483292e+00 2.375211728846e+00 6.372746998942e-01)	(2.261635947242e-03 1.161352418981e-02 -7.559534905333e-05)	(3.073661137698e-02 1.229147377966e-04 1.965459350665e-02)	(4.131532169903e-03 -6.705754631293e-02 1.228313698160e-06)
2                   	(5.757147898909e+00 2.375224257647e+00 6.361120554196e-01)	(5.757147898909e+00 2.375224257647e+00 6.361120554196e-01)	(2.686187519720e-03 3.685593760024e-03 -5.308139389283e-05)	(3.056087617268e-02 1.380268495804e-04 -4.145734027373e-02)	(4.242539403587e-03 -8.933316906909e-02 7.957503889502e-05)
2.1                 	(5.759785119813e+00 2.375240784731e+00 6.294825357779e-01)	(5.759785119813e+00 2.375240784731e+00 6.294825357779e-01)	(3.088528851160e-03 -5.707869746541e-03 -1.286314947316e-05)	(2.057750295618e-02 1.952716658732e-04 -8.790417730056e-02)	(3.710798540059e-03 -9.526666496576e-02 1.746511025327e-04)
2.2                 	(5.760982863088e+00 2.375262895821e+00 6.193392139233e-01)	(5.760982863088e+00 2.375262895821e+00 6.193392139233e-01)	(3.413191550492e-03 -1.452784333527e-02 3.271523437763e-05)	(2.317262167605e-03 2.412466072259e-04 -1.101403794163e-01)	(2.711306163197e-03 -7.594409615403e-02 1.417022576959e-04)
2.3                 	(5.760124445623e+00 2.375287861177e+00 6.084917241605e-01)	(5.760124445623e+00 2.375287861177e+00 6.084917241605e-01)	(3.621435329667e-03 -1.977815464672e-02 5.871229305303e-05)	(-1.951157424454e-02 2.529307109144e-04 -1.016221728806e-01)	(1.405177681275e-03 -2.362484586728e-02 1.985581793585e-05)
2.4                 	(5.757194576569e+00 2.375313340427e+00 5.999272320060e-01)	(5.757194576569e+00 2.375313340427e+00 5.999272320060e-01)	(3.688834790550e-03 -1.841302136629e-02 5.351742240998e-05)	(-3.786738318443e-02 2.578948286903e-04 -6.601950228427e-02)	(-6.490469535892e-05 5.345536248860e-02 1.482040018337e-07)
2.5                 	(5.752897626785e+00 2.375339507532e+00 5.958080839517e-01)	(5.752897626785e+00 2.375339507532e+00 5.958080839517e-01)	(3.610474516962e-03 -8.984518313353e-03 2.055914831831e-05)	(-4.574165715929e-02 2.669243421101e-04 -1.449463071473e-02)	(-1.462384841208e-03 1.337938982073e-01 2.206937191284e-05)
2.6                 	(5.748531205629e+00 2.375366914652e+00 5.971293001426e-01)	(5.748531205629e+00 2.375366914652e+00 5.971293001426e-01)	(3.404809342670e-03 7.524713330288e-03 -3.678145418946e-05)	(-3.917905899048e-02 2.811363834313e-04 3.989834210514e-02)	(-2.589518729616e-03 1.892609059126e-01 -2.358915559741e-05)
2.7                 	(5.745554542442e+00 2.375395761131e+00 6.034629526974e-01)	(5.745554542442e+00 2.375395761131e+00 6.034629526974e-01)	(3.109177205833e-03 2.708461373668e-02 -1.089022319639e-04)	(-1.833578663763e-02 2.950951976417e-04 8.391671161089e-02)	(-3.262124208585e-03 1.909553556368e-01 -1.535631277565e-04)
2.8                 	(5.745117598517e+00 2.375425855033e+00 6.130839656898e-01)	(5.745117598517e+00 2.375425855033e+00 6.130839656898e-01)	(2.775167748279e-03 4.325810548236e-02 -1.788057573363e-04)	(1.025694977781e-02 3.061377188102e-04 1.041347068476e-01)	(-3.371424792307e-03 1.210595016046e-01 -2.777937174412e-04)
2.9                 	(5.747559066706e+00 2.375456737299e+00 6.234319678619e-01)	(5.747559066706e+00 2.375456737299e+00 6.234319678619e-01)	(2.457732084915e-03 4.935521287178e-02 -2.252550190211e-04)	(3.743735643732e-02 3.101960296863e-04 9.832512983710e-02)	(-2.941539208454e-03 -6.489544228638e-03 -3.048339718216e-04)
3                   	(5.752243296081e+00 2.375487563705e+00 6.319548357759e-01)	(5.752243296081e+00 2.375487563705e+00 6.319548357759e-01)	(2.203771117182e-03 4.122477175015e-02 -2.348956751757e-04)	(5.395046074208e-02 3.033048915174e-04 6.872120728720e-02)	(-2.086569746730e-03 -1.556763928969e-01 -2.497275520862e-04)
3.1                 	(5.757809983979e+00 2.375516472466e+00 6.365802177887e-01)	(5.757809983979e+00 2.375516472466e+00 6.365802177887e-01)	(2.049935427984e-03 1.913463325550e-02 -2.075446793137e-04)	(5.450424575437e-02 2.684956854914e-04 2.172984839654e-02)	(-9.341662941916e-04 -2.765418946327e-01 -1.210634079246e-04)
3.2                 	(5.762584886418e+00 2.375540246309e+00 6.360873955832e-01)	(5.762584886418e+00 2.375540246309e+00 6.360873955832e-01)	(2.021462647807e-03 -1.126295864361e-02 -1.491445092905e-04)	(3.836712210928e-02 2.036960042842e-04 -3.195187195235e-02)	(3.778090498324e-04 -3.148571044043e-01 6.786350932510e-05)
3.3                 	(5.765064936350e+00 2.375557283481e+00 6.303257630331e-01)	(5.765064936350e+00 2.375557283481e+00 6.303257630331e-01)	(2.125396416971e-03 -4.017620682693e-02 -7.263659801848e-05)	(9.814966779575e-03 1.402817928808e-04 -8.145474502491e-02)	(1.630331674829e-03 -2.452556620802e-01 2.662525506944e-04)
3.4                 	(5.764444209030e+00 2.375569176265e+00 6.203901494510e-01)	(5.764444209030e+00 2.375569176265e+00 6.203901494510e-01)	(2.344092018836e-03 -5.704829222314e-02 2.677011786145e-07)	(-2.203476655403e-02 1.014528331955e-04 -1.134521700160e-01)	(2.612671993148e-03 -7.939147818679e-02 4.489273474977e-04)
3.5                 	(5.760861838213e+00 2.375578481670e+00 6.086057449355e-01)	(5.760861838213e+00 2.375578481670e+00 6.086057449355e-01)	(2.640060555656e-03 -5.439135192167e-02 4.695100037953e-05)	(-4.780450962428e-02 9.039510022715e-05 -1.165041174888e-01)	(3.168966453991e-03 1.354942076318e-01 6.119235092325e-04)
3.6                 	(5.755342175920e+00 2.375588034019e+00 5.982255006426e-01)	(5.755342175920e+00 2.375588034019e+00 5.982255006426e-01)	(2.962268313765e-03 -3.065435089311e-02 4.541203127845e-05)	(-5.971494363348e-02 1.033777300345e-04 -8.555167539749e-02)	(3.177682010051e-03 3.289835259838e-01 6.827731873529e-04)
3.7                 	(5.749515074407e+00 2.375599273051e+00 5.923470748007e-01)	(5.749515074407e+00 2.375599273051e+00 5.923470748007e-01)	(3.255776288843e-03 7.983470334513e-03 -7.438580699676e-06)	(-5.351349854645e-02 1.191816715560e-04 -2.828840515848e-02)	(2.615357289457e-03 4.224623221112e-01 6.465160007265e-04)
3.8                 	(5.745234029218e+00 2.375611193355e+00 5.929634372817e-01)	(5.745234029218e+00 2.375611193355e+00 5.929634372817e-01)	(3.472274938856e-03 4.891437601570e-02 -8.822993861301e-05)	(-2.949625309334e-02 1.163794201176e-04 4.090192325661e-02)	(1.604628523459e-03 3.703891146177e-01 4.718412419296e-04)
3.9                 	(5.744052115251e+00 2.375622250596e+00 6.003458791532e-01)	(5.744052115251e+00 2.375622250596e+00 6.003458791532e-01)	(3.574054119888e-03 7.743664749135e-02 -1.528246274642e-04)	(7.136565140479e-03 1.026449807850e-04 1.041249934275e-01)	(3.230758767158e-04 1.806312186091e-01 2.432443546043e-04)
4                   	(5.746685126873e+00 2.375631366275e+00 6.129038736333e-01)	(5.746685126873e+00 2.375631366275e+00 6.129038736333e-01)	(3.541721918870e-03 8.239695474214e-02 -1.614217474587e-04)	(4.478187789673e-02 7.874883537098e-05 1.419566832500e-01)	(-9.553249111377e-04 -8.646108844478e-02 -9.287802607707e-05)
4.1                 	(5.752580554302e+00 2.375638063760e+00 6.274703123947e-01)	(5.752580554302e+00 2.375638063760e+00 6.274703123947e-01)	(3.389934013502e-03 6.057647075560e-02 -1.179154590023e-04)	(7.011356310149e-02 5.828887754346e-05 1.429598150663e-01)	(-1.953053723164e-03 -3.397759539295e-01 -5.368842890134e-04)
4.2                 	(5.759973319084e+00 2.375644148711e+00 6.402306072855e-01)	(5.759973319084e+00 2.375644148711e+00 6.402306072855e-01)	(3.158161782821e-03 1.775749848605e-02 -4.628397017449e-05)	(7.368157838221e-02 6.753690383676e-05 1.063010970324e-01)	(-2.555398605745e-03 -4.944434503883e-01 -7.846130644483e-04)
4.3                 	(5.766467960753e+00 2.375651464166e+00 6.475114735898e-01)	(5.766467960753e+00 2.375651464166e+00 6.475114735898e-01)	(2.893329265637e-03 -3.317891134577e-02 2.778148579804e-05)	(5.229840254739e-02 7.509467601473e-05 3.419045791714e-02)	(-2.663416823447e-03 -4.966657101475e-01 -7.776923795868e-04)
4.4                 	(5.769872991803e+00 2.375658132965e+00 6.463711393969e-01)	(5.769872991803e+00 2.375658132965e+00 6.463711393969e-01)	(2.645195916449e-03 -7.596859567448e-02 7.858384058526e-05)	(1.413777326435e-02 5.503436685680e-05 -5.844957855214e-02)	(-2.281002369265e-03 -3.326375499999e-01 -5.504845094784e-04)
4.5                 	(5.769203678339e+00 2.375662428167e+00 6.360136615577e-01)	(5.769203678339e+00 2.375662428167e+00 6.360136615577e-01)	(2.453602873673e-03 -9.535183463656e-02 9.051405793641e-05)	(-2.678076611182e-02 3.613339072569e-05 -1.449564529519e-01)	(-1.511159027131e-03 -3.984236568572e-02 -2.062667456854e-04)
4.6                 	(5.764800295588e+00 2.375667165918e+00 6.186277667876e-01)	(5.764800295588e+00 2.375667165918e+00 6.186277667876e-01)	(2.350001471696e-03 -8.274257011331e-02 5.773353183374e-05)	(-5.939757148921e-02 6.670403304120e-05 -1.944153487799e-01)	(-4.654167388591e-04 2.882068907786e-01 1.458848484315e-04)
4.7                 	(5.757808839836e+00 2.375675919764e+00 5.991240664944e-01)	(5.757808839836e+00 2.375675919764e+00 5.991240664944e-01)	(2.357447019793e-03 -4.041192510736e-02 -1.472337278595e-05)	(-7.751957481588e-02 1.038508781463e-04 -1.849003013016e-01)	(7.055925480803e-04 5.359038809874e-01 3.712255804023e-04)
4.8                 	(5.749956469387e+00 2.375686472970e+00 5.836702387266e-01)	(5.749956469387e+00 2.375686472970e+00 5.836702387266e-01)	(2.479820116422e-03 1.848982332715e-02 -1.148422348190e-04)	(-7.569615451069e-02 9.970687160334e-05 -1.149327751649e-01)	(1.705475766143e-03 6.084887088681e-01 4.259165832849e-04)
4.9                 	(5.743446105935e+00 2.375695055046e+00 5.773946061878e-01)	(5.743446105935e+00 2.375695055046e+00 5.773946061878e-01)	(2.686614406376e-03 7.419962230551e-02 -2.240370930479e-04)	(-4.985475582115e-02 7.054575110768e-05 -5.403609223910e-03)	(2.233956102016e-03 4.734351077996e-01 2.058740721635e-04)
5                   	(5.740783488789e+00 2.375700036081e+00 5.828795003999e-01)	(5.740783488789e+00 2.375700036081e+00 5.828795003999e-01)	(2.921314510003e-03 1.076236555904e-01 -3.198437321732e-04)	(-1.009211811649e-04 2.346377563101e-05 1.139391284575e-01)	(2.186648672406e-03 1.753014926535e-01 -2.624520754878e-04)
5.1                 	(5.743654009218e+00 2.375698221826e+00 5.991991870096e-01)	(5.743654009218e+00 2.375698221826e+00 5.991991870096e-01)	(3.121239216270e-03 1.072434095557e-01 -3.658310916900e-04)	(5.660971709923e-02 -6.564644157111e-05 2.045936316864e-01)	(1.652985762935e-03 -1.825939885464e-01 -6.422784163620e-04)
5.2                 	(5.751532509738e+00 2.375686673483e+00 6.219121817266e-01)	(5.751532509738e+00 2.375686673483e+00 6.219121817266e-01)	(3.246146667806e-03 7.305814133047e-02 -3.266348960004e-04)	(9.659035287167e-02 -1.619593276629e-04 2.390955854446e-01)	(8.969777192691e-04 -4.832821081808e-01 -7.256953356745e-04)
5.3                 	(5.761904632636e+00 2.375667135666e+00 6.448156447367e-01)	(5.761904632636e+00 2.375667135666e+00 6.448156447367e-01)	(3.292469525759e-03 1.533958829320e-02 -2.081234778849e-04)	(1.047432326432e-01 -2.217665027013e-04 2.074286502173e-01)	(1.491119244920e-04 -6.432384292131e-01 -6.532501705160e-04)
5.4                 	(5.771247165968e+00 2.375643785481e+00 6.611809795949e-01)	(5.771247165968e+00 2.375643785481e+00 6.611809795949e-01)	(3.278732809921e-03 -4.945631519616e-02 -4.836548894879e-05)	(7.660939140328e-02 -2.384779469750e-04 1.103618300496e-01)	(-4.525531617228e-04 -6.195921250188e-01 -3.987746777793e-04)
5.5                 	(5.776440026653e+00 2.375621466159e+00 6.653931892398e-01)	(5.776440026653e+00 2.375621466159e+00 6.653931892398e-01)	(3.221976806799e-03 -1.019880797492e-01 1.030104214538e-04)	(2.523745923824e-02 -1.989839363773e-04 -3.105155379257e-02)	(-8.884261877255e-04 -4.004420691669e-01 -4.552658163870e-06)
5.6                 	(5.776257905078e+00 2.375605649892e+00 6.547172900406e-01)	(5.776257905078e+00 2.375605649892e+00 6.547172900406e-01)	(3.130810384929e-03 -1.246730882454e-01 1.937541269759e-04)	(-2.755892972000e-02 -1.105332601420e-04 -1.792386326091e-01)	(-1.105545896014e-03 -3.755599202144e-02 3.511662576679e-04)
5.7                 	(5.771340140965e+00 2.375600011452e+00 6.311696615202e-01)	(5.771340140965e+00 2.375600011452e+00 6.311696615202e-01)	(3.020383953456e-03 -1.084411470068e-01 1.945213993377e-04)	(-6.850610663436e-02 4.268218416975e-07 -2.798048637659e-01)	(-1.041963937482e-03 3.568635565426e-01 6.390288534910e-04)
5.8                 	(5.763075305812e+00 2.375606416479e+00 6.017175162471e-01)	(5.763075305812e+00 2.375606416479e+00 6.017175162471e-01)	(2.925479104492e-03 -5.656968526576e-02 1.138585418840e-04)	(-9.391358233228e-02 1.254654803981e-04 -2.928912522281e-01)	(-7.039388922244e-04 6.538153555593e-01 8.065667674841e-04)
5.9                 	(5.753247085186e+00 2.375622186668e+00 5.758054431065e-01)	(5.753247085186e+00 2.375622186668e+00 5.758054431065e-01)	(2.872705436925e-03 1.522460682741e-02 -1.452731459902e-05)	(-9.845675160386e-02 1.690886633712e-04 -2.108166906585e-01)	(-3.057494551993e-04 7.408114799478e-01 7.270350152283e-04)
6                   	(5.744494958885e+00 2.375636924411e+00 5.620676282244e-01)	(5.744494958885e+00 2.375636924411e+00 5.620676282244e-01)	(2.864827677752e-03 8.336404384187e-02 -1.524538350906e-04)	(-7.072333966097e-02 1.123671844843e-04 -5.614891447872e-02)	(-3.207835174278e-05 5.818205246798e-01 3.750245836924e-04)
6.1                 	(5.740315074691e+00 2.375643196900e+00 5.653442310836e-01)	(5.740315074691e+00 2.375643196900e+00 5.653442310836e-01)	(2.875631584508e-03 1.250095820982e-01 -2.645269380364e-04)	(-7.955679239963e-03 6.125416143861e-06 1.208586446897e-01)	(-2.974048707647e-05 2.272205923541e-01 -2.393410566439e-04)
6.2                 	(5.743391149456e+00 2.375637091862e+00 5.851185064344e-01)	(5.743391149456e+00 2.375637091862e+00 5.851185064344e-01)	(2.872958961921e-03 1.266243341784e-01 -3.235571270885e-04)	(6.876658325164e-02 -1.279783393718e-04 2.647671332242e-01)	(-1.883638619083e-04 -1.933508406447e-01 -7.903206500885e-04)
6.3                 	(5.753310723844e+00 2.375618588883e+00 6.157448191642e-01)	(5.753310723844e+00 2.375618588883e+00 6.157448191642e-01)	(2.845224486873e-03 8.859102457777e-02 -3.072654234405e-04)	(1.235530007952e-01 -2.332726049156e-04 3.329053016812e-01)	(-3.145606680067e-04 -5.481811771063e-01 -1.007794805017e-03)
6.4                 	(5.766667032737e+00 2.375592029939e+00 6.485817855909e-01)	(5.766667032737e+00 2.375592029939e+00 6.485817855909e-01)	(2.808487019865e-03 2.214771632375e-02 -2.199396653787e-04)	(1.355760678731e-01 -2.930357951734e-04 3.074521159687e-01)	(-3.042978907500e-04 -7.506293437465e-01 -9.729267494882e-04)
6.5                 	(5.778807415089e+00 2.375560722445e+00 6.741615029034e-01)	(5.778807415089e+00 2.375560722445e+00 6.741615029034e-01)	(2.784694542818e-03 -5.482640445309e-02 -9.009076550890e-05)	(9.952866747450e-02 -3.289438094232e-04 1.898755437614e-01)	(-2.061075447924e-04 -7.524031045086e-01 -7.011165695751e-04)
6.6                 	(5.785455137149e+00 2.375528012024e+00 6.841112741229e-01)	(5.785455137149e+00 2.375528012024e+00 6.841112741229e-01)	(2.783082504505e-03 -1.207862822917e-01 4.502584425623e-05)	(3.100513982192e-02 -3.118963716923e-04 7.472409478115e-04)	(-6.584290982892e-05 -5.289936690247e-01 -2.744765588435e-04)
6.7                 	(5.785115055767e+00 2.375500273559e+00 6.737060733785e-01)	(5.785115055767e+00 2.375500273559e+00 6.737060733785e-01)	(2.797709751273e-03 -1.541859933952e-01 1.349380133896e-04)	(-3.521173306518e-02 -2.324792540424e-04 -2.059501776472e-01)	(1.122852986318e-04 -1.168173626467e-01 1.991766929574e-04)
6.8                 	(5.779096881718e+00 2.375484648884e+00 6.447599960059e-01)	(5.779096881718e+00 2.375484648884e+00 6.447599960059e-01)	(2.820643630665e-03 -1.422518713917e-01 1.452856721409e-04)	(-8.148212140992e-02 -7.243285942571e-05 -3.576752549392e-01)	(3.584907525893e-04 3.535963897756e-01 6.549771793573e-04)
6.9                 	(5.769473654433e+00 2.375486566043e+00 6.059870033821e-01)	(5.769473654433e+00 2.375486566043e+00 6.059870033821e-01)	(2.871724569848e-03 -8.627827595886e-02 6.163043428502e-05)	(-1.081056686925e-01 1.058903381815e-04 -3.963417060367e-01)	(8.682024983145e-04 7.390652761816e-01 8.214594143426e-04)
7                   	(5.758070686557e+00 2.375503739294e+00 5.698037494325e-01)	(5.758070686557e+00 2.375503739294e+00 5.698037494325e-01)	(2.971398196642e-03 -2.182623219945e-03 -1.004512652052e-04)	(-1.159686143722e-01 2.170366472493e-04 -3.065398130119e-01)	(1.202701156948e-03 8.959007380024e-01 8.085879023297e-04)
7.1                 	(5.747353244827e+00 2.375525568222e+00 5.480708177856e-01)	(5.747353244827e+00 2.375525568222e+00 5.480708177856e-01)	(3.095510232669e-03 8.270179236111e-02 -2.879062648464e-04)	(-9.126355671339e-02 1.980078053102e-04 -1.159047207002e-01)	(1.026011310649e-03 7.512775562817e-01 5.443681264054e-04)
7.2                 	(5.741461774891e+00 2.375539268572e+00 5.480587049965e-01)	(5.741461774891e+00 2.375539268572e+00 5.480587049965e-01)	(3.185302154182e-03 1.395292834408e-01 -4.390674897864e-04)	(-1.886783316896e-02 5.489766173189e-05 1.169029228427e-01)	(3.756809776576e-04 3.531497950981e-01 -3.390098990401e-05)
7.3                 	(5.744423637750e+00 2.375534009314e+00 5.702695351450e-01)	(5.744423637750e+00 2.375534009314e+00 5.702695351450e-01)	(3.190256445051e-03 1.499019195015e-01 -5.073059520583e-04)	(7.772897261141e-02 -1.592887474479e-04 3.148479987957e-01)	(-4.895389789077e-04 -1.470735955100e-01 -5.949973274345e-04)
7.4                 	(5.756095122671e+00 2.375509152341e+00 6.078175996450e-01)	(5.756095122671e+00 2.375509152341e+00 6.078175996450e-01)	(3.100388029959e-03 1.121867606409e-01 -4.616838745543e-04)	(1.481287728436e-01 -3.223548766254e-04 4.178587781941e-01)	(-1.126876766902e-03 -5.875218407201e-01 -8.322766178773e-04)
7.5                 	(5.772251860626e+00 2.375473133694e+00 6.499097192115e-01)	(5.772251860626e+00 2.375473133694e+00 6.499097192115e-01)	(2.963473738413e-03 3.788252458886e-02 -3.236912637819e-04)	(1.653259967372e-01 -3.889664607369e-04 4.035207534517e-01)	(-1.334366017346e-03 -8.656787603007e-01 -8.800870256505e-04)
7.6                 	(5.787160032514e+00 2.375432567543e+00 6.845608626437e-01)	(5.787160032514e+00 2.375432567543e+00 6.845608626437e-01)	(2.830582383223e-03 -5.363067688020e-02 -1.432241969487e-04)	(1.226867642157e-01 -4.144311902367e-04 2.702577315663e-01)	(-1.339085848640e-03 -9.243828659621e-01 -7.698578276892e-04)
7.7                 	(5.795279136706e+00 2.375393332707e+00 7.007797715260e-01)	(5.795279136706e+00 2.375393332707e+00 7.007797715260e-01)	(2.718951640265e-03 -1.378246189302e-01 2.815174716620e-05)	(3.637751689686e-02 -3.536275707872e-04 4.243613336522e-02)	(-1.206513020206e-03 -7.109517269998e-01 -4.771179792015e-04)
7.8                 	(5.794660814006e+00 2.375362159048e+00 6.919109416080e-01)	(5.794660814006e+00 2.375362159048e+00 6.919109416080e-01)	(2.627493144214e-03 -1.871818272004e-01 1.329896389564e-04)	(-4.452692008522e-02 -2.772415963177e-04 -2.180653488833e-01)	(-9.357100610522e-04 -2.437006822454e-01 -7.460636219932e-05)
7.9                 	(5.787441521285e+00 2.375340966447e+00 6.591406749551e-01)	(5.787441521285e+00 2.375340966447e+00 6.591406749551e-01)	(2.554965039813e-03 -1.831688273641e-01 1.386998735162e-04)	(-9.437392752337e-02 -1.270788574333e-04 -4.204424507320e-01)	(-4.497410386102e-04 3.261082203779e-01 3.619384997800e-04)
8                   	(5.776665527994e+00 2.375339648934e+00 6.123130037333e-01)	(5.776665527994e+00 2.375339648934e+00 6.123130037333e-01)	(2.546555439532e-03 -1.242211814113e-01 3.834638720485e-05)	(-1.183256104778e-01 9.912834626827e-05 -4.901569710810e-01)	(6.524184998319e-04 8.259556124300e-01 6.469987601320e-04)
8.1                 	(5.764150401824e+00 2.375358543678e+00 5.664337524891e-01)	(5.764150401824e+00 2.375358543678e+00 5.664337524891e-01)	(2.651657337710e-03 -2.659396314731e-02 -1.370645580982e-04)	(-1.294014866528e-01 2.557182011619e-04 -4.010592102214e-01)	(1.638846597616e-03 1.072219921959e+00 8.830949488028e-04)
8.2                 	(5.751699697501e+00 2.375385636288e+00 5.364568995200e-01)	(5.751699697501e+00 2.375385636288e+00 5.364568995200e-01)	(2.842863563315e-03 7.787200975755e-02 -3.377502404649e-04)	(-1.115019917491e-01 2.653532319761e-04 -1.807782246163e-01)	(1.928417703112e-03 9.551564742899e-01 7.613107511815e-04)
8.3                 	(5.743775937500e+00 2.375406972675e+00 5.321485142289e-01)	(5.743775937500e+00 2.375406972675e+00 5.321485142289e-01)	(3.033950360966e-03 1.531500520001e-01 -5.098205931036e-04)	(-3.723810907576e-02 1.336851510126e-04 9.619245099126e-02)	(1.385883539887e-03 5.059596937632e-01 1.550901604948e-04)
8.4                 	(5.745715229259e+00 2.375408457911e+00 5.547715925703e-01)	(5.745715229259e+00 2.375408457911e+00 5.547715925703e-01)	(3.142015351870e-03 1.744009564879e-01 -6.000907026960e-04)	(7.758753961861e-02 -1.141373425698e-04 3.436198746511e-01)	(4.283856844472e-04 -8.423672667013e-02 -5.776681649047e-04)
8.5                 	(5.758362703367e+00 2.375384999752e+00 5.972244481846e-01)	(5.758362703367e+00 2.375384999752e+00 5.972244481846e-01)	(3.130832666558e-03 1.382973733597e-01 -5.635328016892e-04)	(1.665243066655e-01 -3.352287999343e-04 4.843403400653e-01)	(-4.783848388151e-04 -6.165375833652e-01 -9.256804965704e-04)
8.6                 	(5.776900076805e+00 2.375346220111e+00 6.470756083814e-01)	(5.776900076805e+00 2.375346220111e+00 6.470756083814e-01)	(3.040755117603e-03 5.718565943011e-02 -4.155841884634e-04)	(1.929277274958e-01 -4.279656363146e-04 4.887699976970e-01)	(-9.661229731845e-04 -9.686255112651e-01 -1.135427346427e-03)
8.7                 	(5.794586377582e+00 2.375300779574e+00 6.902738408217e-01)	(5.794586377582e+00 2.375300779574e+00 6.902738408217e-01)	(2.929621620593e-03 -4.752485934772e-02 -2.204664530111e-04)	(1.482537838121e-01 -4.774943217465e-04 3.523785379193e-01)	(-1.203551722071e-03 -1.082800402996e+00 -1.165385678069e-03)
8.8                 	(5.804538893474e+00 2.375254248984e+00 7.136467278244e-01)	(5.804538893474e+00 2.375254248984e+00 7.136467278244e-01)	(2.820669883795e-03 -1.490708733807e-01 -3.264895259722e-05)	(4.611820402442e-02 -4.266186864579e-04 9.970146078010e-02)	(-1.338802208541e-03 -8.903750224595e-01 -9.160696432077e-04)
8.9                 	(5.804102623221e+00 2.375216637295e+00 7.084290691202e-01)	(5.804102623221e+00 2.375216637295e+00 7.084290691202e-01)	(2.704414045710e-03 -2.148355700930e-01 7.866615467937e-05)	(-4.902144079167e-02 -3.440723802199e-04 -2.046923522552e-01)	(-1.355395287071e-03 -3.814303394925e-01 -4.681096922521e-04)
9                   	(5.796160853357e+00 2.375188467782e+00 6.745296871875e-01)	(5.796160853357e+00 2.375188467782e+00 6.745296871875e-01)	(2.579589812222e-03 -2.202520731076e-01 8.046203579500e-05)	(-1.021729333202e-01 -1.824086866645e-04 -4.556288752201e-01)	(-1.035643014590e-03 2.800557195484e-01 2.088077894734e-04)
9.1                 	(5.784887038092e+00 2.375185281702e+00 6.222322488828e-01)	(5.784887038092e+00 2.375185281702e+00 6.222322488828e-01)	(2.512445058631e-03 -1.607937869875e-01 -2.549166309361e-05)	(-1.201450391028e-01 1.169220976680e-04 -5.610294711793e-01)	(2.102257632277e-04 8.808418016420e-01 6.894870038024e-04)
9.2                 	(5.772249523252e+00 2.375208802470e+00 5.684614861424e-01)	(5.772249523252e+00 2.375208802470e+00 5.684614861424e-01)	(2.580971204572e-03 -5.348514770944e-02 -2.104574897743e-04)	(-1.325873179166e-01 3.271954194560e-04 -4.840631811499e-01)	(1.478277398213e-03 1.203917091782e+00 1.044108104597e-03)
9.3                 	(5.758871659004e+00 2.375244072719e+00 5.306299842065e-01)	(5.758871659004e+00 2.375244072719e+00 5.306299842065e-01)	(2.765643530705e-03 6.598880110337e-02 -4.209263170432e-04)	(-1.280666220871e-01 3.496935418810e-04 -2.515530815682e-01)	(2.015749059258e-03 1.112948521920e+00 1.023439183088e-03)
9.4                 	(5.748669051112e+00 2.375273126187e+00 5.206289454886e-01)	(5.748669051112e+00 2.375273126187e+00 5.206289454886e-01)	(2.971180339134e-03 1.558037169731e-01 -6.038151824982e-04)	(-6.419397881506e-02 2.017799206629e-04 5.555126421338e-02)	(1.544933514875e-03 6.305654373895e-01 3.838673884666e-04)
9.5                 	(5.747942020922e+00 2.375279906586e+00 5.409909251340e-01)	(5.747942020922e+00 2.375279906586e+00 5.409909251340e-01)	(3.090399618491e-03 1.862665579127e-01 -7.051803107658e-04)	(5.384687312996e-02 -7.572002070208e-05 3.398562473005e-01)	(4.283073923380e-04 -2.476623044133e-02 -4.928886205190e-04)
9.6                 	(5.758778876540e+00 2.375259148375e+00 5.848508207894e-01)	(5.758778876540e+00 2.375259148375e+00 5.848508207894e-01)	(3.074484502449e-03 1.534126836058e-01 -6.763229978631e-04)	(1.539152356431e-01 -3.154507115246e-04 5.145701544844e-01)	(-6.055019898781e-04 -6.079500336838e-01 -8.957738745073e-04)
9.7                 	(5.776454417868e+00 2.375222024642e+00 6.389811176951e-01)	(5.776454417868e+00 2.375222024642e+00 6.389811176951e-01)	(2.962506100341e-03 7.130981257751e-02 -5.263684947839e-04)	(1.872200892826e-01 -4.152709728878e-04 5.419660686205e-01)	(-1.208054696728e-03 -9.950122808238e-01 -1.079046410739e-03)
9.8                 	(5.793738238529e+00 2.375177541035e+00 6.881112716021e-01)	(5.793738238529e+00 2.375177541035e+00 6.881112716021e-01)	(2.824034973944e-03 -3.732847332409e-02 -3.233428030401e-04)	(1.457270551689e-01 -4.702140801269e-04 4.153590926072e-01)	(-1.425579866768e-03 -1.134197258446e+00 -1.106645327310e-03)
9.9                 	(5.803514578958e+00 2.375131505961e+00 7.176312575381e-01)	(5.803514578958e+00 2.375131505961e+00 7.176312575381e-01)	(2.697535709554e-03 -1.450092189012e-01 -1.250989800566e-04)	(4.452193626696e-02 -4.187481626558e-04 1.570314222139e-01)	(-1.459531580694e-03 -9.590443364866e-01 -8.566323840020e-04)
10                  	(5.802901146691e+00 2.375096726799e+00 7.171874365988e-01)	(5.802901146691e+00 2.375096726799e+00 7.171874365988e-01)	(2.576444092622e-03 -2.176026994885e-01 3.034462826870e-07)	(-5.053780168927e-02 -2.955040327712e-04 -1.691364109585e-01)	(-1.382025283641e-03 -4.451593260709e-01 -4.616513024804e-04)
10.1                	(5.794953628917e+00 2.375072334966e+00 6.852422790579e-01)	(5.794953628917e+00 2.375072334966e+00 6.852422790579e-01)	(2.455155403236e-03 -2.281973213608e-01 1.594990777084e-05)	(-1.000766380882e-01 -1.555035253330e-04 -4.528540543308e-01)	(-1.023228723850e-03 2.419859965524e-01 2.523325986684e-04)
10.2                	(5.784208555411e+00 2.375071595421e+00 6.316276746437e-01)	(5.784208555411e+00 2.375071595421e+00 6.316276746437e-01)	(2.392901700026e-03 -1.710799459589e-01 -6.903948621951e-05)	(-1.117561526723e-01 1.443488844921e-04 -5.887730625508e-01)	(2.530540780829e-04 8.723915507652e-01 8.078949638428e-04)
10.3                	(5.772542749840e+00 2.375098219082e+00 5.740346074059e-01)	(5.772542749840e+00 2.375098219082e+00 5.740346074059e-01)	(2.473129396074e-03 -6.314990653065e-02 -2.302457405689e-04)	(-1.233525154511e-01 3.613208079836e-04 -5.309330668024e-01)	(1.633757334344e-03 1.223197004952e+00 1.160835661764e-03)
10.4                	(5.759732845134e+00 2.375137778215e+00 5.312008838079e-01)	(5.759732845134e+00 2.375137778215e+00 5.312008838079e-01)	(2.670401296045e-03 5.929429649193e-02 -4.265380277413e-04)	(-1.272407180178e-01 4.016712092499e-04 -3.025637742972e-01)	(2.137819013597e-03 1.150576635273e+00 1.119218917861e-03)
10.5                	(5.749088184240e+00 2.375173219759e+00 5.164909022696e-01)	(5.749088184240e+00 2.375173219759e+00 5.164909022696e-01)	(2.885733583545e-03 1.532309695734e-01 -6.007131791527e-04)	(-7.310274176037e-02 2.772534036933e-04 1.457700235497e-02)	(1.666094521632e-03 6.732361757207e-01 5.290108888549e-04)
10.6                	(5.747256313084e+00 2.375188048988e+00 5.336616249973e-01)	(5.747256313084e+00 2.375188048988e+00 5.336616249973e-01)	(3.017510685186e-03 1.876611452310e-01 -6.961116757734e-04)	(4.235507312239e-02 8.349242454720e-06 3.184374272392e-01)	(5.579247137083e-04 1.100570778612e-02 -3.465573647620e-04)
10.7                	(5.757166147870e+00 2.375175110507e+00 5.765489990254e-01)	(5.757166147870e+00 2.375175110507e+00 5.765489990254e-01)	(3.008910043530e-03 1.581933538933e-01 -6.653108471753e-04)	(1.473489115286e-01 -2.509391534334e-04 5.161502722495e-01)	(-5.677414439431e-04 -5.760841288736e-01 -7.635056981711e-04)
10.8                	(5.774475655322e+00 2.375142678709e+00 6.318690552222e-01)	(5.774475655322e+00 2.375142678709e+00 6.318690552222e-01)	(2.898333383572e-03 7.898369933957e-02 -5.164201824223e-04)	(1.863841117281e-01 -3.796636898076e-04 5.634784157275e-01)	(-1.179464547884e-03 -9.696111010989e-01 -9.504033824732e-04)
10.9                	(5.791974789872e+00 2.375100897749e+00 6.839283516008e-01)	(5.791974789872e+00 2.375100897749e+00 6.839283516008e-01)	(2.761031352260e-03 -2.763420492673e-02 -3.164932711650e-04)	(1.510948934206e-01 -4.479842456496e-04 4.513748938858e-01)	(-1.422745677545e-03 -1.121329455596e+00 -1.058363305214e-03)
11                  	(5.802543381467e+00 2.375055937032e+00 7.174384145535e-01)	(5.802543381467e+00 2.375055937032e+00 7.174384145535e-01)	(2.629389870680e-03 -1.354203427951e-01 -1.251391247496e-04)	(5.395822724476e-02 -4.200332849989e-04 1.992220564954e-01)	(-1.495488845198e-03 -9.763280169183e-01 -9.015938266372e-04)
11.1                	(5.802819644952e+00 2.375020999540e+00 7.210660724000e-01)	(5.802819644952e+00 2.375020999540e+00 7.210660724000e-01)	(2.503381145199e-03 -2.114016652195e-01 -6.025970925272e-06)	(-4.277900744349e-02 -2.945563618493e-04 -1.320916267291e-01)	(-1.408810587479e-03 -4.938341929467e-01 -6.045745430568e-04)
11.2                	(5.795480793920e+00 2.374996182733e+00 6.920253437929e-01)	(5.795480793920e+00 2.374996182733e+00 6.920253437929e-01)	(2.374879006302e-03 -2.277546037589e-01 5.515501413854e-06)	(-9.569618179387e-02 -1.713009402083e-04 -4.334688018285e-01)	(-1.137153302648e-03 1.788542219769e-01 7.044443251598e-05)
11.3                	(5.785086108078e+00 2.374993312687e+00 6.391700889876e-01)	(5.785086108078e+00 2.374993312687e+00 6.391700889876e-01)	(2.298729159589e-03 -1.769146793302e-01 -7.619060770400e-05)	(-1.085132896652e-01 1.204225751213e-04 -5.930800147472e-01)	(1.199210738868e-04 8.133824209471e-01 6.428928588151e-04)
11.4                	(5.773789344270e+00 2.375018002696e+00 5.800609817241e-01)	(5.773789344270e+00 2.375018002696e+00 5.800609817241e-01)	(2.374985599142e-03 -7.374721755576e-02 -2.327413338456e-04)	(-1.195259349545e-01 3.512402662993e-04 -5.560493269474e-01)	(1.731478751209e-03 1.190006048959e+00 9.961191895346e-04)
11.5                	(5.761214990687e+00 2.375058139540e+00 5.340142824095e-01)	(5.761214990687e+00 2.375058139540e+00 5.340142824095e-01)	(2.589534433180e-03 4.736003995117e-02 -4.296259077899e-04)	(-1.275017569550e-01 4.214709098754e-04 -3.400714029950e-01)	(2.389790420913e-03 1.158354931259e+00 1.001250990261e-03)
11.6                	(5.750152665132e+00 2.375097016627e+00 5.154473616707e-01)	(5.750152665132e+00 2.375097016627e+00 5.154473616707e-01)	(2.831600609455e-03 1.441607620584e-01 -6.113925442842e-04)	(-8.129277231612e-02 3.275607511139e-04 -2.315452028065e-02)	(1.962415254798e-03 7.205877444502e-01 5.204104563478e-04)
11.7                	(5.747236610105e+00 2.375117638275e+00 5.292802805577e-01)	(5.747236610105e+00 2.375117638275e+00 5.292802805577e-01)	(2.993668612117e-03 1.844129237652e-01 -7.190753428465e-04)	(3.024231839104e-02 6.822705343548e-05 2.910303131795e-01)	(8.221398055717e-04 7.591261037401e-02 -2.899380075251e-04)
11.8                	(5.756121746788e+00 2.375110100005e+00 5.702716889056e-01)	(5.756121746788e+00 2.375110100005e+00 5.702716889056e-01)	(3.008292017563e-03 1.614880488596e-01 -7.017143503297e-04)	(1.399507909197e-01 -2.072178455586e-04 5.060843278325e-01)	(-4.111769342286e-04 -5.125597882601e-01 -6.820340457400e-04)
11.9                	(5.773056361954e+00 2.375081612642e+00 6.254858970787e-01)	(5.773056361954e+00 2.375081612642e+00 6.254858970787e-01)	(2.910376385837e-03 8.788933338506e-02 -5.582910101812e-04)	(1.863725918593e-01 -3.424848498832e-04 5.713943750988e-01)	(-1.081305862968e-03 -9.230794442351e-01 -8.185176977627e-04)
12                  	(5.790917785052e+00 2.375043320201e+00 6.791713098797e-01)	(5.790917785052e+00 2.375043320201e+00 6.791713098797e-01)	(2.775561082871e-03 -1.540435802234e-02 -3.527906110534e-04)	(1.583231656368e-01 -4.143996147125e-04 4.756284977663e-01)	(-1.435309195018e-03 -1.103290121221e+00 -9.479994912104e-04)
12.1                	(5.802455205731e+00 2.375001007581e+00 7.157340922835e-01)	(5.802455205731e+00 2.375001007581e+00 7.157340922835e-01)	(2.634680930888e-03 -1.234785676726e-01 -1.521507253973e-04)	(6.485457625290e-02 -4.032726785720e-04 2.348896056146e-01)	(-1.639032562329e-03 -1.002329540292e+00 -8.697870742243e-04)
12.2                	(5.803681932442e+00 2.374967575052e+00 7.231273180152e-01)	(5.803681932442e+00 2.374967575052e+00 7.231273180152e-01)	(2.488921932837e-03 -2.042857637306e-01 -2.169000986919e-05)	(-3.540059184503e-02 -2.719304431628e-04 -9.448873496452e-02)	(-1.667295361378e-03 -5.617651621800e-01 -6.710549880469e-04)
12.3                	(5.796806504575e+00 2.374944314852e+00 6.973610659727e-01)	(5.796806504575e+00 2.374944314852e+00 6.973610659727e-01)	(2.330820799026e-03 -2.285012009223e-01 -3.114340097790e-06)	(-9.378677741507e-02 -1.700808902485e-04 -4.076363014495e-01)	(-1.508625614865e-03 9.491293823667e-02 -9.147180066797e-05)
12.4                	(5.786442341616e+00 2.374940369505e+00 6.460880372510e-01)	(5.786442341616e+00 2.374940369505e+00 6.460880372510e-01)	(2.212803995253e-03 -1.856453608335e-01 -7.932005759121e-05)	(-1.088565197794e-01 1.050284506951e-04 -5.880363729636e-01)	(-3.147361212042e-04 7.426963493981e-01 4.848291494533e-04)
12.5                	(5.775184452007e+00 2.374963114575e+00 5.863813182656e-01)	(5.775184452007e+00 2.374963114575e+00 5.863813182656e-01)	(2.255049267557e-03 -8.772437347113e-02 -2.293273881604e-04)	(-1.181947430453e-01 3.307899902060e-04 -5.721774552502e-01)	(1.562441433213e-03 1.159706242997e+00 8.578030058599e-04)
12.6                	(5.762674658499e+00 2.375002015759e+00 5.378519956224e-01)	(5.762674658499e+00 2.375002015759e+00 5.378519956224e-01)	(2.471754916647e-03 3.293202467909e-02 -4.215655770255e-04)	(-1.287013964792e-01 4.207503251522e-04 -3.720709033575e-01)	(2.627658194058e-03 1.180464473723e+00 9.316956807238e-04)
12.7                	(5.751145049529e+00 2.375042331293e+00 5.157872312580e-01)	(5.751145049529e+00 2.375042331293e+00 5.157872312580e-01)	(2.746238552588e-03 1.344145701990e-01 -6.077235392305e-04)	(-8.990509953327e-02 3.571500783710e-04 -5.949943513035e-02)	(2.379481872386e-03 7.885466065886e-01 5.438023570222e-04)
12.8                	(5.747075743403e+00 2.375067234548e+00 5.262020450229e-01)	(5.747075743403e+00 2.375067234548e+00 5.262020450229e-01)	(2.956110581288e-03 1.824784525186e-01 -7.303401327414e-04)	(1.734349548132e-02 1.177881592555e-04 2.611433388684e-01)	(1.299737061537e-03 1.579972191448e-01 -2.358615101695e-04)
12.9                	(5.754817854160e+00 2.375064507133e+00 5.648219538743e-01)	(5.754817854160e+00 2.375064507133e+00 5.648219538743e-01)	(3.019768709056e-03 1.671516192264e-01 -7.319528248411e-04)	(1.314527404175e-01 -1.649160421379e-04 4.898097535388e-01)	(2.002282512316e-05 -4.450710505116e-01 -6.396810893359e-04)
13                  	(5.771288710595e+00 2.375039136699e+00 6.192115483809e-01)	(5.771288710595e+00 2.375039136699e+00 6.192115483809e-01)	(2.961811501766e-03 9.896115164854e-02 -5.980541925257e-04)	(1.857350135813e-01 -3.204787855392e-04 5.716335876535e-01)	(-7.396694673516e-04 -8.838623692456e-01 -7.790338925466e-04)
13.1                	(5.789465137995e+00 2.375002382229e+00 6.737696962827e-01)	(5.789465137995e+00 2.375002382229e+00 6.737696962827e-01)	(2.854483430066e-03 -2.054025064308e-03 -3.888603541265e-04)	(1.652017158938e-01 -4.038984925502e-04 4.928342803977e-01)	(-1.187594794666e-03 -1.097475316447e+00 -9.282460867049e-04)
13.2                	(5.801962510223e+00 2.374960159628e+00 7.127916724113e-01)	(5.801962510223e+00 2.374960159628e+00 7.127916724113e-01)	(2.731647693113e-03 -1.115987422893e-01 -1.766223515363e-04)	(7.599183164468e-02 -4.118013959049e-04 2.660135328288e-01)	(-1.498922891645e-03 -1.038833211255e+00 -9.095568771476e-04)
13.3                	(5.804195475961e+00 2.374925204777e+00 7.236883971016e-01)	(5.804195475961e+00 2.374925204777e+00 7.236883971016e-01)	(2.594371424150e-03 -1.980553486132e-01 -2.799405705326e-05)	(-2.730448748840e-02 -2.819437605104e-04 -5.743834126141e-02)	(-1.673631815030e-03 -6.349575807103e-01 -7.396275307631e-04)
13.4                	(5.797873262060e+00 2.374900910376e+00 7.013661683489e-01)	(5.797873262060e+00 2.374900910376e+00 7.013661683489e-01)	(2.429917080809e-03 -2.303329874239e-01 4.719741635311e-06)	(-9.087798278811e-02 -1.863028623464e-04 -3.779673372921e-01)	(-1.704056838383e-03 1.226193131977e-02 -1.934196834284e-04)
13.5                	(5.787617464090e+00 2.374895441402e+00 6.522101099179e-01)	(5.787617464090e+00 2.374895441402e+00 6.522101099179e-01)	(2.279038280075e-03 -1.950631459566e-01 -6.595823045706e-05)	(-1.087135173427e-01 9.769531997577e-05 -5.764612913235e-01)	(-7.710464896263e-04 6.778493829632e-01 4.090432250618e-04)
13.6                	(5.776422838137e+00 2.374918312195e+00 5.925998232832e-01)	(5.776422838137e+00 2.374918312195e+00 5.925998232832e-01)	(2.269549200098e-03 -1.017050290568e-01 -2.157696511540e-04)	(-1.167811957932e-01 3.412459025691e-04 -5.814647568885e-01)	(1.077540558457e-03 1.136661844280e+00 8.232712847180e-04)
13.7                	(5.764010291415e+00 2.374958634745e+00 5.422352883917e-01)	(5.764010291415e+00 2.374958634745e+00 5.422352883917e-01)	(2.451385450192e-03 1.919955456472e-02 -4.083787383325e-04)	(-1.293970604498e-01 4.400951607634e-04 -3.985442969324e-01)	(2.526691955088e-03 1.208298823822e+00 9.613143946706e-04)
13.8                	(5.752078785830e+00 2.375001299346e+00 5.170897825050e-01)	(5.752078785830e+00 2.375001299346e+00 5.170897825050e-01)	(2.734395062719e-03 1.256981434135e-01 -5.989219788089e-04)	(-9.784296914643e-02 3.864475045316e-04 -9.312619397113e-02)	(2.627788350456e-03 8.570893884660e-01 6.445074849605e-04)
13.9                	(5.746889396692e+00 2.375029986420e+00 5.241930826430e-01)	(5.746889396692e+00 2.375029986420e+00 5.241930826430e-01)	(2.977279207576e-03 1.813888024555e-01 -7.314022041375e-04)	(4.163081884469e-03 1.598883496672e-04 2.303701910211e-01)	(1.685498346296e-03 2.358003751348e-01 -1.297245882790e-04)
14                  	(5.753428906476e+00 2.375031586909e+00 5.602581824690e-01)	(5.753428906476e+00 2.375031586909e+00 5.602581824690e-01)	(3.083333527389e-03 1.730749049564e-01 -7.474960406841e-04)	(1.219475251428e-01 -1.245809586686e-04 4.703887970210e-01)	(4.019458064724e-04 -3.847501874663e-01 -6.200236051773e-04)
14.1                	(5.769333024654e+00 2.375009109999e+00 6.134387141896e-01)	(5.769333024654e+00 2.375009109999e+00 6.134387141896e-01)	(3.055543520575e-03 1.095736023183e-01 -6.240783040067e-04)	(1.840481531716e-01 -3.019216622743e-04 5.673427331384e-01)	(-5.313645342558e-04 -8.514745625093e-01 -8.278605875886e-04)
14.2                	(5.787726303238e+00 2.374973450710e+00 6.683860570335e-01)	(5.787726303238e+00 2.374973450710e+00 6.683860570335e-01)	(2.960419810772e-03 1.029975741252e-02 -4.169782993114e-04)	(1.712488135805e-01 -4.004119191672e-04 5.051837725541e-01)	(-1.112617528831e-03 -1.094737133403e+00 -1.016484906603e-03)
14.3                	(5.801143092689e+00 2.374931006670e+00 7.094243877766e-01)	(5.801143092689e+00 2.374931006670e+00 7.094243877766e-01)	(2.835804628877e-03 -1.006419529022e-01 -2.005990740854e-04)	(8.734627216265e-02 -4.204981489837e-04 2.933247343828e-01)	(-1.561324309156e-03 -1.070797749399e+00 -1.037225130801e-03)
14.4                	(5.804459668084e+00 2.374894617903e+00 7.235375482203e-01)	(5.804459668084e+00 2.374894617903e+00 7.235375482203e-01)	(2.683606813400e-03 -1.920390369155e-01 -4.248969762132e-05)	(-1.804970507583e-02 -2.947609508446e-04 -2.214318138849e-02)	(-1.919081715878e-03 -6.994500085478e-01 -8.803554853037e-04)
14.5                	(5.798824820471e+00 2.374869656257e+00 7.046318675264e-01)	(5.798824820471e+00 2.374869656257e+00 7.046318675264e-01)	(2.489187309951e-03 -2.315203850539e-01 -3.949171697889e-06)	(-8.657844301330e-02 -1.938385165193e-04 -3.471006876877e-01)	(-2.080604974646e-03 -6.255987923754e-02 -3.564634616893e-04)
14.6                	(5.788777918283e+00 2.374863157623e+00 6.578407527277e-01)	(5.788777918283e+00 2.374863157623e+00 6.578407527277e-01)	(2.292742793957e-03 -2.031940460450e-01 -7.365872935574e-05)	(-1.081201067329e-01 9.183343699472e-05 -5.614884681564e-01)	(-1.278079462688e-03 6.174226414539e-01 2.957553374768e-04)
14.7                	(5.777641504950e+00 2.374886383258e+00 5.987163813880e-01)	(5.777641504950e+00 2.374886383258e+00 5.987163813880e-01)	(2.233970638777e-03 -1.142457372558e-01 -2.202813353304e-04)	(-1.158843811545e-01 3.490136058809e-04 -5.869786214105e-01)	(6.706756113792e-04 1.111676916842e+00 7.800921592538e-04)
14.8                	(5.765295396942e+00 2.374927464427e+00 5.468900414305e-01)	(5.765295396942e+00 2.374927464427e+00 5.468900414305e-01)	(2.390768520430e-03 6.439303758105e-03 -4.070492198434e-04)	(-1.300710079310e-01 4.458607476580e-04 -4.216517455401e-01)	(2.518790106133e-03 1.228938933898e+00 9.823767671980e-04)
14.9                	(5.752983776992e+00 2.374970991207e+00 5.188979098106e-01)	(5.752983776992e+00 2.374970991207e+00 5.188979098106e-01)	(2.696816376989e-03 1.170862555377e-01 -5.970130805966e-04)	(-1.053389716852e-01 4.044969261854e-04 -1.252314541307e-01)	(3.117661925730e-03 9.166114587077e-01 7.194704651831e-04)
15                  	(5.746700920239e+00 2.375003029686e+00 5.227392053492e-01)	(5.746700920239e+00 2.375003029686e+00 5.227392053492e-01)	(3.004206258428e-03 1.796335032688e-01 -7.409234079560e-04)	(-9.281532087572e-03 2.060238942082e-04 1.987578849713e-01)	(2.425890872894e-03 3.073259465460e-01 -7.596859352067e-05)
15.1                	(5.751976840032e+00 2.375008946914e+00 5.561073653565e-01)	(5.751976840032e+00 2.375008946914e+00 5.561073653565e-01)	(3.188452750840e-03 1.779261834283e-01 -7.769405265629e-04)	(1.114457623498e-01 -9.380866986083e-05 4.488240199911e-01)	(1.086517960652e-03 -3.268409471807e-01 -6.600301831625e-04)
15.2                	(5.767209573439e+00 2.374987207899e+00 6.078271226103e-01)	(5.767209573439e+00 2.374987207899e+00 6.078271226103e-01)	(3.212793684765e-03 1.191112514962e-01 -6.650456164144e-04)	(1.813746327051e-01 -3.154079409427e-04 5.601957174473e-01)	(-1.968449118917e-04 -8.169715929935e-01 -8.845570080238e-04)
15.3                	(5.785740125026e+00 2.374949190702e+00 6.628649482078e-01)	(5.785740125026e+00 2.374949190702e+00 6.628649482078e-01)	(3.133464685183e-03 2.198129726358e-02 -4.540487476048e-04)	(1.767152656176e-01 -4.332229280594e-04 5.144358070378e-01)	(-1.059534803221e-03 -1.086176947417e+00 -1.072916291286e-03)
15.4                	(5.800060436257e+00 2.374903104639e+00 7.056231528023e-01)	(5.800060436257e+00 2.374903104639e+00 7.056231528023e-01)	(3.002139592802e-03 -8.960224088622e-02 -2.246643203075e-04)	(9.911796960274e-02 -4.657848337916e-04 3.179484537583e-01)	(-1.690554120184e-03 -1.093934025415e+00 -1.132893243125e-03)
15.5                	(5.804556042184e+00 2.374861973954e+00 7.227540495854e-01)	(5.804556042184e+00 2.374861973954e+00 7.227540495854e-01)	(2.829046812623e-03 -1.850695191212e-01 -4.996805583197e-05)	(-7.484581842045e-03 -3.357145386383e-04 1.206341557596e-02)	(-2.222250709266e-03 -7.561283810817e-01 -9.819287798054e-04)
15.6                	(5.799739366059e+00 2.374834172162e+00 7.072699685323e-01)	(5.799739366059e+00 2.374834172162e+00 7.072699685323e-01)	(2.600652816348e-03 -2.312091258071e-01 1.247469833269e-06)	(-8.104377383407e-02 -2.173929186693e-04 -3.151658125110e-01)	(-2.507250671031e-03 -1.347483907611e-01 -4.718483414515e-04)
15.7                	(5.789989226338e+00 2.374825498210e+00 6.630429300693e-01)	(5.789989226338e+00 2.374825498210e+00 6.630429300693e-01)	(2.351058995809e-03 -2.098574081089e-01 -6.379409870030e-05)	(-1.071354776265e-01 7.540006051493e-05 -5.438249184242e-01)	(-1.935517562188e-03 5.536628021726e-01 1.994206706657e-04)
15.8                	(5.778909481094e+00 2.374847669214e+00 6.047101519549e-01)	(5.778909481094e+00 2.374847669214e+00 6.047101519549e-01)	(2.218082633530e-03 -1.259109492283e-01 -2.103530604330e-04)	(-1.152789916327e-01 3.453360819044e-04 -5.893157256214e-01)	(-1.156201953501e-04 1.078536767944e+00 6.993956684154e-04)
15.9                	(5.766619264496e+00 2.374888878483e+00 5.517300598546e-01)	(5.766619264496e+00 2.374888878483e+00 5.517300598546e-01)	(2.291219605825e-03 -6.360975308525e-03 -3.924830202111e-04)	(-1.303723681737e-01 4.502655799091e-04 -4.415811853569e-01)	(1.700555324206e-03 1.240335523684e+00 9.598895257542e-04)
16                  	(5.753978404002e+00 2.374933054597e+00 5.211126548443e-01)	(5.753978404002e+00 2.374933054597e+00 5.211126548443e-01)	(2.518879776071e-03 1.075568012938e-01 -5.730154053919e-04)	(-1.121448868006e-01 4.151409228536e-04 -1.557500968060e-01)	(2.469388058344e-03 9.689257148125e-01 7.874395418789e-04)
16.1                	(5.746651540596e+00 2.374967592971e+00 5.217919000167e-01)	(5.746651540596e+00 2.374967592971e+00 5.217919000167e-01)	(2.778051190064e-03 1.765364271955e-01 -7.096745353984e-04)	(-2.278704435932e-02 2.512911726209e-04 1.672331982888e-01)	(2.156971412388e-03 3.777584989686e-01 7.398793196361e-05)
16.2                	(5.750607939767e+00 2.374980045426e+00 5.524391035158e-01)	(5.750607939767e+00 2.374980045426e+00 5.524391035158e-01)	(2.954354934290e-03 1.815964939975e-01 -7.514053962829e-04)	(9.982386071084e-02 -8.165714198571e-06 4.264873099622e-01)	(1.182291146068e-03 -2.651196740412e-01 -5.387236561182e-04)
16.3                	(5.765047113211e+00 2.374967279795e+00 6.025864769488e-01)	(5.765047113211e+00 2.374967279795e+00 6.025864769488e-01)	(3.010001086680e-03 1.279733568324e-01 -6.582961904398e-04)	(1.774179744114e-01 -2.279182522832e-04 5.514436686406e-01)	(2.422705097017e-04 -7.764521574314e-01 -8.014063014192e-04)
16.4                	(5.783600742121e+00 2.374937063055e+00 6.575288923350e-01)	(5.783600742121e+00 2.374937063055e+00 6.575288923350e-01)	(2.981369863761e-03 3.362169787404e-02 -4.644212397447e-04)	(1.811528544923e-01 -3.676663432629e-04 5.215226402819e-01)	(-4.742960902123e-04 -1.071111767374e+00 -9.841758541227e-04)
16.5                	(5.798754737673e+00 2.374895949889e+00 7.017890380297e-01)	(5.798754737673e+00 2.374895949889e+00 7.017890380297e-01)	(2.910039850654e-03 -7.793061575520e-02 -2.396372963532e-04)	(1.106393531897e-01 -4.380117126464e-04 3.404381661537e-01)	(-1.028610402623e-03 -1.110421498118e+00 -1.056079142116e-03)
16.6                	(5.804458730722e+00 2.374855855805e+00 7.217516403639e-01)	(5.804458730722e+00 2.374855855805e+00 7.217516403639e-01)	(2.802013608715e-03 -1.769111318588e-01 -5.266100369008e-05)	(3.760020357301e-03 -3.394875737697e-04 4.483759760436e-02)	(-1.606078864517e-03 -8.089857197367e-01 -8.983140025470e-04)
16.7                	(5.800538201075e+00 2.374827336580e+00 7.096144946976e-01)	(5.800538201075e+00 2.374827336580e+00 7.096144946976e-01)	(2.633631495568e-03 -2.295540984141e-01 2.150801037002e-05)	(-7.465879786694e-02 -2.317084182630e-04 -2.832678251199e-01)	(-2.009999210375e-03 -2.078908667228e-01 -4.553987118295e-04)
16.8                	(5.791157213612e+00 2.374815854137e+00 6.680227015700e-01)	(5.791157213612e+00 2.374815854137e+00 6.680227015700e-01)	(2.427456442803e-03 -2.154572627455e-01 -2.561474027029e-05)	(-1.056669330400e-01 4.059864608381e-05 -5.248311385541e-01)	(-1.668531922793e-03 4.853357232898e-01 1.858982799498e-04)
16.9                	(5.780160236559e+00 2.374836621888e+00 6.106421296192e-01)	(5.780160236559e+00 2.374836621888e+00 6.106421296192e-01)	(2.307204813573e-03 -1.371254275048e-01 -1.667017697918e-04)	(-1.144699361099e-01 3.541587131898e-04 -5.898037648301e-01)	(-1.168232395956e-04 1.038281605848e+00 7.026685951200e-04)
17                  	(5.767961049754e+00 2.374880902115e+00 5.566609554496e-01)	(5.767961049754e+00 2.374880902115e+00 5.566609554496e-01)	(2.367385352088e-03 -1.946655052565e-02 -3.528319668888e-04)	(-1.298027904520e-01 4.949271392834e-04 -4.598653611677e-01)	(1.517727209472e-03 1.244992627200e+00 9.796793877095e-04)
17.1                	(5.755093987487e+00 2.374929677685e+00 5.235164626594e-01)	(5.755093987487e+00 2.374929677685e+00 5.235164626594e-01)	(2.570248583812e-03 9.713937317610e-02 -5.456441012271e-04)	(-1.177553960943e-01 4.588911355221e-04 -1.857229210720e-01)	(2.194393931868e-03 1.017013710196e+00 8.055810761725e-04)
17.2                	(5.746825581481e+00 2.374968404144e+00 5.210498132182e-01)	(5.746825581481e+00 2.374968404144e+00 5.210498132182e-01)	(2.800859416774e-03 1.723443501022e-01 -6.986705582961e-04)	(-3.570404184219e-02 2.928499633212e-04 1.353661220235e-01)	(1.848691369774e-03 4.483926423317e-01 1.204452005589e-04)
17.3                	(5.749456418132e+00 2.374984677204e+00 5.488952610426e-01)	(5.749456418132e+00 2.374984677204e+00 5.488952610426e-01)	(2.948759034142e-03 1.843520190213e-01 -7.580244573000e-04)	(8.769136957820e-02 2.785301282755e-05 4.033776799604e-01)	(8.380510337369e-04 -2.004381509725e-01 -5.333792278941e-04)
17.4                	(5.763015903819e+00 2.374974904721e+00 5.973681924576e-01)	(5.763015903819e+00 2.374974904721e+00 5.973681924576e-01)	(2.971774401377e-03 1.362646843173e-01 -6.837091644449e-04)	(1.724136467465e-01 -2.007390889971e-04 5.415472459322e-01)	(-9.876261629890e-05 -7.321758649198e-01 -8.215763671063e-04)
17.5                	(5.781482306301e+00 2.374948225198e+00 6.520916828111e-01)	(5.781482306301e+00 2.374948225198e+00 6.520916828111e-01)	(2.912419476816e-03 4.506367136134e-02 -5.063456124852e-04)	(1.843958455544e-01 -3.243197488110e-04 5.271924385507e-01)	(-7.313939561550e-04 -1.052618611966e+00 -1.000390425872e-03)
17.6                	(5.797360197816e+00 2.374911967376e+00 6.977106656605e-01)	(5.797360197816e+00 2.374911967376e+00 6.977106656605e-01)	(2.817293674507e-03 -6.607599648903e-02 -2.910958772443e-04)	(1.212981538125e-01 -3.901017989233e-04 3.615247811392e-01)	(-1.182844036464e-03 -1.122676321102e+00 -1.039219941650e-03)
17.7                	(5.804229915855e+00 2.374876256207e+00 7.203905415840e-01)	(5.804229915855e+00 2.374876256207e+00 7.203905415840e-01)	(2.700968455294e-03 -1.681562724853e-01 -1.030812338866e-04)	(1.496470012658e-02 -2.990257640897e-04 7.690315331400e-02)	(-1.578132992681e-03 -8.582440186002e-01 -8.650647612603e-04)
17.8                	(5.801214809727e+00 2.374852245130e+00 7.115958139621e-01)	(5.801214809727e+00 2.374852245130e+00 7.115958139621e-01)	(2.545559429990e-03 -2.270558379740e-01 -1.477046710423e-05)	(-6.805619656095e-02 -1.901941443120e-04 -2.507368027070e-01)	(-1.827032464560e-03 -2.799034613810e-01 -4.454179177955e-04)
17.9                	(5.792224327935e+00 2.374842456545e+00 6.727622573654e-01)	(5.792224327935e+00 2.374842456545e+00 6.727622573654e-01)	(2.362472188635e-03 -2.202307490039e-01 -4.104251726153e-05)	(-1.040991047098e-01 3.126231945658e-05 -5.040551867150e-01)	(-1.526474068527e-03 4.157850193909e-01 2.119308245613e-04)
18                  	(5.781304377190e+00 2.374861434489e+00 6.165407783485e-01)	(5.781304377190e+00 2.374861434489e+00 6.165407783485e-01)	(2.254514398832e-03 -1.477473748587e-01 -1.630816392838e-04)	(-1.137025480393e-01 3.341175061518e-04 -5.877803285294e-01)	(-5.172163828324e-05 9.950207719351e-01 7.047551366993e-04)
18.1                	(5.769199655391e+00 2.374904645031e+00 5.617776673761e-01)	(5.769199655391e+00 2.374904645031e+00 5.617776673761e-01)	(2.320079438991e-03 -3.237514939379e-02 -3.367635233381e-04)	(-1.290029431589e-01 4.959747841924e-04 -4.763838037914e-01)	(1.606579763297e-03 1.244878065797e+00 1.010136801003e-03)
18.2                	(5.756179418602e+00 2.374954604690e+00 5.262760625983e-01)	(5.756179418602e+00 2.374954604690e+00 5.262760625983e-01)	(2.530770473821e-03 8.647487922258e-02 -5.253257790512e-04)	(-1.223777496033e-01 4.793198631248e-04 -2.144557068467e-01)	(2.295049523872e-03 1.060882666219e+00 8.768637928135e-04)
18.3                	(5.747070021478e+00 2.374995921023e+00 5.207462096605e-01)	(5.747070021478e+00 2.374995921023e+00 5.207462096605e-01)	(2.768523951097e-03 1.675943926330e-01 -6.817573272286e-04)	(-4.772452554939e-02 3.235709494745e-04 1.040647843605e-01)	(1.910781704623e-03 5.176128625354e-01 2.354449076123e-04)
18.4                	(5.748398873105e+00 2.375015296001e+00 5.457656744134e-01)	(5.748398873105e+00 2.375015296001e+00 5.457656744134e-01)	(2.921405800435e-03 1.865050821742e-01 -7.503036809279e-04)	(7.549963931759e-02 5.707417281452e-05 3.799782951000e-01)	(8.384016267355e-04 -1.352428804427e-01 -4.588770966389e-04)
18.5                	(5.761022866662e+00 2.375008112378e+00 5.924761676558e-01)	(5.761022866662e+00 2.375008112378e+00 5.924761676558e-01)	(2.942308693618e-03 1.440484475315e-01 -6.887818580175e-04)	(1.666778211536e-01 -1.782856931496e-04 5.305127720593e-01)	(-1.657377199224e-04 -6.863201521030e-01 -7.842018217893e-04)
18.6                	(5.779319568816e+00 2.374984065260e+00 6.468326566166e-01)	(5.779319568816e+00 2.374984065260e+00 6.468326566166e-01)	(2.872317488093e-03 5.619217350855e-02 -5.209600652688e-04)	(1.867420267930e-01 -2.927951475286e-04 5.310398845548e-01)	(-8.506087140236e-04 -1.031872725006e+00 -9.724156293078e-04)
18.7                	(5.795840017708e+00 2.374951446011e+00 6.936202784249e-01)	(5.795840017708e+00 2.374951446011e+00 6.936202784249e-01)	(2.760758686428e-03 -5.422389198659e-02 -3.107215680992e-04)	(1.313717303555e-01 -3.525079032857e-04 3.806323831549e-01)	(-1.322260143020e-03 -1.130932857071e+00 -1.019066438286e-03)
18.8                	(5.803863368350e+00 2.374919131907e+00 7.188271746990e-01)	(5.803863368350e+00 2.374919131907e+00 7.188271746990e-01)	(2.632306864940e-03 -1.589725993025e-01 -1.217161850258e-04)	(2.650205393851e-02 -2.687215439095e-04 1.072947926387e-01)	(-1.631977600347e-03 -9.032828093988e-01 -8.611418125192e-04)
18.9                	(5.801805539706e+00 2.374898579863e+00 7.132614715021e-01)	(5.801805539706e+00 2.374898579863e+00 7.132614715021e-01)	(2.477415099897e-03 -2.237961567217e-01 -2.421020407804e-05)	(-6.079015761216e-02 -1.585928282408e-04 -2.186690282944e-01)	(-1.798747060939e-03 -3.497244991205e-01 -4.804810876600e-04)
19                  	(5.793272068911e+00 2.374890251277e+00 6.772034007833e-01)	(5.793272068911e+00 2.374890251277e+00 6.772034007833e-01)	(2.300366386523e-03 -2.241616179386e-01 -3.783633476221e-05)	(-1.019898401790e-01 2.621320841755e-05 -4.824769462079e-01)	(-1.499183924853e-03 3.456383950187e-01 1.594500798581e-04)
19.1                	(5.782456680917e+00 2.374907586708e+00 6.222587716743e-01)	(5.782456680917e+00 2.374907586708e+00 6.222587716743e-01)	(2.196632358790e-03 -1.577385634774e-01 -1.474715677416e-04)	(-1.128749548740e-01 3.117344884102e-04 -5.843295455016e-01)	(-1.652442870755e-05 9.480431474391e-01 6.496748576677e-04)
19.2                	(5.770460004536e+00 2.374948644740e+00 5.668691972895e-01)	(5.770460004536e+00 2.374948644740e+00 5.668691972895e-01)	(2.269527500616e-03 -4.512035168082e-02 -3.129445519421e-04)	(-1.280096589001e-01 4.833978782941e-04 -4.917127150651e-01)	(1.788961820795e-03 1.238937041805e+00 9.942075641360e-04)
19.3                	(5.757351383588e+00 2.374998568633e+00 5.291364268562e-01)	(5.757351383588e+00 2.374998568633e+00 5.291364268562e-01)	(2.517597242614e-03 7.543465088426e-02 -5.028712821696e-04)	(-1.261202125621e-01 4.930188058384e-04 -2.422813848199e-01)	(2.901260502635e-03 1.099815384250e+00 8.563714293898e-04)
19.4                	(5.747489418005e+00 2.375042297888e+00 5.206021787118e-01)	(5.747489418005e+00 2.375042297888e+00 5.206021787118e-01)	(2.826071575240e-03 1.620786093989e-01 -6.782721293493e-04)	(-5.876531846646e-02 3.541357701236e-04 7.353610109279e-02)	(2.619760463990e-03 5.849573010655e-01 1.994595808182e-04)
19.5                	(5.747536008414e+00 2.375064602953e+00 5.427795067549e-01)	(5.747536008414e+00 2.375064602953e+00 5.427795067549e-01)	(3.045608791282e-03 1.878196246709e-01 -7.740868259226e-04)	(6.283973844997e-02 8.015066474887e-05 3.558955180474e-01)	(1.339660150639e-03 -6.969917781066e-02 -5.390420290271e-04)
19.6                	(5.759159855094e+00 2.375058814719e+00 5.876751230814e-01)	(5.759159855094e+00 2.375058814719e+00 5.876751230814e-01)	(3.103382402388e-03 1.511486581736e-01 -7.332364996049e-04)	(1.600831706950e-01 -1.737580188202e-04 5.188522750271e-01)	(-1.623986078482e-06 -6.381071577572e-01 -8.824098747314e-04)
19.7                	(5.777191793795e+00 2.375034811962e+00 6.415878473192e-01)	(5.777191793795e+00 2.375034811962e+00 6.415878473192e-01)	(3.032609593456e-03 6.690670239320e-02 -5.707878802722e-04)	(1.880393780201e-01 -2.930134940864e-04 5.338813776907e-01)	(-9.925406138864e-04 -1.008340661850e+00 -1.053892455610e-03)
19.8                	(5.794252617031e+00 2.375002512548e+00 6.894385255741e-01)	(5.794252617031e+00 2.375002512548e+00 6.894385255741e-01)	(2.893060024921e-03 -4.244586928562e-02 -3.545621544301e-04)	(1.406050815672e-01 -3.448393410277e-04 3.986662952650e-01)	(-1.686260480160e-03 -1.134916614109e+00 -1.080524552944e-03)
19.9                	(5.803388845428e+00 2.374970951070e+00 7.170742551581e-01)	(5.803388845428e+00 2.374970951070e+00 7.170742551581e-01)	(2.720719410049e-03 -1.493875527411e-01 -1.538308234817e-04)	(3.809590456952e-02 -2.585572062453e-04 1.369082115316e-01)	(-2.111598195537e-03 -9.435154734984e-01 -9.123024971419e-04)
20                  	(5.802316307930e+00 2.374952303634e+00 7.147038027994e-01)	(5.802316307930e+00 2.374952303634e+00 7.147038027994e-01)	(2.517155372854e-03 -2.197521110325e-01 -4.343755096158e-05)	(-5.309360226250e-02 -1.306522940853e-04 -1.863623704295e-01)	(-2.321944592694e-03 -4.170726866016e-01 -5.548316433283e-04)
20.1                	(5.794285994102e+00 2.374946126437e+00 6.814917175442e-01)	(5.794285994102e+00 2.374946126437e+00 6.814917175442e-01)	(2.288916924093e-03 -2.272108536079e-01 -4.746171731592e-05)	(-9.950323517970e-02 3.794579265271e-05 -4.597635100854e-01)	(-2.067042436839e-03 2.751703423688e-01 9.347379940441e-05)
20.2                	(5.783591660168e+00 2.374963920377e+00 6.279690235411e-01)	(5.783591660168e+00 2.374963920377e+00 6.279690235411e-01)	(2.130902045249e-03 -1.670137200270e-01 -1.465552395782e-04)	(-1.121339551573e-01 3.068910649232e-04 -5.793903700696e-01)	(-5.377365315204e-04 8.979033389225e-01 5.833597362318e-04)
20.3                	(5.771705200225e+00 2.375003227500e+00 5.721171304055e-01)	(5.771705200225e+00 2.375003227500e+00 5.721171304055e-01)	(2.157026453502e-03 -5.754951049470e-02 -3.017681823594e-04)	(-1.269373406784e-01 4.561733341156e-04 -5.057901640290e-01)	(1.398333261970e-03 1.227627371021e+00 9.464693576359e-04)
20.4                	(5.758560858083e+00 2.375050365351e+00 5.322685430204e-01)	(5.758560858083e+00 2.375050365351e+00 5.322685430204e-01)	(2.380589684080e-03 6.416719573842e-02 -4.792149129093e-04)	(-1.290263765362e-01 4.692386734099e-04 -2.693929581053e-01)	(2.923152041629e-03 1.133334023130e+00 8.968112138679e-04)
20.5                	(5.748036241042e+00 2.375093370057e+00 5.207599670444e-01)	(5.748036241042e+00 2.375093370057e+00 5.207599670444e-01)	(2.720049562245e-03 1.558920245540e-01 -6.506146776969e-04)	(-6.887985185363e-02 3.665182602962e-04 4.306472980910e-02)	(3.223330058080e-03 6.495310028984e-01 2.566554449976e-04)
20.6                	(5.746843877077e+00 2.375118444727e+00 5.400489500365e-01)	(5.746843877077e+00 2.375118444727e+00 5.400489500365e-01)	(3.018772210287e-03 1.883489036010e-01 -7.614970596246e-04)	(4.989899036065e-02 1.177683682023e-04 3.305304615259e-01)	(2.226906394720e-03 -4.101549021729e-03 -5.639159056126e-04)
20.7                	(5.757420565736e+00 2.375116410404e+00 5.830171127582e-01)	(5.757420565736e+00 2.375116410404e+00 5.830171127582e-01)	(3.171036991436e-03 1.575612905561e-01 -7.441992564089e-04)	(1.527864937852e-01 -1.459468577626e-04 5.059726302562e-01)	(8.749943115942e-04 -5.880984849531e-01 -9.611229115921e-04)
20.8                	(5.775109382725e+00 2.375093289079e+00 6.363599849146e-01)	(5.775109382725e+00 2.375093289079e+00 6.363599849146e-01)	(3.178292687495e-03 7.718232481396e-02 -5.931066094841e-04)	(1.885034182238e-01 -3.030755046508e-04 5.354850051022e-01)	(-3.252689845840e-04 -9.817139722376e-01 -1.143745921538e-03)
20.9                	(5.792620211036e+00 2.375058322583e+00 6.851318440694e-01)	(5.792620211036e+00 2.375058322583e+00 6.851318440694e-01)	(3.089094201411e-03 -3.075764968448e-02 -3.717229194908e-04)	(1.489964357495e-01 -3.864409697909e-04 4.152775421668e-01)	(-1.318951176011e-03 -1.134664938757e+00 -1.182162100224e-03)
21                  	(5.802822998503e+00 2.375021089078e+00 7.150659009956e-01)	(5.802822998503e+00 2.375021089078e+00 7.150659009956e-01)	(2.938560607184e-03 -1.394366391381e-01 -1.540936009851e-04)	(4.963413851379e-02 -3.230509855621e-04 1.654359993763e-01)	(-2.014848868918e-03 -9.792712132400e-01 -1.012586892044e-03)
21.1                	(5.802754970181e+00 2.374996716869e+00 7.158261032871e-01)	(5.802754970181e+00 2.374996716869e+00 7.158261032871e-01)	(2.734493661679e-03 -2.149775416168e-01 -2.321060716467e-05)	(-4.507368350347e-02 -1.756524093197e-04 -1.541259238365e-01)	(-2.481992063365e-03 -4.819506614462e-01 -6.566859893493e-04)
21.2                	(5.795267769045e+00 2.374986613431e+00 6.855006380845e-01)	(5.795267769045e+00 2.374986613431e+00 6.855006380845e-01)	(2.479460206208e-03 -2.294231444264e-01 -1.749322635054e-05)	(-9.663714107109e-02 7.533704499656e-06 -4.361262401654e-01)	(-2.505918186955e-03 2.044269647717e-01 4.315141297849e-06)
21.3                	(5.784711835215e+00 2.375002771140e+00 6.335221014473e-01)	(5.784711835215e+00 2.375002771140e+00 6.335221014473e-01)	(2.260342134119e-03 -1.756216579865e-01 -1.192369072243e-04)	(-1.114340764526e-01 3.085495010438e-04 -5.730835272248e-01)	(-1.272443825949e-03 8.446896787664e-01 5.110544020334e-04)
21.4                	(5.772933470642e+00 2.375043185131e+00 5.773583937235e-01)	(5.772933470642e+00 2.375043185131e+00 5.773583937235e-01)	(2.206038049451e-03 -6.970329437627e-02 -2.820269084462e-04)	(-1.257709786231e-01 4.700047471768e-04 -5.184637930507e-01)	(6.087561884657e-04 1.211738559870e+00 9.129774668320e-04)
21.5                	(5.759792690847e+00 2.375090960140e+00 5.355078788263e-01)	(5.759792690847e+00 2.375090960140e+00 5.355078788263e-01)	(2.352504325870e-03 5.269191569269e-02 -4.628058917897e-04)	(-1.312639153682e-01 4.660057379293e-04 -2.957648904591e-01)	(2.247951533220e-03 1.162100290761e+00 9.235504743623e-04)
21.6                	(5.748683125040e+00 2.375133682218e+00 5.210630656852e-01)	(5.748683125040e+00 2.375133682218e+00 5.210630656852e-01)	(2.638980611225e-03 1.490959370430e-01 -6.345168223211e-04)	(-7.836501992584e-02 3.710612222834e-04 1.244571928279e-02)	(2.906747294021e-03 7.109553947670e-01 3.454528294112e-04)
21.7                	(5.746293571608e+00 2.375160783380e+00 5.374438344757e-01)	(5.746293571608e+00 2.375160783380e+00 5.374438344757e-01)	(2.927874265086e-03 1.881493083533e-01 -7.533341920350e-04)	(3.679798973158e-02 1.512735589096e-04 3.046046615716e-01)	(2.306389501835e-03 6.169826167608e-02 -5.125909572712e-04)
21.8                	(5.755776805106e+00 2.375162492412e+00 5.784196403418e-01)	(5.755776805106e+00 2.375162492412e+00 5.784196403418e-01)	(3.105089796527e-03 1.633624589779e-01 -7.547391080224e-04)	(1.447677911105e-01 -1.124550074506e-04 4.923648278882e-01)	(1.206415832414e-03 -5.359538304314e-01 -9.566734116333e-04)
21.9                	(5.773044367580e+00 2.375141660016e+00 6.311158674956e-01)	(5.773044367580e+00 2.375141660016e+00 6.311158674956e-01)	(3.151673911646e-03 8.709207823382e-02 -6.183121961724e-04)	(1.881775631173e-01 -2.913979700646e-04 5.363606739587e-01)	(6.799141817798e-05 -9.523469739495e-01 -1.100320558642e-03)
22                  	(5.790920082032e+00 2.375106481407e+00 6.807227267575e-01)	(5.790920082032e+00 2.375106481407e+00 6.807227267575e-01)	(3.096945672191e-03 -1.914623168799e-02 -3.968061630547e-04)	(1.565947866071e-01 -4.004673310656e-04 4.310642524364e-01)	(-9.855426117056e-04 -1.130964549006e+00 -1.112260833401e-03)
22.1                	(5.802148009005e+00 2.375065824725e+00 7.128796717770e-01)	(5.802148009005e+00 2.375065824725e+00 7.128796717770e-01)	(2.972723460000e-03 -1.291601495270e-01 -1.653298948083e-04)	(6.120186815031e-02 -3.747078010935e-04 1.933278423621e-01)	(-1.805463945596e-03 -1.010814202981e+00 -9.397520426571e-04)
22.2                	(5.803116054822e+00 2.375035736117e+00 7.167401596699e-01)	(5.803116054822e+00 2.375035736117e+00 7.167401596699e-01)	(2.785568718409e-03 -2.095302145182e-01 -1.224697919485e-05)	(-3.659820139188e-02 -2.326706611664e-04 -1.217922120814e-01)	(-2.408667961628e-03 -5.444474154632e-01 -6.428295088867e-04)
22.3                	(5.796227471181e+00 2.375019909289e+00 6.893635062749e-01)	(5.796227471181e+00 2.375019909289e+00 6.893635062749e-01)	(2.534754873676e-03 -2.308787808116e-01 1.164695338593e-05)	(-9.322285256593e-02 -5.037369840035e-05 -4.114209493110e-01)	(-2.599428840190e-03 1.331921902976e-01 -1.884183446873e-05)
22.4                	(5.785844187307e+00 2.375031112163e+00 6.390633410086e-01)	(5.785844187307e+00 2.375031112163e+00 6.390633410086e-01)	(2.297378760573e-03 -1.836548783811e-01 -7.813585424777e-05)	(-1.106144827837e-01 2.722927399951e-04 -5.651866343741e-01)	(-1.542690349694e-03 7.884141565683e-01 4.891692931695e-04)
22.5                	(5.774177699432e+00 2.375069203411e+00 5.827415235305e-01)	(5.774177699432e+00 2.375069203411e+00 5.827415235305e-01)	(2.212567703757e-03 -8.167360732289e-02 -2.374246383192e-04)	(-1.243990541626e-01 4.561094974665e-04 -5.294435058752e-01)	(2.994911899930e-04 1.191679990775e+00 8.814537944681e-04)
22.6                	(5.761077033265e+00 2.375116163915e+00 5.390096899608e-01)	(5.761077033265e+00 2.375116163915e+00 5.390096899608e-01)	(2.327663320250e-03 4.094415366480e-02 -4.197735302914e-04)	(-1.329024297668e-01 4.602421727179e-04 -3.213387910445e-01)	(1.987340824740e-03 1.186475846023e+00 9.150152683008e-04)
22.7                	(5.749457046491e+00 2.375158749793e+00 5.216729757449e-01)	(5.749457046491e+00 2.375158749793e+00 5.216729757449e-01)	(2.593007877165e-03 1.416880989340e-01 -5.981608674941e-04)	(-8.721150381747e-02 3.769550837639e-04 -1.829087960198e-02)	(2.787652815572e-03 7.700049273346e-01 3.571249284705e-04)
22.8                	(5.745907864658e+00 2.375187834450e+00 5.351034317610e-01)	(5.745907864658e+00 2.375187834450e+00 5.351034317610e-01)	(2.882811176712e-03 1.872662118431e-01 -7.330745123711e-04)	(2.385439061895e-02 1.833773262064e-04 2.780649441344e-01)	(2.385699672628e-03 1.279985687795e-01 -5.355639970344e-04)
22.9                	(5.754247202254e+00 2.375192739124e+00 5.739717769598e-01)	(5.754247202254e+00 2.375192739124e+00 5.739717769598e-01)	(3.078383263575e-03 1.685801993124e-01 -7.589813699278e-04)	(1.360629038765e-01 -8.701098305506e-05 4.775987744066e-01)	(1.366729986421e-03 -4.823942084008e-01 -1.013134334469e-03)
23                  	(5.771013610513e+00 2.375172931384e+00 6.258886854482e-01)	(5.771013610513e+00 2.375172931384e+00 6.258886854482e-01)	(3.141060444461e-03 9.661367286766e-02 -6.416269485061e-04)	(1.870495123408e-01 -2.951087608620e-04 5.358718868085e-01)	(2.141559513652e-04 -9.206952511522e-01 -1.123926971450e-03)
23.1                	(5.789171751154e+00 2.375135944940e+00 6.761834839678e-01)	(5.789171751154e+00 2.375135944940e+00 6.761834839678e-01)	(3.101487364230e-03 -7.679893017215e-03 -4.265421802758e-04)	(1.634143188026e-01 -4.310623394726e-04 4.453640370483e-01)	(-8.126361386010e-04 -1.124316503862e+00 -1.087346880690e-03)
23.2                	(5.801379409448e+00 2.375090522651e+00 7.104271661362e-01)	(5.801379409448e+00 2.375090522651e+00 7.104271661362e-01)	(2.991387190708e-03 -1.186757302794e-01 -1.857649342294e-04)	(7.273941227103e-02 -4.369860037636e-04 2.200596001716e-01)	(-1.667342832018e-03 -1.038493807040e+00 -8.660022780832e-04)
23.3                	(5.803413620279e+00 2.375054079751e+00 7.173179051490e-01)	(5.803413620279e+00 2.375054079751e+00 7.173179051490e-01)	(2.818469760967e-03 -2.035304678009e-01 -9.562747833343e-06)	(-2.764801873990e-02 -2.911826544166e-04 -8.961083040847e-02)	(-2.311527468287e-03 -6.042930566327e-01 -5.706949914050e-04)
23.4                	(5.797180316690e+00 2.375032139631e+00 6.929343722958e-01)	(5.797180316690e+00 2.375032139631e+00 6.929343722958e-01)	(2.579486315744e-03 -2.316545007599e-01 4.002842280883e-05)	(-8.920886701547e-02 -1.189608479705e-04 -3.857046186116e-01)	(-2.600809274318e-03 6.186940016347e-02 3.442868636792e-05)
23.5                	(5.787010559262e+00 2.375036670398e+00 6.444464564068e-01)	(5.787010559262e+00 2.375036670398e+00 6.444464564068e-01)	(2.333391186733e-03 -1.911623793749e-01 -2.897246940276e-05)	(-1.095882589562e-01 2.118549788882e-04 -5.556537946470e-01)	(-1.785260221064e-03 7.291817688882e-01 5.204678876111e-04)
23.6                	(5.775462652242e+00 2.375070334378e+00 5.881204153162e-01)	(5.775462652242e+00 2.375070334378e+00 5.881204153162e-01)	(2.217399877109e-03 -9.353885678107e-02 -1.801556189154e-04)	(-1.227763860079e-01 4.285330832479e-04 -5.385659916604e-01)	(-5.044775914114e-05 1.167144015773e+00 8.667650732857e-04)
23.7                	(5.762437961726e+00 2.375115736251e+00 5.426377556910e-01)	(5.762437961726e+00 2.375115736251e+00 5.426377556910e-01)	(2.291425305024e-03 2.881113653105e-02 -3.622514599377e-04)	(-1.339942082817e-01 4.522611676799e-04 -3.460566824876e-01)	(1.554664066814e-03 1.206241299679e+00 9.071354589613e-04)
23.8                	(5.750383000632e+00 2.375158245292e+00 5.224737097801e-01)	(5.750383000632e+00 2.375158245292e+00 5.224737097801e-01)	(2.511203792828e-03 1.335699161201e-01 -5.436812887345e-04)	(-9.530855478053e-02 3.869831406494e-04 -4.873402719897e-02)	(2.378147611860e-03 8.271971357488e-01 3.739681226000e-04)
23.9                	(5.745721463272e+00 2.375189992543e+00 5.329560847403e-01)	(5.745721463272e+00 2.375189992543e+00 5.329560847403e-01)	(2.772496886332e-03 1.856657350787e-01 -6.912548480207e-04)	(1.101183838226e-02 2.262342462750e-04 2.514694771576e-01)	(2.199280751094e-03 1.963345062989e-01 -5.631419589493e-04)
24                  	(5.752877352781e+00 2.375200048932e+00 5.696587675058e-01)	(5.752877352781e+00 2.375200048932e+00 5.696587675058e-01)	(2.965326263799e-03 1.732950688595e-01 -7.454180406301e-04)	(1.265894870160e-01 -3.251531754590e-05 4.620924291141e-01)	(1.400549181768e-03 -4.260754493776e-01 -1.125455055690e-03)
24.1                	(5.769058709285e+00 2.375184844402e+00 6.207119065418e-01)	(5.769058709285e+00 2.375184844402e+00 6.207119065418e-01)	(3.042608401878e-03 1.058868070912e-01 -6.602001383617e-04)	(1.850317615664e-01 -2.591116575665e-04 5.345250762711e-01)	(3.731598448743e-04 -8.867243106608e-01 -1.207869203647e-03)
24.2                	(5.787401616030e+00 2.375150343430e+00 6.716002868235e-01)	(5.787401616030e+00 2.375150343430e+00 6.716002868235e-01)	(3.022042579299e-03 3.747595475483e-03 -4.654323730727e-04)	(1.692173461280e-01 -4.173747100925e-04 4.586862015771e-01)	(-5.765363640929e-04 -1.115516041628e+00 -1.087060907977e-03)
24.3                	(5.800508554791e+00 2.375104173962e+00 7.078352940888e-01)	(5.800508554791e+00 2.375104173962e+00 7.078352940888e-01)	(2.936747732509e-03 -1.079764108924e-01 -2.286887183076e-04)	(8.383873667884e-02 -4.670261479846e-04 2.459026944549e-01)	(-1.353388107087e-03 -1.063481800474e+00 -8.301679306764e-04)
24.4                	(5.803598484094e+00 2.375063288920e+00 7.176932181024e-01)	(5.803598484094e+00 2.375063288920e+00 7.176932181024e-01)	(2.796357114724e-03 -1.970847990614e-01 -3.871458958276e-05)	(-1.853744213986e-02 -3.395213253461e-04 -5.776097060254e-02)	(-1.998842077614e-03 -6.621311944938e-01 -5.170907503508e-04)
24.5                	(5.798048148634e+00 2.375035895532e+00 6.963277353618e-01)	(5.798048148634e+00 2.375035895532e+00 6.963277353618e-01)	(2.593041482099e-03 -2.319135296209e-01 3.449049840306e-05)	(-8.480901942731e-02 -1.861202605601e-04 -3.592318675991e-01)	(-2.310937946444e-03 -9.776165913969e-03 9.499754814873e-05)
24.6                	(5.788123092375e+00 2.375033492040e+00 6.497611205840e-01)	(5.788123092375e+00 2.375033492040e+00 6.497611205840e-01)	(2.375434945197e-03 -1.982734371964e-01 -9.857370255318e-06)	(-1.083860889130e-01 1.490106621121e-04 -5.448333567110e-01)	(-1.596464543893e-03 6.676839053395e-01 6.188352396284e-04)
24.7                	(5.776705732140e+00 2.375063019731e+00 5.935610431872e-01)	(5.776705732140e+00 2.375063019731e+00 5.935610431872e-01)	(2.276578585835e-03 -1.053264855653e-01 -1.460510902817e-04)	(-1.210181500992e-01 4.145929784399e-04 -5.466218596444e-01)	(7.609558774327e-05 1.138476878474e+00 9.593264037030e-04)
24.8                	(5.763805028934e+00 2.375109241975e+00 5.464343705706e-01)	(5.763805028934e+00 2.375109241975e+00 5.464343705706e-01)	(2.351061906728e-03 1.632434119209e-02 -3.244348507498e-04)	(-1.343475096269e-01 4.756066066033e-04 -3.700612976020e-01)	(1.429672313369e-03 1.221377837060e+00 1.020008605885e-03)
24.9                	(5.751409142459e+00 2.375153944601e+00 5.234818822487e-01)	(5.751409142459e+00 2.375153944601e+00 5.234818822487e-01)	(2.538097172171e-03 1.247067532836e-01 -5.042838352884e-04)	(-1.023816191723e-01 4.054699881526e-04 -7.903663668973e-02)	(1.915906435836e-03 8.816843352403e-01 5.660234503628e-04)
25                  	(5.745714776909e+00 2.375187476933e+00 5.310036240226e-01)	(5.745714776909e+00 2.375187476933e+00 5.310036240226e-01)	(2.744572875031e-03 1.832489292169e-01 -6.476811330004e-04)	(-1.484796568427e-03 2.453002779521e-04 2.242830123944e-01)	(1.630552930612e-03 2.655296576199e-01 -3.542760358626e-04)
25.1                	(5.751685766068e+00 2.375200182402e+00 5.654886148498e-01)	(5.751685766068e+00 2.375200182402e+00 5.654886148498e-01)	(2.880024745706e-03 1.774150572743e-01 -7.043612390825e-04)	(1.167824325917e-01 7.144971557417e-07 4.458156554167e-01)	(8.587443107463e-04 -3.669556773433e-01 -1.014444567840e-03)
25.2                	(5.767230102779e+00 2.375189363908e+00 6.156003348793e-01)	(5.767230102779e+00 2.375189363908e+00 6.156003348793e-01)	(2.916990475205e-03 1.148795951563e-01 -6.363083910909e-04)	(1.823794410832e-01 -2.029731294408e-04 5.322400689829e-01)	(9.032584163092e-05 -8.496010666076e-01 -1.225415798597e-03)
25.3                	(5.785687984949e+00 2.375161364273e+00 6.669757283130e-01)	(5.785687984949e+00 2.375161364273e+00 6.669757283130e-01)	(2.883741626252e-03 1.517558870367e-02 -4.679890072932e-04)	(1.742804753868e-01 -3.447977711761e-04 4.708193497844e-01)	(-5.587650406887e-04 -1.104098247710e+00 -1.158606068135e-03)
25.4                	(5.799636643523e+00 2.375122446487e+00 7.050799855949e-01)	(5.799636643523e+00 2.375122446487e+00 7.050799855949e-01)	(2.804605644794e-03 -9.700365691834e-02 -2.528417330314e-04)	(9.470238200825e-02 -4.012045058848e-04 2.705597324164e-01)	(-1.186921853090e-03 -1.085727970240e+00 -8.987319540825e-04)
25.5                	(5.803794078507e+00 2.375087165588e+00 7.178083765751e-01)	(5.803794078507e+00 2.375087165588e+00 7.178083765751e-01)	(2.685167673359e-03 -1.901452564981e-01 -6.859194478170e-05)	(-9.217123809147e-03 -2.877695451307e-04 -2.643506000153e-02)	(-1.702624674046e-03 -7.192221571450e-01 -5.843724989576e-04)
25.6                	(5.798961157278e+00 2.375064067879e+00 6.994512970836e-01)	(5.798961157278e+00 2.375064067879e+00 6.994512970836e-01)	(2.515069667882e-03 -2.316622934804e-01 1.240957672255e-05)	(-7.999230089156e-02 -1.621168895572e-04 -3.323023602729e-01)	(-1.983876953104e-03 -8.223269360750e-02 2.454694008423e-05)
25.7                	(5.789309200422e+00 2.375061741832e+00 6.548999861620e-01)	(5.789309200422e+00 2.375061741832e+00 6.548999861620e-01)	(2.330019989640e-03 -2.050110757521e-01 -1.778136230815e-05)	(-1.071081136028e-01 1.349514116353e-04 -5.327833012117e-01)	(-1.329101551830e-03 6.042226139377e-01 5.801600527839e-04)
25.8                	(5.778016889465e+00 2.375089684726e+00 5.989795058211e-01)	(5.778016889465e+00 2.375089684726e+00 5.989795058211e-01)	(2.259557386627e-03 -1.169887225505e-01 -1.444304257051e-04)	(-1.194704194500e-01 4.038784623612e-04 -5.532914212582e-01)	(4.076373412934e-04 1.106573792856e+00 9.154436038676e-04)
25.9                	(5.765250831643e+00 2.375136410817e+00 5.503635057292e-01)	(5.765250831643e+00 2.375136410817e+00 5.503635057292e-01)	(2.376838382673e-03 3.645564082571e-03 -3.247753543058e-04)	(-1.342614139365e-01 4.971976740630e-04 -3.926048911953e-01)	(1.999965061083e-03 1.233294342881e+00 9.873254679959e-04)
26                  	(5.752565157447e+00 2.375184135438e+00 5.246975306097e-01)	(5.752565157447e+00 2.375184135438e+00 5.246975306097e-01)	(2.620899967449e-03 1.153040157475e-01 -5.182866638615e-04)	(-1.088385475207e-01 4.376104755749e-04 -1.090394791964e-01)	(2.433380415050e-03 9.328096294510e-01 6.148101222725e-04)
26.1                	(5.745878960205e+00 2.375219909065e+00 5.292421227257e-01)	(5.745878960205e+00 2.375219909065e+00 5.292421227257e-01)	(2.865129345847e-03 1.800251797264e-01 -6.742629016913e-04)	(-1.411467776942e-02 2.560131218381e-04 1.960736021362e-01)	(1.828488182870e-03 3.327244475555e-01 -2.113614937666e-04)
26.2                	(5.750623864611e+00 2.375232381089e+00 5.614118355317e-01)	(5.750623864611e+00 2.375232381089e+00 5.614118355317e-01)	(3.002519836426e-03 1.806426694522e-01 -7.354178767937e-04)	(1.062115546378e-01 -1.350713836397e-05 4.283364283071e-01)	(6.841253437337e-04 -3.082014020086e-01 -8.959625116539e-04)
26.3                	(5.765440589946e+00 2.375219504639e+00 6.104547711844e-01)	(5.765440589946e+00 2.375219504639e+00 6.104547711844e-01)	(3.005275037355e-03 1.230570310857e-01 -6.659440269583e-04)	(1.787688118744e-01 -2.243581122083e-04 5.286030041708e-01)	(-3.573895513778e-04 -8.109161610188e-01 -1.167744850725e-03)
26.4                	(5.783920910658e+00 2.375189992367e+00 6.621899522020e-01)	(5.783920910658e+00 2.375189992367e+00 6.621899522020e-01)	(2.923050214068e-03 2.601959194260e-02 -4.979400127944e-04)	(1.784460810758e-01 -3.543604519318e-04 4.817578834702e-01)	(-1.008310238459e-03 -1.089514926198e+00 -1.183414940628e-03)
26.5                	(5.798643446388e+00 2.375150895688e+00 7.020631439654e-01)	(5.798643446388e+00 2.375150895688e+00 7.020631439654e-01)	(2.803032414966e-03 -8.616012326569e-02 -2.876414028887e-04)	(1.052561797873e-01 -4.039349709903e-04 2.944591855728e-01)	(-1.486631944772e-03 -1.102214598947e+00 -9.930345162470e-04)
26.6                	(5.803878374399e+00 2.375115538602e+00 7.176255602520e-01)	(5.803878374399e+00 2.375115538602e+00 7.176255602520e-01)	(2.661133025924e-03 -1.827282230070e-01 -1.045330134996e-04)	(5.463582087107e-04 -2.822626755729e-04 4.965929013628e-03)	(-1.813486570286e-03 -7.700996939607e-01 -6.688095941434e-04)
26.7                	(5.799810840838e+00 2.375093528389e+00 7.023510843262e-01)	(5.799810840838e+00 2.375093528389e+00 7.023510843262e-01)	(2.489469471089e-03 -2.304522883554e-01 -1.696352211333e-05)	(-7.468374672106e-02 -1.545745258282e-04 -3.041266213511e-01)	(-1.932068209875e-03 -1.514742872797e-01 -3.855247089968e-05)
26.8                	(5.790465607703e+00 2.375090391904e+00 6.599847317039e-01)	(5.790465607703e+00 2.375090391904e+00 6.599847317039e-01)	(2.313982517649e-03 -2.106480335294e-01 -3.119096335007e-05)	(-1.057665694931e-01 1.153691306683e-04 -5.187551207506e-01)	(-1.282740098819e-03 5.401110684717e-01 6.318721709380e-04)
26.9                	(5.779280290844e+00 2.375116036008e+00 6.045313110733e-01)	(5.779280290844e+00 2.375116036008e+00 6.045313110733e-01)	(2.249383031111e-03 -1.278179552494e-01 -1.361570907016e-04)	(-1.182575043324e-01 3.787743595758e-04 -5.583716601406e-01)	(4.117019412555e-04 1.070048536006e+00 1.016026051972e-03)
27                  	(5.766637078186e+00 2.375160907502e+00 5.545514506729e-01)	(5.766637078186e+00 2.375160907502e+00 5.545514506729e-01)	(2.363334041555e-03 -8.762060410307e-03 -3.021019387482e-04)	(-1.338281364812e-01 4.886224139556e-04 -4.139689421864e-01)	(1.957498348099e-03 1.239505572550e+00 1.080543665922e-03)
27.1                	(5.753708455711e+00 2.375208576457e+00 5.262026208050e-01)	(5.753708455711e+00 2.375208576457e+00 5.262026208050e-01)	(2.600819340473e-03 1.056041579599e-01 -4.895969161840e-04)	(-1.146266354727e-01 4.441335717120e-04 -1.392061753234e-01)	(2.405209355191e-03 9.792813107516e-01 7.477318030679e-04)
27.2                	(5.746090955993e+00 2.375245168620e+00 5.277165680829e-01)	(5.746090955993e+00 2.375245168620e+00 5.277165680829e-01)	(2.842144955816e-03 1.762076600853e-01 -6.428739479551e-04)	(-2.649720783268e-02 2.636293488316e-04 1.667387888266e-01)	(1.825085781383e-03 3.986095344754e-01 -6.836585537424e-06)
27.3                	(5.749600878593e+00 2.375258114619e+00 5.574478160172e-01)	(5.749600878593e+00 2.375258114619e+00 5.574478160172e-01)	(2.978030931904e-03 1.833144290891e-01 -7.028888282584e-04)	(9.502708436731e-02 -8.688624179795e-06 4.093875589381e-01)	(6.577147185452e-04 -2.475481936863e-01 -7.256850339725e-04)
27.4                	(5.763628341670e+00 2.375245705405e+00 6.052911406321e-01)	(5.763628341670e+00 2.375245705405e+00 6.052911406321e-01)	(2.978443754636e-03 1.309394937321e-01 -6.394826018715e-04)	(1.744269175388e-01 -2.160171229926e-04 5.236849069859e-01)	(-4.189292996090e-04 -7.690441678385e-01 -1.122676422911e-03)
27.5                	(5.782054825642e+00 2.375217794114e+00 6.572722568517e-01)	(5.782054825642e+00 2.375217794114e+00 6.572722568517e-01)	(2.887041385284e-03 3.691546592856e-02 -4.859820125804e-04)	(1.817758774996e-01 -3.332878867225e-04 4.916194767818e-01)	(-1.092068698762e-03 -1.071293341474e+00 -1.271618641091e-03)
27.6                	(5.797475927920e+00 2.375181093309e+00 6.988230886649e-01)	(5.797475927920e+00 2.375181093309e+00 6.988230886649e-01)	(2.758750434940e-03 -7.486293911190e-02 -2.920022256509e-04)	(1.152789873422e-01 -3.863539367631e-04 3.176056083541e-01)	(-1.497328485978e-03 -1.114497213192e+00 -1.104351243109e-03)
27.7                	(5.803776012591e+00 2.375146747258e+00 7.171700124781e-01)	(5.803776012591e+00 2.375146747258e+00 7.171700124781e-01)	(2.616521314605e-03 -1.744866963473e-01 -1.139205845869e-04)	(1.050620001884e-02 -2.785079126221e-04 3.622271909833e-02)	(-1.776268674178e-03 -8.182340395290e-01 -7.264923169754e-04)
27.8                	(5.800499456627e+00 2.375125694308e+00 7.050098504822e-01)	(5.800499456627e+00 2.375125694308e+00 7.050098504822e-01)	(2.451370682268e-03 -2.282886361504e-01 -1.951692747028e-05)	(-6.905503581644e-02 -1.438795327993e-04 -2.752103149047e-01)	(-1.858966362828e-03 -2.210723303032e-01 -1.034398769373e-04)
27.9                	(5.791489298087e+00 2.375122568217e+00 6.649469360489e-01)	(5.791489298087e+00 2.375122568217e+00 6.649469360489e-01)	(2.284407219440e-03 -2.154797725148e-01 -2.102545588010e-05)	(-1.042623103661e-01 1.039641839044e-04 -5.032075069367e-01)	(-1.274672475301e-03 4.734292260766e-01 6.155552273497e-04)
28                  	(5.780415216836e+00 2.375146114945e+00 6.101226616814e-01)	(5.780415216836e+00 2.375146114945e+00 6.101226616814e-01)	(2.214694200331e-03 -1.381968529388e-01 -1.108814968876e-04)	(-1.169828825061e-01 3.501569998741e-04 -5.616785297253e-01)	(2.465366059438e-04 1.029328910955e+00 1.026477748943e-03)
