                 0.1	   7.000283815032e-01   2.838150316009e-05
0.2	   7.000470437131e-01   4.704371305153e-05
0.3	   7.000477725203e-01   4.777252031962e-05
0.4	   7.000145695054e-01   1.456950541945e-05
0.5	   6.999149167423e-01  -8.508325771395e-05
0.6	   6.997166283120e-01  -2.833716879651e-04
0.7	   6.994065209810e-01  -5.934790189853e-04
0.8	   6.990161971679e-01  -9.838028321267e-04
0.9	   6.986148502612e-01  -1.385149738768e-03
1	   6.982976578660e-01  -1.702342134005e-03
1.1	   6.981597414990e-01  -1.840258501019e-03
1.2	   6.982832528381e-01  -1.716747161944e-03
1.3	   6.987348473751e-01  -1.265152624881e-03
1.4	   6.995604799947e-01  -4.395200052831e-04
1.5	   7.007900939067e-01   7.900939066738e-04
1.6	   7.023977934801e-01   2.397793480060e-03
1.7	   7.042892826660e-01   4.289282665968e-03
1.8	   7.062880688680e-01   6.288068867978e-03
1.9	   7.081016341714e-01   8.101634171442e-03
2	   7.093757356534e-01   9.375735653432e-03
2.1	   7.097562014500e-01   9.756201449963e-03
2.2	   7.089712184439e-01   8.971218443892e-03
2.3	   7.069100007915e-01   6.910000791502e-03
2.4	   7.036753455608e-01   3.675345560843e-03
2.5	   6.995739122135e-01  -4.260877864628e-04
2.6	   6.950466321638e-01  -4.953367836180e-03
2.7	   6.906105939638e-01  -9.389406036214e-03
2.8	   6.867876035068e-01  -1.321239649322e-02
2.9	   6.839960117749e-01  -1.600398822513e-02
3	   6.826058630774e-01  -1.739413692259e-02
3.1	   6.828491355720e-01  -1.715086442801e-02
3.2	   6.848376103856e-01  -1.516238961439e-02
3.3	   6.885557392671e-01  -1.144426073286e-02
3.4	   6.937921373384e-01  -6.207862661632e-03
3.5	   7.001891874855e-01   1.891874854980e-04
3.6	   7.072470939389e-01   7.247093938903e-03
3.7	   7.143629466485e-01   1.436294664848e-02
3.8	   7.207589580207e-01   2.075895802067e-02
3.9	   7.255784104828e-01   2.557841048284e-02
4	   7.280242576116e-01   2.802425761159e-02
4.1	   7.274929106423e-01   2.749291064229e-02
4.2	   7.237320273415e-01   2.373202734152e-02
4.3	   7.170376673955e-01   1.703766739547e-02
4.4	   7.082320565762e-01   8.232056576238e-03
4.5	   6.983800917953e-01  -1.619908204652e-03
4.6	   6.886506745222e-01  -1.134932547777e-02
4.7	   6.800113428984e-01  -1.998865710163e-02
4.8	   6.732197032409e-01  -2.678029675913e-02
4.9	   6.687948276514e-01  -3.120517234863e-02
5	   6.670497013851e-01  -3.295029861487e-02
5.1	   6.681420712196e-01  -3.185792878042e-02
5.2	   6.721263925050e-01  -2.787360749496e-02
5.3	   6.789187604365e-01  -2.108123956349e-02
5.4	   6.882867073641e-01  -1.171329263590e-02
5.5	   6.997648989047e-01  -2.351010952744e-04
5.6	   7.124595583891e-01   1.245955838908e-02
5.7	   7.252765926841e-01   2.527659268410e-02
5.8	   7.366223349168e-01   3.662233491682e-02
5.9	   7.448647613181e-01   4.486476131814e-02
6	   7.483925413321e-01   4.839254133213e-02
6.1	   7.462721226491e-01   4.627212264911e-02
6.2	   7.385229234170e-01   3.852292341696e-02
6.3	   7.262828163362e-01   2.628281633615e-02
6.4	   7.114314424830e-01   1.143144248304e-02
6.5	   6.959141029946e-01  -4.085897005443e-03
6.6	   6.814717933671e-01  -1.852820663291e-02
6.7	   6.692739483777e-01  -3.072605162228e-02
6.8	   6.600980148678e-01  -3.990198513222e-02
6.9	   6.543361493453e-01  -4.566385065473e-02
7	   6.522470021827e-01  -4.775299781734e-02
7.1	   6.539387853588e-01  -4.606121464116e-02
7.2	   6.595425459252e-01  -4.045745407482e-02
7.3	   6.691527051000e-01  -3.084729489997e-02
7.4	   6.825875522103e-01  -1.741244778974e-02
7.5	   6.994449521568e-01  -5.550478432161e-04
7.6	   7.185679228357e-01   1.856792283567e-02
7.7	   7.380721438732e-01   3.807214387323e-02
7.8	   7.552411481279e-01   5.524114812793e-02
7.9	   7.669061132689e-01   6.690611326891e-02
8	   7.705175553668e-01   7.051755536681e-02
8.1	   7.651834837614e-01   6.518348376137e-02
8.2	   7.520283196131e-01   5.202831961311e-02
8.3	   7.336671272446e-01   3.366712724461e-02
8.4	   7.130905771836e-01   1.309057718359e-02
8.5	   6.928481614394e-01  -7.151838560554e-03
8.6	   6.747751288306e-01  -2.522487116943e-02
8.7	   6.599777451747e-01  -4.002225482528e-02
8.8	   6.489849119178e-01  -5.101508808224e-02
8.9	   6.421309737502e-01  -5.786902624980e-02
9	   6.395392903528e-01  -6.046070964718e-02
9.1	   6.413064078077e-01  -5.869359219232e-02
9.2	   6.476229343344e-01  -5.237706566563e-02
9.3	   6.587278676331e-01  -4.127213236685e-02
9.4	   6.747950536274e-01  -2.520494637256e-02
9.5	   6.954522682364e-01  -4.547731763581e-03
9.6	   7.195146954569e-01   1.951469545687e-02
9.7	   7.443831080391e-01   4.438310803914e-02
9.8	   7.659152966497e-01   6.591529664972e-02
9.9	   7.794851418370e-01   7.948514183696e-02
10	   7.820207088449e-01   8.202070884487e-02
10.1	   7.735143252635e-01   7.351432526353e-02
10.2	   7.566121338967e-01   5.661213389673e-02
10.3	   7.350714211866e-01   3.507142118663e-02
10.4	   7.123603842238e-01   1.236038422384e-02
10.5	   6.909776513795e-01  -9.022348620476e-03
10.6	   6.724992195153e-01  -2.750078048470e-02
10.7	   6.578019598426e-01  -4.219804015736e-02
10.8	   6.472536357267e-01  -5.274636427332e-02
10.9	   6.410209093390e-01  -5.897909066104e-02
11	   6.390813145657e-01  -6.091868543427e-02
11.1	   6.413964005545e-01  -5.860359944555e-02
11.2	   6.480544232391e-01  -5.194557676095e-02
11.3	   6.592592097192e-01  -4.074079028083e-02
11.4	   6.752141055633e-01  -2.478589443670e-02
11.5	   6.956327519187e-01  -4.367248081331e-03
11.6	   7.194365639506e-01   1.943656395061e-02
11.7	   7.441317375453e-01   4.413173754533e-02
11.8	   7.656876928738e-01   6.568769287380e-02
11.9	   7.795343748301e-01   7.953437483005e-02
12	   7.825047321318e-01   8.250473213182e-02
12.1	   7.743793544865e-01   7.437935448653e-02
12.2	   7.576422190976e-01   5.764221909761e-02
12.3	   7.359786223293e-01   3.597862232929e-02
12.4	   7.129160328601e-01   1.291603286011e-02
12.5	   6.910848641280e-01  -8.915135871998e-03
12.6	   6.721906251918e-01  -2.780937480819e-02
12.7	   6.572206476715e-01  -4.277935232852e-02
12.8	   6.466304268660e-01  -5.336957313401e-02
12.9	   6.405741746479e-01  -5.942582535206e-02
13	   6.389577321586e-01  -6.104226784143e-02
13.1	   6.416167450243e-01  -5.838325497573e-02
13.2	   6.484673495893e-01  -5.153265041073e-02
13.3	   6.596917938083e-01  -4.030820619168e-02
13.4	   6.755107272352e-01  -2.448927276476e-02
13.5	   6.956989667125e-01  -4.301033287515e-03
13.6	   7.192386722189e-01   1.923867221889e-02
13.7	   7.437217534268e-01   4.372175342684e-02
13.8	   7.651867594056e-01   6.518675940557e-02
13.9	   7.790914622837e-01   7.909146228367e-02
14	   7.822322259798e-01   8.223222597978e-02
14.1	   7.743263081161e-01   7.432630811611e-02
14.2	   7.577953073007e-01   5.779530730066e-02
14.3	   7.362724094352e-01   3.627240943520e-02
14.4	   7.132569153007e-01   1.325691530072e-02
14.5	   6.913914819859e-01  -8.608518014083e-03
14.6	   6.724243884804e-01  -2.757561151956e-02
14.7	   6.573766606856e-01  -4.262333931435e-02
14.8	   6.467249162701e-01  -5.327508372992e-02
14.9	   6.406362612290e-01  -5.936373877096e-02
15	   6.390085540546e-01  -6.099144594544e-02
15.1	   6.416637317528e-01  -5.833626824715e-02
15.2	   6.484925566085e-01  -5.150744339147e-02
15.3	   6.596653844310e-01  -4.033461556898e-02
15.4	   6.754186168605e-01  -2.458138313953e-02
15.5	   6.955361531098e-01  -4.463846890244e-03
15.6	   7.190082908149e-01   1.900829081486e-02
15.7	   7.434382556019e-01   4.343825560186e-02
15.8	   7.648864672941e-01   6.488646729410e-02
15.9	   7.788350496496e-01   7.883504964963e-02
16	   7.820839199561e-01   8.208391995608e-02
16.1	   7.743323005826e-01   7.433230058264e-02
16.2	   7.579628833506e-01   5.796288335055e-02
16.3	   7.365564074346e-01   3.655640743456e-02
16.4	   7.135846503386e-01   1.358465033858e-02
16.5	   6.917014107795e-01  -8.298589220491e-03
16.6	   6.726745206475e-01  -2.732547935251e-02
16.7	   6.575455573620e-01  -4.245444263804e-02
16.8	   6.468096096179e-01  -5.319039038212e-02
16.9	   6.406491243722e-01  -5.935087562777e-02
17	   6.389704499705e-01  -6.102955002946e-02
17.1	   6.415924245069e-01  -5.840757549306e-02
17.2	   6.483896758801e-01  -5.161032411990e-02
17.3	   6.595388959816e-01  -4.046110401844e-02
17.4	   6.752750220748e-01  -2.472497792521e-02
17.5	   6.953714640740e-01  -4.628535926005e-03
17.6	   7.188090847653e-01   1.880908476530e-02
17.7	   7.431919125363e-01   4.319191253633e-02
17.8	   7.646034496450e-01   6.460344964503e-02
17.9	   7.785655975952e-01   7.856559759515e-02
18	   7.819049637803e-01   8.190496378033e-02
18.1	   7.743157124226e-01   7.431571242259e-02
18.2	   7.581249786304e-01   5.812497863043e-02
18.3	   7.368539988263e-01   3.685399882632e-02
18.4	   7.139495591319e-01   1.394955913188e-02
18.5	   6.920668041055e-01  -7.933195894509e-03
18.6	   6.729826836281e-01  -2.701731637189e-02
18.7	   6.577594940205e-01  -4.224050597953e-02
18.8	   6.469120493828e-01  -5.308795061723e-02
18.9	   6.406455778086e-01  -5.935442219144e-02
19	   6.388866212085e-01  -6.111337879147e-02
19.1	   6.414658631295e-01  -5.853413687055e-02
19.2	   6.482520280556e-01  -5.174797194436e-02
19.3	   6.594160695287e-01  -4.058393047126e-02
19.4	   6.751819380281e-01  -2.481806197190e-02
19.5	   6.952990202431e-01  -4.700979756903e-03
19.6	   7.187310326670e-01   1.873103266696e-02
19.7	   7.430772822876e-01   4.307728228756e-02
19.8	   7.644416565928e-01   6.444165659275e-02
19.9	   7.783858422656e-01   7.838584226559e-02
20	   7.817588132307e-01   8.175881323073e-02
20.1	   7.742642297198e-01   7.426422971981e-02
20.2	   7.581960858651e-01   5.819608586514e-02
20.3	   7.370365593501e-01   3.703655935013e-02
20.4	   7.142007282762e-01   1.420072827616e-02
20.5	   6.923422284533e-01  -7.657771546726e-03
20.6	   6.732391373705e-01  -2.676086262950e-02
20.7	   6.579618129431e-01  -4.203818705686e-02
20.8	   6.470414978600e-01  -5.295850214000e-02
20.9	   6.407011670387e-01  -5.929883296128e-02
21	   6.388759793987e-01  -6.112402060132e-02
21.1	   6.414038072923e-01  -5.859619270765e-02
21.2	   6.481587201686e-01  -5.184127983141e-02
21.3	   6.593080113808e-01  -4.069198861920e-02
21.4	   6.750750501623e-01  -2.492494983770e-02
21.5	   6.951946027497e-01  -4.805397250294e-03
21.6	   7.186178986153e-01   1.861789861532e-02
21.7	   7.429403483875e-01   4.294034838750e-02
21.8	   7.642794968637e-01   6.427949686365e-02
21.9	   7.782221393083e-01   7.822213930831e-02
22	   7.816423540996e-01   8.164235409956e-02
22.1	   7.742425324076e-01   7.424253240760e-02
22.2	   7.582931885285e-01   5.829318852855e-02
22.3	   7.372311719494e-01   3.723117194943e-02
22.4	   7.144461432078e-01   1.444614320778e-02
22.5	   6.925939135290e-01  -7.406086470981e-03
22.6	   6.734583883058e-01  -2.654161169419e-02
22.7	   6.581246826727e-01  -4.187531732729e-02
22.8	   6.471361780916e-01  -5.286382190845e-02
22.9	   6.407277159154e-01  -5.927228408462e-02
23	   6.388420167564e-01  -6.115798324357e-02
23.1	   6.413168460058e-01  -5.868315399418e-02
23.2	   6.480086332840e-01  -5.199136671595e-02
23.3	   6.591134332399e-01  -4.088656676014e-02
23.4	   6.748560600160e-01  -2.514393998401e-02
23.5	   6.949645641086e-01  -5.035435891448e-03
23.6	   7.183824473548e-01   1.838244735480e-02
23.7	   7.427025721913e-01   4.270257219127e-02
23.8	   7.640540596165e-01   6.405405961645e-02
23.9	   7.780412585793e-01   7.804125857935e-02
24	   7.815499211953e-01   8.154992119530e-02
24.1	   7.742668756619e-01   7.426687566189e-02
24.2	   7.584342623355e-01   5.843426233549e-02
24.3	   7.374555007642e-01   3.745550076420e-02
24.4	   7.147034443434e-01   1.470344434342e-02
24.5	   6.928433804714e-01  -7.156619528556e-03
24.6	   6.736685115161e-01  -2.633148848394e-02
24.7	   6.582773992429e-01  -4.172260075706e-02
24.8	   6.472231614368e-01  -5.277683856317e-02
24.9	   6.407549557852e-01  -5.924504421480e-02
25	   6.388222888311e-01  -6.117771116888e-02
25.1	   6.412652835033e-01  -5.873471649673e-02
25.2	   6.479262353936e-01  -5.207376460640e-02
25.3	   6.590186275214e-01  -4.098137247855e-02
25.4	   6.747602032988e-01  -2.523979670118e-02
25.5	   6.948669558380e-01  -5.133044161992e-03
25.6	   7.182724323114e-01   1.827243231139e-02
25.7	   7.425667202891e-01   4.256672028909e-02
25.8	   7.638928554461e-01   6.389285544607e-02
25.9	   7.778851686974e-01   7.788516869745e-02
26	   7.814517426575e-01   8.145174265749e-02
26.1	   7.742761855267e-01   7.427618552671e-02
26.2	   7.585579894257e-01   5.855798942568e-02
26.3	   7.376664731821e-01   3.766647318209e-02
26.4	   7.149550616876e-01   1.495506168759e-02
26.5	   6.930909988223e-01  -6.909001177704e-03
26.6	   6.738763726014e-01  -2.612362739856e-02
26.7	   6.584257966530e-01  -4.157420334702e-02
26.8	   6.473040580236e-01  -5.269594197644e-02
26.9	   6.407738963881e-01  -5.922610361188e-02
27	   6.387958558925e-01  -6.120414410751e-02
27.1	   6.412116820056e-01  -5.878831799437e-02
27.2	   6.478568614763e-01  -5.214313852365e-02
27.3	   6.589419375327e-01  -4.105806246730e-02
27.4	   6.746764583125e-01  -2.532354168749e-02
27.5	   6.947733965744e-01  -5.226603425553e-03
27.6	   7.181568534581e-01   1.815685345806e-02
27.7	   7.424176892367e-01   4.241768923674e-02
27.8	   7.637167236961e-01   6.371672369611e-02
27.9	   7.777105428553e-01   7.771054285525e-02
28	   7.813183361362e-01   8.131833613624e-02
