                 0.1	(   5.750000000000e+00   3.500000000000e+00  7.000283815032e-01) 
0.2	(   5.750000000000e+00   3.500000000000e+00  7.000470437131e-01) 
0.3	(   5.750000000000e+00   3.500000000000e+00  7.000477725203e-01) 
0.4	(   5.750000000000e+00   3.500000000000e+00  7.000145695054e-01) 
0.5	(   5.750000000000e+00   3.500000000000e+00  6.999149167423e-01) 
0.6	(   5.750000000000e+00   3.500000000000e+00  6.997166283120e-01) 
0.7	(   5.750000000000e+00   3.500000000000e+00  6.994065209810e-01) 
0.8	(   5.750000000000e+00   3.500000000000e+00  6.990161971679e-01) 
0.9	(   5.750000000000e+00   3.500000000000e+00  6.986148502612e-01) 
1	(   5.750000000000e+00   3.500000000000e+00  6.982976578660e-01) 
1.1	(   5.750000000000e+00   3.500000000000e+00  6.981597414990e-01) 
1.2	(   5.750000000000e+00   3.500000000000e+00  6.982832528381e-01) 
1.3	(   5.750000000000e+00   3.500000000000e+00  6.987348473751e-01) 
1.4	(   5.750000000000e+00   3.500000000000e+00  6.995604799947e-01) 
1.5	(   5.750000000000e+00   3.500000000000e+00  7.007900939067e-01) 
1.6	(   5.750000000000e+00   3.500000000000e+00  7.023977934801e-01) 
1.7	(   5.750000000000e+00   3.500000000000e+00  7.042892826660e-01) 
1.8	(   5.750000000000e+00   3.500000000000e+00  7.062880688680e-01) 
1.9	(   5.750000000000e+00   3.500000000000e+00  7.081016341714e-01) 
2	(   5.750000000000e+00   3.500000000000e+00  7.093757356534e-01) 
2.1	(   5.750000000000e+00   3.500000000000e+00  7.097562014500e-01) 
2.2	(   5.750000000000e+00   3.500000000000e+00  7.089712184439e-01) 
2.3	(   5.750000000000e+00   3.500000000000e+00  7.069100007915e-01) 
2.4	(   5.750000000000e+00   3.500000000000e+00  7.036753455608e-01) 
2.5	(   5.750000000000e+00   3.500000000000e+00  6.995739122135e-01) 
2.6	(   5.750000000000e+00   3.500000000000e+00  6.950466321638e-01) 
2.7	(   5.750000000000e+00   3.500000000000e+00  6.906105939638e-01) 
2.8	(   5.750000000000e+00   3.500000000000e+00  6.867876035068e-01) 
2.9	(   5.750000000000e+00   3.500000000000e+00  6.839960117749e-01) 
3	(   5.750000000000e+00   3.500000000000e+00  6.826058630774e-01) 
3.1	(   5.750000000000e+00   3.500000000000e+00  6.828491355720e-01) 
3.2	(   5.750000000000e+00   3.500000000000e+00  6.848376103856e-01) 
3.3	(   5.750000000000e+00   3.500000000000e+00  6.885557392671e-01) 
3.4	(   5.750000000000e+00   3.500000000000e+00  6.937921373384e-01) 
3.5	(   5.750000000000e+00   3.500000000000e+00  7.001891874855e-01) 
3.6	(   5.750000000000e+00   3.500000000000e+00  7.072470939389e-01) 
3.7	(   5.750000000000e+00   3.500000000000e+00  7.143629466485e-01) 
3.8	(   5.750000000000e+00   3.500000000000e+00  7.207589580207e-01) 
3.9	(   5.750000000000e+00   3.500000000000e+00  7.255784104828e-01) 
4	(   5.750000000000e+00   3.500000000000e+00  7.280242576116e-01) 
4.1	(   5.750000000000e+00   3.500000000000e+00  7.274929106423e-01) 
4.2	(   5.750000000000e+00   3.500000000000e+00  7.237320273415e-01) 
4.3	(   5.750000000000e+00   3.500000000000e+00  7.170376673955e-01) 
4.4	(   5.750000000000e+00   3.500000000000e+00  7.082320565762e-01) 
4.5	(   5.750000000000e+00   3.500000000000e+00  6.983800917953e-01) 
4.6	(   5.750000000000e+00   3.500000000000e+00  6.886506745222e-01) 
4.7	(   5.750000000000e+00   3.500000000000e+00  6.800113428984e-01) 
4.8	(   5.750000000000e+00   3.500000000000e+00  6.732197032409e-01) 
4.9	(   5.750000000000e+00   3.500000000000e+00  6.687948276514e-01) 
5	(   5.750000000000e+00   3.500000000000e+00  6.670497013851e-01) 
5.1	(   5.750000000000e+00   3.500000000000e+00  6.681420712196e-01) 
5.2	(   5.750000000000e+00   3.500000000000e+00  6.721263925050e-01) 
5.3	(   5.750000000000e+00   3.500000000000e+00  6.789187604365e-01) 
5.4	(   5.750000000000e+00   3.500000000000e+00  6.882867073641e-01) 
5.5	(   5.750000000000e+00   3.500000000000e+00  6.997648989047e-01) 
5.6	(   5.750000000000e+00   3.500000000000e+00  7.124595583891e-01) 
5.7	(   5.750000000000e+00   3.500000000000e+00  7.252765926841e-01) 
5.8	(   5.750000000000e+00   3.500000000000e+00  7.366223349168e-01) 
5.9	(   5.750000000000e+00   3.500000000000e+00  7.448647613181e-01) 
6	(   5.750000000000e+00   3.500000000000e+00  7.483925413321e-01) 
6.1	(   5.750000000000e+00   3.500000000000e+00  7.462721226491e-01) 
6.2	(   5.750000000000e+00   3.500000000000e+00  7.385229234170e-01) 
6.3	(   5.750000000000e+00   3.500000000000e+00  7.262828163362e-01) 
6.4	(   5.750000000000e+00   3.500000000000e+00  7.114314424830e-01) 
6.5	(   5.750000000000e+00   3.500000000000e+00  6.959141029946e-01) 
6.6	(   5.750000000000e+00   3.500000000000e+00  6.814717933671e-01) 
6.7	(   5.750000000000e+00   3.500000000000e+00  6.692739483777e-01) 
6.8	(   5.750000000000e+00   3.500000000000e+00  6.600980148678e-01) 
6.9	(   5.750000000000e+00   3.500000000000e+00  6.543361493453e-01) 
7	(   5.750000000000e+00   3.500000000000e+00  6.522470021827e-01) 
7.1	(   5.750000000000e+00   3.500000000000e+00  6.539387853588e-01) 
7.2	(   5.750000000000e+00   3.500000000000e+00  6.595425459252e-01) 
7.3	(   5.750000000000e+00   3.500000000000e+00  6.691527051000e-01) 
7.4	(   5.750000000000e+00   3.500000000000e+00  6.825875522103e-01) 
7.5	(   5.750000000000e+00   3.500000000000e+00  6.994449521568e-01) 
7.6	(   5.750000000000e+00   3.500000000000e+00  7.185679228357e-01) 
7.7	(   5.750000000000e+00   3.500000000000e+00  7.380721438732e-01) 
7.8	(   5.750000000000e+00   3.500000000000e+00  7.552411481279e-01) 
7.9	(   5.750000000000e+00   3.500000000000e+00  7.669061132689e-01) 
8	(   5.750000000000e+00   3.500000000000e+00  7.705175553668e-01) 
8.1	(   5.750000000000e+00   3.500000000000e+00  7.651834837614e-01) 
8.2	(   5.750000000000e+00   3.500000000000e+00  7.520283196131e-01) 
8.3	(   5.750000000000e+00   3.500000000000e+00  7.336671272446e-01) 
8.4	(   5.750000000000e+00   3.500000000000e+00  7.130905771836e-01) 
8.5	(   5.750000000000e+00   3.500000000000e+00  6.928481614394e-01) 
8.6	(   5.750000000000e+00   3.500000000000e+00  6.747751288306e-01) 
8.7	(   5.750000000000e+00   3.500000000000e+00  6.599777451747e-01) 
8.8	(   5.750000000000e+00   3.500000000000e+00  6.489849119178e-01) 
8.9	(   5.750000000000e+00   3.500000000000e+00  6.421309737502e-01) 
9	(   5.750000000000e+00   3.500000000000e+00  6.395392903528e-01) 
9.1	(   5.750000000000e+00   3.500000000000e+00  6.413064078077e-01) 
9.2	(   5.750000000000e+00   3.500000000000e+00  6.476229343344e-01) 
9.3	(   5.750000000000e+00   3.500000000000e+00  6.587278676331e-01) 
9.4	(   5.750000000000e+00   3.500000000000e+00  6.747950536274e-01) 
9.5	(   5.750000000000e+00   3.500000000000e+00  6.954522682364e-01) 
9.6	(   5.750000000000e+00   3.500000000000e+00  7.195146954569e-01) 
9.7	(   5.750000000000e+00   3.500000000000e+00  7.443831080391e-01) 
9.8	(   5.750000000000e+00   3.500000000000e+00  7.659152966497e-01) 
9.9	(   5.750000000000e+00   3.500000000000e+00  7.794851418370e-01) 
10	(   5.750000000000e+00   3.500000000000e+00  7.820207088449e-01) 
10.1	(   5.750000000000e+00   3.500000000000e+00  7.735143252635e-01) 
10.2	(   5.750000000000e+00   3.500000000000e+00  7.566121338967e-01) 
10.3	(   5.750000000000e+00   3.500000000000e+00  7.350714211866e-01) 
10.4	(   5.750000000000e+00   3.500000000000e+00  7.123603842238e-01) 
10.5	(   5.750000000000e+00   3.500000000000e+00  6.909776513795e-01) 
10.6	(   5.750000000000e+00   3.500000000000e+00  6.724992195153e-01) 
10.7	(   5.750000000000e+00   3.500000000000e+00  6.578019598426e-01) 
10.8	(   5.750000000000e+00   3.500000000000e+00  6.472536357267e-01) 
10.9	(   5.750000000000e+00   3.500000000000e+00  6.410209093390e-01) 
11	(   5.750000000000e+00   3.500000000000e+00  6.390813145657e-01) 
11.1	(   5.750000000000e+00   3.500000000000e+00  6.413964005545e-01) 
11.2	(   5.750000000000e+00   3.500000000000e+00  6.480544232391e-01) 
11.3	(   5.750000000000e+00   3.500000000000e+00  6.592592097192e-01) 
11.4	(   5.750000000000e+00   3.500000000000e+00  6.752141055633e-01) 
11.5	(   5.750000000000e+00   3.500000000000e+00  6.956327519187e-01) 
11.6	(   5.750000000000e+00   3.500000000000e+00  7.194365639506e-01) 
11.7	(   5.750000000000e+00   3.500000000000e+00  7.441317375453e-01) 
11.8	(   5.750000000000e+00   3.500000000000e+00  7.656876928738e-01) 
11.9	(   5.750000000000e+00   3.500000000000e+00  7.795343748301e-01) 
12	(   5.750000000000e+00   3.500000000000e+00  7.825047321318e-01) 
12.1	(   5.750000000000e+00   3.500000000000e+00  7.743793544865e-01) 
12.2	(   5.750000000000e+00   3.500000000000e+00  7.576422190976e-01) 
12.3	(   5.750000000000e+00   3.500000000000e+00  7.359786223293e-01) 
12.4	(   5.750000000000e+00   3.500000000000e+00  7.129160328601e-01) 
12.5	(   5.750000000000e+00   3.500000000000e+00  6.910848641280e-01) 
12.6	(   5.750000000000e+00   3.500000000000e+00  6.721906251918e-01) 
12.7	(   5.750000000000e+00   3.500000000000e+00  6.572206476715e-01) 
12.8	(   5.750000000000e+00   3.500000000000e+00  6.466304268660e-01) 
12.9	(   5.750000000000e+00   3.500000000000e+00  6.405741746479e-01) 
13	(   5.750000000000e+00   3.500000000000e+00  6.389577321586e-01) 
13.1	(   5.750000000000e+00   3.500000000000e+00  6.416167450243e-01) 
13.2	(   5.750000000000e+00   3.500000000000e+00  6.484673495893e-01) 
13.3	(   5.750000000000e+00   3.500000000000e+00  6.596917938083e-01) 
13.4	(   5.750000000000e+00   3.500000000000e+00  6.755107272352e-01) 
13.5	(   5.750000000000e+00   3.500000000000e+00  6.956989667125e-01) 
13.6	(   5.750000000000e+00   3.500000000000e+00  7.192386722189e-01) 
13.7	(   5.750000000000e+00   3.500000000000e+00  7.437217534268e-01) 
13.8	(   5.750000000000e+00   3.500000000000e+00  7.651867594056e-01) 
13.9	(   5.750000000000e+00   3.500000000000e+00  7.790914622837e-01) 
14	(   5.750000000000e+00   3.500000000000e+00  7.822322259798e-01) 
14.1	(   5.750000000000e+00   3.500000000000e+00  7.743263081161e-01) 
14.2	(   5.750000000000e+00   3.500000000000e+00  7.577953073007e-01) 
14.3	(   5.750000000000e+00   3.500000000000e+00  7.362724094352e-01) 
14.4	(   5.750000000000e+00   3.500000000000e+00  7.132569153007e-01) 
14.5	(   5.750000000000e+00   3.500000000000e+00  6.913914819859e-01) 
14.6	(   5.750000000000e+00   3.500000000000e+00  6.724243884804e-01) 
14.7	(   5.750000000000e+00   3.500000000000e+00  6.573766606856e-01) 
14.8	(   5.750000000000e+00   3.500000000000e+00  6.467249162701e-01) 
14.9	(   5.750000000000e+00   3.500000000000e+00  6.406362612290e-01) 
15	(   5.750000000000e+00   3.500000000000e+00  6.390085540546e-01) 
15.1	(   5.750000000000e+00   3.500000000000e+00  6.416637317528e-01) 
15.2	(   5.750000000000e+00   3.500000000000e+00  6.484925566085e-01) 
15.3	(   5.750000000000e+00   3.500000000000e+00  6.596653844310e-01) 
15.4	(   5.750000000000e+00   3.500000000000e+00  6.754186168605e-01) 
15.5	(   5.750000000000e+00   3.500000000000e+00  6.955361531098e-01) 
15.6	(   5.750000000000e+00   3.500000000000e+00  7.190082908149e-01) 
15.7	(   5.750000000000e+00   3.500000000000e+00  7.434382556019e-01) 
15.8	(   5.750000000000e+00   3.500000000000e+00  7.648864672941e-01) 
15.9	(   5.750000000000e+00   3.500000000000e+00  7.788350496496e-01) 
16	(   5.750000000000e+00   3.500000000000e+00  7.820839199561e-01) 
16.1	(   5.750000000000e+00   3.500000000000e+00  7.743323005826e-01) 
16.2	(   5.750000000000e+00   3.500000000000e+00  7.579628833506e-01) 
16.3	(   5.750000000000e+00   3.500000000000e+00  7.365564074346e-01) 
16.4	(   5.750000000000e+00   3.500000000000e+00  7.135846503386e-01) 
16.5	(   5.750000000000e+00   3.500000000000e+00  6.917014107795e-01) 
16.6	(   5.750000000000e+00   3.500000000000e+00  6.726745206475e-01) 
16.7	(   5.750000000000e+00   3.500000000000e+00  6.575455573620e-01) 
16.8	(   5.750000000000e+00   3.500000000000e+00  6.468096096179e-01) 
16.9	(   5.750000000000e+00   3.500000000000e+00  6.406491243722e-01) 
17	(   5.750000000000e+00   3.500000000000e+00  6.389704499705e-01) 
17.1	(   5.750000000000e+00   3.500000000000e+00  6.415924245069e-01) 
17.2	(   5.750000000000e+00   3.500000000000e+00  6.483896758801e-01) 
17.3	(   5.750000000000e+00   3.500000000000e+00  6.595388959816e-01) 
17.4	(   5.750000000000e+00   3.500000000000e+00  6.752750220748e-01) 
17.5	(   5.750000000000e+00   3.500000000000e+00  6.953714640740e-01) 
17.6	(   5.750000000000e+00   3.500000000000e+00  7.188090847653e-01) 
17.7	(   5.750000000000e+00   3.500000000000e+00  7.431919125363e-01) 
17.8	(   5.750000000000e+00   3.500000000000e+00  7.646034496450e-01) 
17.9	(   5.750000000000e+00   3.500000000000e+00  7.785655975952e-01) 
18	(   5.750000000000e+00   3.500000000000e+00  7.819049637803e-01) 
18.1	(   5.750000000000e+00   3.500000000000e+00  7.743157124226e-01) 
18.2	(   5.750000000000e+00   3.500000000000e+00  7.581249786304e-01) 
18.3	(   5.750000000000e+00   3.500000000000e+00  7.368539988263e-01) 
18.4	(   5.750000000000e+00   3.500000000000e+00  7.139495591319e-01) 
18.5	(   5.750000000000e+00   3.500000000000e+00  6.920668041055e-01) 
18.6	(   5.750000000000e+00   3.500000000000e+00  6.729826836281e-01) 
18.7	(   5.750000000000e+00   3.500000000000e+00  6.577594940205e-01) 
18.8	(   5.750000000000e+00   3.500000000000e+00  6.469120493828e-01) 
18.9	(   5.750000000000e+00   3.500000000000e+00  6.406455778086e-01) 
19	(   5.750000000000e+00   3.500000000000e+00  6.388866212085e-01) 
19.1	(   5.750000000000e+00   3.500000000000e+00  6.414658631295e-01) 
19.2	(   5.750000000000e+00   3.500000000000e+00  6.482520280556e-01) 
19.3	(   5.750000000000e+00   3.500000000000e+00  6.594160695287e-01) 
19.4	(   5.750000000000e+00   3.500000000000e+00  6.751819380281e-01) 
19.5	(   5.750000000000e+00   3.500000000000e+00  6.952990202431e-01) 
19.6	(   5.750000000000e+00   3.500000000000e+00  7.187310326670e-01) 
19.7	(   5.750000000000e+00   3.500000000000e+00  7.430772822876e-01) 
19.8	(   5.750000000000e+00   3.500000000000e+00  7.644416565928e-01) 
19.9	(   5.750000000000e+00   3.500000000000e+00  7.783858422656e-01) 
20	(   5.750000000000e+00   3.500000000000e+00  7.817588132307e-01) 
20.1	(   5.750000000000e+00   3.500000000000e+00  7.742642297198e-01) 
20.2	(   5.750000000000e+00   3.500000000000e+00  7.581960858651e-01) 
20.3	(   5.750000000000e+00   3.500000000000e+00  7.370365593501e-01) 
20.4	(   5.750000000000e+00   3.500000000000e+00  7.142007282762e-01) 
20.5	(   5.750000000000e+00   3.500000000000e+00  6.923422284533e-01) 
20.6	(   5.750000000000e+00   3.500000000000e+00  6.732391373705e-01) 
20.7	(   5.750000000000e+00   3.500000000000e+00  6.579618129431e-01) 
20.8	(   5.750000000000e+00   3.500000000000e+00  6.470414978600e-01) 
20.9	(   5.750000000000e+00   3.500000000000e+00  6.407011670387e-01) 
21	(   5.750000000000e+00   3.500000000000e+00  6.388759793987e-01) 
21.1	(   5.750000000000e+00   3.500000000000e+00  6.414038072923e-01) 
21.2	(   5.750000000000e+00   3.500000000000e+00  6.481587201686e-01) 
21.3	(   5.750000000000e+00   3.500000000000e+00  6.593080113808e-01) 
21.4	(   5.750000000000e+00   3.500000000000e+00  6.750750501623e-01) 
21.5	(   5.750000000000e+00   3.500000000000e+00  6.951946027497e-01) 
21.6	(   5.750000000000e+00   3.500000000000e+00  7.186178986153e-01) 
21.7	(   5.750000000000e+00   3.500000000000e+00  7.429403483875e-01) 
21.8	(   5.750000000000e+00   3.500000000000e+00  7.642794968637e-01) 
21.9	(   5.750000000000e+00   3.500000000000e+00  7.782221393083e-01) 
22	(   5.750000000000e+00   3.500000000000e+00  7.816423540996e-01) 
22.1	(   5.750000000000e+00   3.500000000000e+00  7.742425324076e-01) 
22.2	(   5.750000000000e+00   3.500000000000e+00  7.582931885285e-01) 
22.3	(   5.750000000000e+00   3.500000000000e+00  7.372311719494e-01) 
22.4	(   5.750000000000e+00   3.500000000000e+00  7.144461432078e-01) 
22.5	(   5.750000000000e+00   3.500000000000e+00  6.925939135290e-01) 
22.6	(   5.750000000000e+00   3.500000000000e+00  6.734583883058e-01) 
22.7	(   5.750000000000e+00   3.500000000000e+00  6.581246826727e-01) 
22.8	(   5.750000000000e+00   3.500000000000e+00  6.471361780916e-01) 
22.9	(   5.750000000000e+00   3.500000000000e+00  6.407277159154e-01) 
23	(   5.750000000000e+00   3.500000000000e+00  6.388420167564e-01) 
23.1	(   5.750000000000e+00   3.500000000000e+00  6.413168460058e-01) 
23.2	(   5.750000000000e+00   3.500000000000e+00  6.480086332840e-01) 
23.3	(   5.750000000000e+00   3.500000000000e+00  6.591134332399e-01) 
23.4	(   5.750000000000e+00   3.500000000000e+00  6.748560600160e-01) 
23.5	(   5.750000000000e+00   3.500000000000e+00  6.949645641086e-01) 
23.6	(   5.750000000000e+00   3.500000000000e+00  7.183824473548e-01) 
23.7	(   5.750000000000e+00   3.500000000000e+00  7.427025721913e-01) 
23.8	(   5.750000000000e+00   3.500000000000e+00  7.640540596165e-01) 
23.9	(   5.750000000000e+00   3.500000000000e+00  7.780412585793e-01) 
24	(   5.750000000000e+00   3.500000000000e+00  7.815499211953e-01) 
24.1	(   5.750000000000e+00   3.500000000000e+00  7.742668756619e-01) 
24.2	(   5.750000000000e+00   3.500000000000e+00  7.584342623355e-01) 
24.3	(   5.750000000000e+00   3.500000000000e+00  7.374555007642e-01) 
24.4	(   5.750000000000e+00   3.500000000000e+00  7.147034443434e-01) 
24.5	(   5.750000000000e+00   3.500000000000e+00  6.928433804714e-01) 
24.6	(   5.750000000000e+00   3.500000000000e+00  6.736685115161e-01) 
24.7	(   5.750000000000e+00   3.500000000000e+00  6.582773992429e-01) 
24.8	(   5.750000000000e+00   3.500000000000e+00  6.472231614368e-01) 
24.9	(   5.750000000000e+00   3.500000000000e+00  6.407549557852e-01) 
25	(   5.750000000000e+00   3.500000000000e+00  6.388222888311e-01) 
25.1	(   5.750000000000e+00   3.500000000000e+00  6.412652835033e-01) 
25.2	(   5.750000000000e+00   3.500000000000e+00  6.479262353936e-01) 
25.3	(   5.750000000000e+00   3.500000000000e+00  6.590186275214e-01) 
25.4	(   5.750000000000e+00   3.500000000000e+00  6.747602032988e-01) 
25.5	(   5.750000000000e+00   3.500000000000e+00  6.948669558380e-01) 
25.6	(   5.750000000000e+00   3.500000000000e+00  7.182724323114e-01) 
25.7	(   5.750000000000e+00   3.500000000000e+00  7.425667202891e-01) 
25.8	(   5.750000000000e+00   3.500000000000e+00  7.638928554461e-01) 
25.9	(   5.750000000000e+00   3.500000000000e+00  7.778851686974e-01) 
26	(   5.750000000000e+00   3.500000000000e+00  7.814517426575e-01) 
26.1	(   5.750000000000e+00   3.500000000000e+00  7.742761855267e-01) 
26.2	(   5.750000000000e+00   3.500000000000e+00  7.585579894257e-01) 
26.3	(   5.750000000000e+00   3.500000000000e+00  7.376664731821e-01) 
26.4	(   5.750000000000e+00   3.500000000000e+00  7.149550616876e-01) 
26.5	(   5.750000000000e+00   3.500000000000e+00  6.930909988223e-01) 
26.6	(   5.750000000000e+00   3.500000000000e+00  6.738763726014e-01) 
26.7	(   5.750000000000e+00   3.500000000000e+00  6.584257966530e-01) 
26.8	(   5.750000000000e+00   3.500000000000e+00  6.473040580236e-01) 
26.9	(   5.750000000000e+00   3.500000000000e+00  6.407738963881e-01) 
27	(   5.750000000000e+00   3.500000000000e+00  6.387958558925e-01) 
27.1	(   5.750000000000e+00   3.500000000000e+00  6.412116820056e-01) 
27.2	(   5.750000000000e+00   3.500000000000e+00  6.478568614763e-01) 
27.3	(   5.750000000000e+00   3.500000000000e+00  6.589419375327e-01) 
27.4	(   5.750000000000e+00   3.500000000000e+00  6.746764583125e-01) 
27.5	(   5.750000000000e+00   3.500000000000e+00  6.947733965744e-01) 
27.6	(   5.750000000000e+00   3.500000000000e+00  7.181568534581e-01) 
27.7	(   5.750000000000e+00   3.500000000000e+00  7.424176892367e-01) 
27.8	(   5.750000000000e+00   3.500000000000e+00  7.637167236961e-01) 
27.9	(   5.750000000000e+00   3.500000000000e+00  7.777105428553e-01) 
28	(   5.750000000000e+00   3.500000000000e+00  7.813183361362e-01) 
