# Motion State      
# Angle Units       : radians
# Time              	centreOfRotation	centreOfMass	rotation	velocity	omega
0.1                 	(5.750157644421e+00 2.374997253445e+00 5.954151520864e-01)	(5.750157644421e+00 2.374997253445e+00 5.954151520864e-01)	(9.960486122995e-05 1.519953636244e-03 -3.891764986365e-07)	(3.380731482007e-03 -4.980908620919e-05 -1.982206929459e-01)	(3.177197758644e-03 3.817881746327e-02 -1.866153525323e-05)
0.2                 	(5.750596379439e+00 2.374993342036e+00 5.813112380860e-01)	(5.750596379439e+00 2.374993342036e+00 5.813112380860e-01)	(6.083326034470e-04 6.822864487652e-03 -7.394156469313e-06)	(5.015879514126e-03 -2.384874377820e-05 -7.999157688467e-02)	(6.770992640408e-03 6.225674071133e-02 -1.060202695869e-04)
0.3                 	(5.751114104524e+00 2.374990260279e+00 5.795598434841e-01)	(5.751114104524e+00 2.374990260279e+00 5.795598434841e-01)	(1.405069766694e-03 1.280416679102e-02 -2.939030966895e-05)	(5.236615962741e-03 -6.335924958045e-05 4.274623613845e-02)	(8.897563585034e-03 5.191583704889e-02 -1.999055775503e-04)
0.4                 	(5.751635177018e+00 2.374975276869e+00 5.891859764907e-01)	(5.751635177018e+00 2.374975276869e+00 5.891859764907e-01)	(2.334030578480e-03 1.674264890937e-02 -5.602236688133e-05)	(5.143576797887e-03 -2.531989567214e-04 1.434620503448e-01)	(9.384057867418e-03 2.513918483283e-02 -1.836547866345e-04)
0.5                 	(5.752120893863e+00 2.374939272454e+00 6.063796930363e-01)	(5.752120893863e+00 2.374939272454e+00 6.063796930363e-01)	(3.228910932857e-03 1.738731554960e-02 -7.644336159553e-05)	(4.434205740938e-03 -4.556332437564e-04 1.895505017314e-01)	(8.281675437114e-03 -1.367931119995e-02 -2.196868975709e-04)
0.6                 	(5.752497781480e+00 2.374889219240e+00 6.248588463218e-01)	(5.752497781480e+00 2.374889219240e+00 6.248588463218e-01)	(3.955430329657e-03 1.396488929474e-02 -9.349559197557e-05)	(3.028339532872e-03 -5.098869684108e-04 1.696777151640e-01)	(6.109191093556e-03 -5.323699331344e-02 -3.736897533421e-04)
0.7                 	(5.752738571301e+00 2.374844547308e+00 6.387872234359e-01)	(5.752738571301e+00 2.374844547308e+00 6.387872234359e-01)	(4.427838520896e-03 7.596198841730e-03 -1.068275308089e-04)	(2.009059997996e-03 -3.507379896345e-04 1.031777749077e-01)	(3.245917871858e-03 -6.870466734551e-02 -4.061491901423e-04)
0.8                 	(5.752950985705e+00 2.374825047625e+00 6.445918625257e-01)	(5.752950985705e+00 2.374825047625e+00 6.445918625257e-01)	(4.594416232394e-03 1.129774345801e-03 -1.151980185817e-04)	(2.509552965557e-03 -1.506701603128e-05 1.033817476073e-02)	(7.698889432684e-05 -5.685130785258e-02 -3.358429490624e-04)
0.9                 	(5.753292463877e+00 2.374842150512e+00 6.408733491965e-01)	(5.753292463877e+00 2.374842150512e+00 6.408733491965e-01)	(4.453847842134e-03 -3.171676934542e-03 -1.221010207972e-04)	(4.454542708632e-03 3.401705912163e-04 -8.153239117097e-02)	(-2.779261768805e-03 -2.711482652538e-02 -1.896239693164e-04)
1                   	(5.753841643553e+00 2.374887603780e+00 6.295468627816e-01)	(5.753841643553e+00 2.374887603780e+00 6.295468627816e-01)	(4.065015762539e-03 -3.936585324719e-03 -1.292561909557e-04)	(6.338870194244e-03 5.383041877645e-04 -1.366560247714e-01)	(-4.850362971267e-03 1.259953108863e-02 -2.337265189713e-05)
1.1                 	(5.754483955407e+00 2.374946350788e+00 6.152424560557e-01)	(5.754483955407e+00 2.374946350788e+00 6.152424560557e-01)	(3.512690738566e-03 -9.196592979405e-04 -1.347612282786e-04)	(5.985847717239e-03 6.222837779953e-04 -1.415595050387e-01)	(-6.047427551625e-03 4.435343615002e-02 1.272673705406e-04)
1.2                 	(5.754929388484e+00 2.375008484510e+00 6.025695965247e-01)	(5.754929388484e+00 2.375008484510e+00 6.025695965247e-01)	(2.889700210796e-03 4.013773988662e-03 -1.368664983649e-04)	(2.416438685166e-03 5.997650241425e-04 -1.063711468914e-01)	(-6.226311762317e-03 4.944072120818e-02 1.306924593034e-04)
1.3                 	(5.754884869147e+00 2.375063367714e+00 5.948790851464e-01)	(5.754884869147e+00 2.375063367714e+00 5.948790851464e-01)	(2.300524668521e-03 8.264409390637e-03 -1.369151350795e-04)	(-3.597963097919e-03 4.874976781799e-04 -4.414347276383e-02)	(-5.413590993951e-03 3.338154796674e-02 8.257289807211e-05)
1.4                 	(5.754181137316e+00 2.375105228735e+00 5.939945175807e-01)	(5.754181137316e+00 2.375105228735e+00 5.939945175807e-01)	(1.833098234868e-03 1.040926546353e-02 -1.357620786283e-04)	(-1.051989474647e-02 3.545798924901e-04 2.535559675018e-02)	(-3.826542142784e-03 8.618758800876e-03 3.884708354666e-05)
1.5                 	(5.752789571299e+00 2.375135970450e+00 5.993042493016e-01)	(5.752789571299e+00 2.375135970450e+00 5.993042493016e-01)	(1.548836761308e-03 9.973927785517e-03 -1.304725891183e-04)	(-1.715563258801e-02 2.694529940951e-04 7.609402412303e-02)	(-1.820303303338e-03 -1.626113178457e-02 7.143825997377e-05)
1.6                 	(5.750815917956e+00 2.375160461652e+00 6.081596598728e-01)	(5.750815917956e+00 2.375160461652e+00 6.081596598728e-01)	(1.470292593739e-03 7.701279585995e-03 -1.146310437628e-04)	(-2.181823264785e-02 2.240720576823e-04 9.579283689447e-02)	(2.360386454995e-04 -2.506927224006e-02 1.840339736289e-04)
1.7                 	(5.748556011227e+00 2.375181200323e+00 6.174523471556e-01)	(5.748556011227e+00 2.375181200323e+00 6.174523471556e-01)	(1.587758370832e-03 5.825328166465e-03 -8.749737054037e-05)	(-2.256257606460e-02 1.899252497763e-04 8.509589605913e-02)	(2.058115252117e-03 -8.625313550766e-03 2.867032095037e-04)
1.8                 	(5.746476679923e+00 2.375198378068e+00 6.242842706336e-01)	(5.746476679923e+00 2.375198378068e+00 6.242842706336e-01)	(1.867540647036e-03 6.478540643961e-03 -5.852509982820e-05)	(-1.809643198485e-02 1.532938690086e-04 4.798085371218e-02)	(3.458716265283e-03 2.310036979073e-02 2.960506750165e-04)
1.9                 	(5.745105816845e+00 2.375212500481e+00 6.266750435975e-01)	(5.745105816845e+00 2.375212500481e+00 6.266750435975e-01)	(2.260864542468e-03 1.049056895167e-02 -4.099212358596e-05)	(-8.571601884335e-03 1.369507970444e-04 -5.361310878687e-05)	(4.298667121596e-03 5.623675691693e-02 2.167027771986e-04)
2                   	(5.744885953804e+00 2.375227922432e+00 6.246686185994e-01)	(5.744885953804e+00 2.375227922432e+00 6.246686185994e-01)	(2.701360773178e-03 1.725763191426e-02 -3.975933223615e-05)	(4.675406465172e-03 1.805595503129e-04 -3.675031277830e-02)	(4.390233378419e-03 7.526228092593e-02 1.422054273527e-04)
2.1                 	(5.746104165802e+00 2.375249709608e+00 6.201059457689e-01)	(5.746104165802e+00 2.375249709608e+00 6.201059457689e-01)	(3.115696393192e-03 2.447617760098e-02 -4.999191214859e-05)	(1.987217773002e-02 2.551856558192e-04 -5.035813432694e-02)	(3.790250811487e-03 6.292851086846e-02 6.461585178574e-05)
2.2                 	(5.748858981528e+00 2.375277777244e+00 6.154405785747e-01)	(5.748858981528e+00 2.375277777244e+00 6.154405785747e-01)	(3.442877224830e-03 2.863999846794e-02 -6.291034856080e-05)	(3.504475392908e-02 2.976665007049e-04 -3.886801812593e-02)	(2.676945086062e-03 1.530894185096e-02 -5.570784922066e-05)
2.3                 	(5.753029203153e+00 2.375307315619e+00 6.130155441241e-01)	(5.753029203153e+00 2.375307315619e+00 6.130155441241e-01)	(3.640100838288e-03 2.683571261936e-02 -6.794752920287e-05)	(4.764195961880e-02 2.833089818983e-04 -7.302244401515e-03)	(1.227581574104e-03 -5.326567615131e-02 -1.754968929178e-04)
2.4                 	(5.758188650258e+00 2.375333454457e+00 6.141424415540e-01)	(5.758188650258e+00 2.375333454457e+00 6.141424415540e-01)	(3.684244650504e-03 1.793752390704e-02 -5.976341598914e-05)	(5.416792860171e-02 2.343841708448e-04 2.907022129749e-02)	(-3.322974122615e-04 -1.234620473261e-01 -3.132101374820e-04)
2.5                 	(5.763544641219e+00 2.375353981759e+00 6.184283128854e-01)	(5.763544641219e+00 2.375353981759e+00 6.184283128854e-01)	(3.579705055698e-03 2.794103179083e-03 -4.019316212785e-05)	(5.114732343397e-02 1.795310139727e-04 5.364185021890e-02)	(-1.706327971451e-03 -1.740587060390e-01 -3.788375891869e-04)
2.6                 	(5.768047211715e+00 2.375370487817e+00 6.241479490959e-01)	(5.768047211715e+00 2.375370487817e+00 6.241479490959e-01)	(3.355058289589e-03 -1.547510881410e-02 -1.646155010544e-05)	(3.708441910586e-02 1.559043335336e-04 5.668640125315e-02)	(-2.715701518821e-03 -1.833415569683e-01 -4.182573894622e-04)
2.7                 	(5.770636745733e+00 2.375386706979e+00 6.288927565549e-01)	(5.770636745733e+00 2.375386706979e+00 6.288927565549e-01)	(3.053092553475e-03 -3.223464577291e-02 -5.098378054150e-06)	(1.339513129992e-02 1.762683825231e-04 3.382303440220e-02)	(-3.243143655863e-03 -1.439495577873e-01 -4.070342397733e-04)
2.8                 	(5.770532662739e+00 2.375406115022e+00 6.301401843478e-01)	(5.770532662739e+00 2.375406115022e+00 6.301401843478e-01)	(2.725158160897e-03 -4.282927119550e-02 -6.646243003280e-06)	(-1.589564613950e-02 2.112157100681e-04 -1.175340796328e-02)	(-3.220391025457e-03 -6.147176133901e-02 -2.205534412349e-04)
2.9                 	(5.767458507863e+00 2.375428614438e+00 6.262520063809e-01)	(5.767458507863e+00 2.375428614438e+00 6.262520063809e-01)	(2.426768776880e-03 -4.353115217701e-02 -1.444041244303e-05)	(-4.522930025993e-02 2.367688125002e-04 -6.579430290049e-02)	(-2.655532297726e-03 5.042595224218e-02 1.926561201677e-05)
3                   	(5.761651965970e+00 2.375453677309e+00 6.173672399773e-01)	(5.761651965970e+00 2.375453677309e+00 6.173672399773e-01)	(2.208201512958e-03 -3.272014016304e-02 -2.705908541681e-05)	(-6.986280370020e-02 2.674690668491e-04 -1.085521327329e-01)	(-1.651826455585e-03 1.627954919449e-01 2.107625002568e-04)
3.1                 	(5.753784959989e+00 2.375481870648e+00 6.054989552801e-01)	(5.753784959989e+00 2.375481870648e+00 6.054989552801e-01)	(2.103954300820e-03 -1.203594726017e-02 -4.507034826637e-05)	(-8.567201400637e-02 2.896601039890e-04 -1.230140502088e-01)	(-3.960432729630e-04 2.434817365226e-01 3.007326945317e-04)
3.2                 	(5.744961975606e+00 2.375509572708e+00 5.940521217705e-01)	(5.744961975606e+00 2.375509572708e+00 5.940521217705e-01)	(2.130650418399e-03 1.424784997825e-02 -6.985137654160e-05)	(-8.817447133624e-02 2.545971818414e-04 -9.918625211173e-02)	(9.178357508673e-04 2.728020709453e-01 3.012826771899e-04)
3.3                 	(5.736726176987e+00 2.375531789061e+00 5.868769356632e-01)	(5.736726176987e+00 2.375531789061e+00 5.868769356632e-01)	(2.281527825634e-03 4.057739275271e-02 -1.003178719146e-04)	(-7.342278352019e-02 1.908974102013e-04 -3.931544951558e-02)	(2.025191036875e-03 2.440325272489e-01 2.307417032910e-04)
3.4                 	(5.730922743312e+00 2.375548451151e+00 5.868860442481e-01)	(5.730922743312e+00 2.375548451151e+00 5.868860442481e-01)	(2.523423663707e-03 6.125624364567e-02 -1.336319796156e-04)	(-3.958671769514e-02 1.440267405037e-04 4.123017896430e-02)	(2.691941400154e-03 1.617089702597e-01 7.754624200926e-05)
3.5                 	(5.729331371327e+00 2.375560475478e+00 5.951182244458e-01)	(5.729331371327e+00 2.375560475478e+00 5.951182244458e-01)	(2.805616988100e-03 7.171329621884e-02 -1.657599876338e-04)	(9.607368956791e-03 9.393385139901e-05 1.215369084600e-01)	(2.815374416246e-03 4.342181777731e-02 -1.772327523583e-04)
3.6                 	(5.733012948727e+00 2.375566683700e+00 6.104374842503e-01)	(5.733012948727e+00 2.375566683700e+00 6.104374842503e-01)	(3.072776137663e-03 6.951301760476e-02 -1.879398052847e-04)	(6.366509526626e-02 3.077371013407e-05 1.791894376844e-01)	(2.417618453604e-03 -8.777328492580e-02 -3.688764296562e-04)
3.7                 	(5.741757299036e+00 2.375566963381e+00 6.295185874609e-01)	(5.741757299036e+00 2.375566963381e+00 6.295185874609e-01)	(3.277915311921e-03 5.442574716860e-02 -1.795295810908e-04)	(1.090096118205e-01 -2.141878282662e-05 1.946417917555e-01)	(1.661554906560e-03 -2.113079142245e-01 -4.077343860695e-04)
3.8                 	(5.754184189281e+00 2.375563726155e+00 6.477755036270e-01)	(5.754184189281e+00 2.375563726155e+00 6.477755036270e-01)	(3.397780035544e-03 2.807219048668e-02 -1.306220444323e-04)	(1.356580594112e-01 -3.454518932107e-05 1.628118745554e-01)	(7.576229571015e-04 -3.102485384284e-01 -3.783293206680e-04)
3.9                 	(5.768052576596e+00 2.375561432430e+00 6.606874533895e-01)	(5.768052576596e+00 2.375561432430e+00 6.606874533895e-01)	(3.426027317409e-03 -6.121208443007e-03 -4.999309235074e-05)	(1.373925068336e-01 -7.758087738256e-06 8.948333075669e-02)	(-1.642815361787e-04 -3.643881976554e-01 -3.463676976558e-04)
4                   	(5.780813935998e+00 2.375562483173e+00 6.647800984622e-01)	(5.780813935998e+00 2.375562483173e+00 6.647800984622e-01)	(3.371227812114e-03 -4.262302416376e-02 4.307214847783e-05)	(1.138318986928e-01 3.023321140569e-05 -1.034835898836e-02)	(-9.457112618010e-04 -3.532810919266e-01 -2.642137830841e-04)
4.1                 	(5.790108151781e+00 2.375568374865e+00 6.584797604986e-01)	(5.790108151781e+00 2.375568374865e+00 6.584797604986e-01)	(3.251721365417e-03 -7.410223780767e-02 1.250196051492e-04)	(6.904083350331e-02 9.505475637588e-05 -1.142574524314e-01)	(-1.497518935563e-03 -2.629974194815e-01 -1.958050955810e-04)
4.2                 	(5.794156830870e+00 2.375582820281e+00 6.426457150507e-01)	(5.794156830870e+00 2.375582820281e+00 6.426457150507e-01)	(3.089439415649e-03 -9.288116757430e-02 1.688513850951e-04)	(1.030133963965e-02 1.938855620044e-04 -1.969144059112e-01)	(-1.769438109206e-03 -1.033113464531e-01 -1.220315449677e-04)
4.3                 	(5.791986392011e+00 2.375605505099e+00 6.204938112839e-01)	(5.791986392011e+00 2.375605505099e+00 6.204938112839e-01)	(2.913326983751e-03 -9.360133351981e-02 1.643724000814e-04)	(-5.391932866128e-02 2.462915998204e-04 -2.380230843108e-01)	(-1.684135485416e-03 9.090207684976e-02 -1.901442666615e-05)
4.4                 	(5.783496398624e+00 2.375629298360e+00 5.967849747046e-01)	(5.783496398624e+00 2.375629298360e+00 5.967849747046e-01)	(2.759294537894e-03 -7.511196351899e-02 1.161356499718e-04)	(-1.143958213936e-01 2.186878169186e-04 -2.271759535345e-01)	(-1.272777056021e-03 2.730561127292e-01 1.036843144018e-04)
4.5                 	(5.769593536024e+00 2.375647844492e+00 5.767575793833e-01)	(5.769593536024e+00 2.375647844492e+00 5.767575793833e-01)	(2.656321781514e-03 -4.074851466381e-02 4.063514245627e-05)	(-1.600750150285e-01 1.513001324465e-04 -1.654912026992e-01)	(-6.828134370419e-04 4.030426267482e-01 2.255344536383e-04)
4.6                 	(5.752381855597e+00 2.375660224365e+00 5.649599742035e-01)	(5.752381855597e+00 2.375660224365e+00 5.649599742035e-01)	(2.616660599398e-03 2.857901108084e-03 -5.040734929689e-05)	(-1.786532113006e-01 1.008961936640e-04 -6.561974496812e-02)	(-8.674587192903e-05 4.547881182093e-01 2.374677053787e-04)
4.7                 	(5.735067769231e+00 2.375668673072e+00 5.642258061676e-01)	(5.735067769231e+00 2.375668673072e+00 5.642258061676e-01)	(2.636447123485e-03 4.730689161843e-02 -1.470892398321e-04)	(-1.612927638335e-01 6.839365011030e-05 5.187102971470e-02)	(4.143531589326e-04 4.199570237334e-01 1.406292248948e-04)
4.8                 	(5.721364731124e+00 2.375673791972e+00 5.751303565474e-01)	(5.721364731124e+00 2.375673791972e+00 5.751303565474e-01)	(2.703319784328e-03 8.417311250088e-02 -2.427351606626e-04)	(-1.070437563027e-01 3.353877682340e-05 1.629708759478e-01)	(7.616078590479e-04 3.055887344722e-01 -1.048692123200e-04)
4.9                 	(5.714586687199e+00 2.375675279266e+00 5.957679159375e-01)	(5.714586687199e+00 2.375675279266e+00 5.957679159375e-01)	(2.795621111121e-03 1.064887360680e-01 -3.291269442910e-04)	(-2.514901342608e-02 -2.239343874802e-06 2.426955753510e-01)	(8.805904975444e-04 1.336101677158e-01 -3.756936903066e-04)
5                   	(5.716706015379e+00 2.375673467905e+00 6.220304096091e-01)	(5.716706015379e+00 2.375673467905e+00 6.220304096091e-01)	(2.886980176684e-03 1.099637179421e-01 -3.840908745393e-04)	(6.748497231345e-02 -3.144280980955e-05 2.733714936592e-01)	(7.932585648141e-04 -6.627636110218e-02 -4.970567002636e-04)
5.1                 	(5.727716828015e+00 2.375669999053e+00 6.485389656367e-01)	(5.727716828015e+00 2.375669999053e+00 6.485389656367e-01)	(2.956545920442e-03 9.320322917408e-02 -3.857789716934e-04)	(1.495357685455e-01 -3.568259095658e-05 2.475496243707e-01)	(5.827390435150e-04 -2.670002168862e-01 -5.158792108768e-04)
5.2                 	(5.745703824090e+00 2.375666554538e+00 6.698475608561e-01)	(5.745703824090e+00 2.375666554538e+00 6.698475608561e-01)	(3.000107958754e-03 5.735184434409e-02 -3.258454927910e-04)	(2.046089704031e-01 -3.461683875111e-05 1.713822903287e-01)	(3.813392533385e-04 -4.435649382927e-01 -3.886950199745e-04)
5.3                 	(5.767366652715e+00 2.375663212474e+00 6.816860166718e-01)	(5.767366652715e+00 2.375663212474e+00 6.816860166718e-01)	(3.025096298713e-03 6.486713957707e-03 -1.969150929814e-04)	(2.217850721556e-01 -2.834712540410e-05 6.158193271190e-02)	(2.013771306570e-04 -5.600478976188e-01 -9.024446599671e-05)
5.4                 	(5.788661526582e+00 2.375661421320e+00 6.818024540610e-01)	(5.788661526582e+00 2.375661421320e+00 6.818024540610e-01)	(3.042109040497e-03 -5.122206662969e-02 -1.764337089930e-05)	(1.972199211240e-01 -5.976131380939e-06 -5.910182362090e-02)	(6.355378650977e-05 -5.736653336219e-01 1.372872725718e-04)
5.5                 	(5.805525858356e+00 2.375662000931e+00 6.702430107981e-01)	(5.805525858356e+00 2.375662000931e+00 6.702430107981e-01)	(3.057271859518e-03 -1.039421965525e-01 1.608701489643e-04)	(1.345201270235e-01 1.464116566613e-05 -1.684490892921e-01)	(-2.612007822585e-05 -4.588997982985e-01 1.876588126921e-04)
5.6                 	(5.814687330403e+00 2.375664163898e+00 6.491487676619e-01)	(5.814687330403e+00 2.375664163898e+00 6.491487676619e-01)	(3.068370595594e-03 -1.390524372725e-01 2.872357979451e-04)	(4.557365071947e-02 3.253042689600e-05 -2.469635465389e-01)	(-6.154982725759e-05 -2.269570936103e-01 1.780792941006e-04)
5.7                 	(5.814265484157e+00 2.375667850775e+00 6.223298422216e-01)	(5.814265484157e+00 2.375667850775e+00 6.223298422216e-01)	(3.067338810354e-03 -1.470541179265e-01 3.301858576170e-04)	(-5.444748228280e-02 3.598936561871e-05 -2.812853316797e-01)	(-6.927140084229e-05 7.203281392464e-02 1.645452660570e-04)
5.8                 	(5.803933694270e+00 2.375671703768e+00 5.945721819606e-01)	(5.803933694270e+00 2.375671703768e+00 5.945721819606e-01)	(3.053287450258e-03 -1.249211775521e-01 2.788035217191e-04)	(-1.499856915267e-01 3.674200212815e-05 -2.653062008264e-01)	(-7.743499268972e-05 3.630855164182e-01 1.774602659372e-04)
5.9                 	(5.784980138163e+00 2.375674429657e+00 5.709035591768e-01)	(5.784980138163e+00 2.375674429657e+00 5.709035591768e-01)	(3.030908989163e-03 -7.708642769586e-02 1.517941840929e-04)	(-2.240754629192e-01 1.899864193968e-05 -2.003758382607e-01)	(-1.176697836715e-04 5.759993726036e-01 1.952762177607e-04)
6                   	(5.760358262419e+00 2.375675446254e+00 5.558183818334e-01)	(5.760358262419e+00 2.375675446254e+00 5.558183818334e-01)	(3.008636978930e-03 -1.382174796437e-02 -2.137391514968e-05)	(-2.609324870897e-01 -2.768097020433e-07 -9.593366488545e-02)	(-1.703606533689e-04 6.670969423113e-01 1.569855540951e-04)
6.1                 	(5.734440604328e+00 2.375674334750e+00 5.525199491459e-01)	(5.734440604328e+00 2.375674334750e+00 5.525199491459e-01)	(2.992374197669e-03 5.182359043232e-02 -2.079297714176e-04)	(-2.487015738244e-01 -1.849375682197e-05 3.222075600066e-02)	(-2.379653059761e-04 6.242012963222e-01 3.169754421713e-05)
6.2                 	(5.712403833739e+00 2.375672323436e+00 5.623533655566e-01)	(5.712403833739e+00 2.375672323436e+00 5.623533655566e-01)	(2.975983129391e-03 1.070842226165e-01 -3.819097592393e-04)	(-1.832055694100e-01 -1.973024535710e-05 1.628461252518e-01)	(-3.794139326793e-04 4.642834967466e-01 -2.151123787120e-04)
6.3                 	(5.699370796402e+00 2.375670299037e+00 5.843197134681e-01)	(5.699370796402e+00 2.375670299037e+00 5.843197134681e-01)	(2.945901226889e-03 1.420792782813e-01 -5.220988482745e-04)	(-7.110203885682e-02 -2.158690462916e-05 2.703813503523e-01)	(-5.900235709693e-04 2.269103007032e-01 -4.924301823863e-04)
6.4                 	(5.699033873353e+00 2.375667873008e+00 6.148021495871e-01)	(5.699033873353e+00 2.375667873008e+00 6.148021495871e-01)	(2.888244229702e-03 1.514687308457e-01 -6.104948742774e-04)	(6.587092802458e-02 -2.961007530074e-05 3.293056463842e-01)	(-8.197904563515e-04 -4.083654163326e-02 -6.473799270891e-04)
6.5                 	(5.712244919325e+00 2.375664389289e+00 6.480001504182e-01)	(5.712244919325e+00 2.375664389289e+00 6.480001504182e-01)	(2.800774358879e-03 1.339848986467e-01 -6.206230455177e-04)	(1.941972469961e-01 -3.851759699523e-05 3.235616824490e-01)	(-9.284916470636e-04 -3.067460143955e-01 -5.073659197917e-04)
6.6                 	(5.736569032489e+00 2.375660263556e+00 6.773494336637e-01)	(5.736569032489e+00 2.375660263556e+00 6.773494336637e-01)	(2.705113777442e-03 9.082334390367e-02 -5.381904115939e-04)	(2.842584170030e-01 -4.649475871565e-05 2.535545124332e-01)	(-7.570189173001e-04 -5.506961203835e-01 -2.043902543664e-04)
6.7                 	(5.767298627965e+00 2.375654231967e+00 6.970816093126e-01)	(5.767298627965e+00 2.375654231967e+00 6.970816093126e-01)	(2.636690475548e-03 2.575314621777e-02 -3.643234161032e-04)	(3.204170544660e-01 -7.531269235140e-05 1.349001995724e-01)	(-3.864327525170e-04 -7.366161836244e-01 2.112538189006e-04)
6.8                 	(5.798585353887e+00 2.375645399150e+00 7.035095951003e-01)	(5.798585353887e+00 2.375645399150e+00 7.035095951003e-01)	(2.626683587530e-03 -5.256706444527e-02 -1.194895732282e-04)	(2.948837151135e-01 -1.005896148241e-04 -8.496144824178e-03)	(1.316310607898e-04 -8.056105454807e-01 5.351614947426e-04)
6.9                 	(5.824317470149e+00 2.375634399201e+00 6.953227537963e-01)	(5.824317470149e+00 2.375634399201e+00 6.953227537963e-01)	(2.691452080539e-03 -1.297321597893e-01 1.472389884625e-04)	(2.114836081587e-01 -1.170113735405e-04 -1.535174215012e-01)	(6.673586445716e-04 -7.063817401810e-01 6.444945907019e-04)
7                   	(5.839672406255e+00 2.375622544319e+00 6.735656194878e-01)	(5.839672406255e+00 2.375622544319e+00 6.735656194878e-01)	(2.817863833734e-03 -1.876879439682e-01 3.721636746972e-04)	(9.183816195948e-02 -1.182086727910e-04 -2.757222032925e-01)	(1.121857678791e-03 -4.250261964208e-01 6.077488992271e-04)
7.1                 	(5.842306346764e+00 2.375611502777e+00 6.417243755583e-01)	(5.842306346764e+00 2.375611502777e+00 6.417243755583e-01)	(2.967468858638e-03 -2.104814261275e-01 4.990261017679e-04)	(-3.936544470600e-02 -9.397084345359e-05 -3.518222265265e-01)	(1.314946609556e-03 -1.802676231085e-02 5.655686554126e-04)
7.2                 	(5.832011303807e+00 2.375604987554e+00 6.052701142495e-01)	(5.832011303807e+00 2.375604987554e+00 6.052701142495e-01)	(3.097477867894e-03 -1.906540833508e-01 4.921342750128e-04)	(-1.640152676910e-01 -3.163934302477e-05 -3.658289687212e-01)	(1.285399139353e-03 4.074863768378e-01 5.055547404102e-04)
7.3                 	(5.810233479100e+00 2.375605286954e+00 5.708941414559e-01)	(5.810233479100e+00 2.375605286954e+00 5.708941414559e-01)	(3.196065978249e-03 -1.323207850589e-01 3.524543229490e-04)	(-2.665347837578e-01 3.393764424741e-05 -3.102020643538e-01)	(1.107364419463e-03 7.343948255581e-01 4.027049451346e-04)
7.4                 	(5.780031651998e+00 2.375610065876e+00 5.453898729743e-01)	(5.780031651998e+00 2.375610065876e+00 5.453898729743e-01)	(3.268479563010e-03 -4.970589899180e-02 1.154551664959e-04)	(-3.292329866983e-01 5.223870242016e-05 -1.906084071741e-01)	(7.353885536361e-04 8.850973796153e-01 1.954732060833e-04)
7.5                 	(5.746351361865e+00 2.375613865519e+00 5.343074126802e-01)	(5.746351361865e+00 2.375613865519e+00 5.343074126802e-01)	(3.314652132666e-03 3.828417930085e-02 -1.697973360618e-04)	(-3.331267572316e-01 1.876525663523e-05 -2.560091979316e-02)	(1.792220097146e-04 8.446089499786e-01 -1.143026115558e-04)
7.6                 	(5.715805663675e+00 2.375613787187e+00 5.408470387580e-01)	(5.715805663675e+00 2.375613787187e+00 5.408470387580e-01)	(3.319187427742e-03 1.138171209045e-01 -4.544397930445e-04)	(-2.654101225046e-01 -1.854251974819e-05 1.563726503214e-01)	(-5.502185108302e-04 6.434610084162e-01 -5.630347864440e-04)
7.7                 	(5.695583169660e+00 2.375610951385e+00 5.649309964590e-01)	(5.695583169660e+00 2.375610951385e+00 5.649309964590e-01)	(3.258186939993e-03 1.635038884800e-01 -7.015279676954e-04)	(-1.290755761463e-01 -3.418943307562e-05 3.185506193045e-01)	(-1.374116825392e-03 3.393860390356e-01 -1.026006461039e-03)
7.8                 	(5.691409271946e+00 2.375607043610e+00 6.025199666108e-01)	(5.691409271946e+00 2.375607043610e+00 6.025199666108e-01)	(3.108190529289e-03 1.807743748128e-01 -8.722013544255e-04)	(4.952175311408e-02 -4.435342485283e-05 4.204046091115e-01)	(-2.196351427845e-03 6.096673703561e-03 -1.120949175401e-03)
7.9                 	(5.705357519723e+00 2.375602272488e+00 6.460990354243e-01)	(5.705357519723e+00 2.375602272488e+00 6.460990354243e-01)	(2.864887897677e-03 1.651581409264e-01 -9.119834622537e-04)	(2.244159427488e-01 -4.809208648834e-05 4.358730034945e-01)	(-2.717686908996e-03 -3.161118985117e-01 -4.881450373472e-04)
8                   	(5.734566314769e+00 2.375597766351e+00 6.867483305771e-01)	(5.734566314769e+00 2.375597766351e+00 6.867483305771e-01)	(2.579093155681e-03 1.179895098142e-01 -7.916177154969e-04)	(3.491312347463e-01 -4.387483971700e-05 3.636413526776e-01)	(-2.560882624000e-03 -6.238541881337e-01 3.015544713685e-04)
8.1                 	(5.772862558787e+00 2.375592470765e+00 7.165378525690e-01)	(5.772862558787e+00 2.375592470765e+00 7.165378525690e-01)	(2.332158425450e-03 4.191323779835e-02 -5.444039030562e-04)	(4.044668880995e-01 -6.796272404315e-05 2.231103426874e-01)	(-1.918231067951e-03 -8.843155465827e-01 8.542521170054e-04)
8.2                 	(5.812864726607e+00 2.375583818736e+00 7.300976530133e-01)	(5.812864726607e+00 2.375583818736e+00 7.300976530133e-01)	(2.192983481007e-03 -5.469231436660e-02 -2.281899357228e-04)	(3.820124746528e-01 -1.067892331622e-04 4.414699356607e-02)	(-8.586007795141e-04 -1.020309755781e+00 1.082265554340e-03)
8.3                 	(5.846627322522e+00 2.375571212598e+00 7.250264149189e-01)	(5.846627322522e+00 2.375571212598e+00 7.250264149189e-01)	(2.202338546021e-03 -1.552021092059e-01 1.020023093530e-04)	(2.819413847589e-01 -1.421790552937e-04 -1.450225805646e-01)	(3.683504287385e-04 -9.487236378277e-01 1.027682644177e-03)
8.4                 	(5.867694697080e+00 2.375556234895e+00 7.017434609294e-01)	(5.867694697080e+00 2.375556234895e+00 7.017434609294e-01)	(2.353504454851e-03 -2.359733091358e-01 3.787953738521e-04)	(1.354171884696e-01 -1.569202496117e-04 -3.142603543826e-01)	(1.532970975221e-03 -6.271177962271e-01 7.522520255342e-04)
8.5                 	(5.873421066635e+00 2.375540590238e+00 6.639791521641e-01)	(5.873421066635e+00 2.375540590238e+00 6.639791521641e-01)	(2.590556873765e-03 -2.743503198854e-01 5.447550467715e-04)	(-2.041568180395e-02 -1.507263868029e-04 -4.296990895674e-01)	(2.276677915209e-03 -1.199146974352e-01 5.999301443976e-04)
8.6                 	(5.863939888509e+00 2.375528432734e+00 6.184235355492e-01)	(5.863939888509e+00 2.375528432734e+00 6.184235355492e-01)	(2.842365851947e-03 -2.584796149617e-01 5.560083295494e-04)	(-1.668303485445e-01 -7.718297998342e-05 -4.670181547032e-01)	(2.646480052646e-03 4.307390204033e-01 5.109265609056e-04)
8.7                 	(5.840690017142e+00 2.375526395329e+00 5.735406409037e-01)	(5.840690017142e+00 2.375526395329e+00 5.735406409037e-01)	(3.077383430291e-03 -1.921509015561e-01 4.024773052746e-04)	(-2.938863228772e-01 3.845572087935e-05 -4.159230071617e-01)	(2.670121733159e-03 8.647218738003e-01 4.340768640934e-04)
8.8                 	(5.806362542877e+00 2.375534727063e+00 5.379709013661e-01)	(5.806362542877e+00 2.375534727063e+00 5.379709013661e-01)	(3.289649169829e-03 -9.326712833416e-02 1.210967743881e-04)	(-3.845709354015e-01 1.197966961197e-04 -2.833407983574e-01)	(2.293073497947e-03 1.070491443754e+00 2.927103050951e-04)
8.9                 	(5.765860279461e+00 2.375547722381e+00 5.188760938277e-01)	(5.765860279461e+00 2.375547722381e+00 5.188760938277e-01)	(3.469053838708e-03 1.360038310784e-02 -2.236529930190e-04)	(-4.127911211341e-01 1.230123994163e-04 -9.110168816003e-02)	(1.485729426343e-03 1.028445169002e+00 5.907055883760e-06)
9                   	(5.726653958735e+00 2.375557787001e+00 5.206343059002e-01)	(5.726653958735e+00 2.375557787001e+00 5.206343059002e-01)	(3.582759234260e-03 1.059212487248e-01 -5.740753332280e-04)	(-3.560536251737e-01 7.310569671114e-05 1.274667059165e-01)	(3.076889124148e-04 7.925923924732e-01 -5.055301234563e-04)
9.1                 	(5.697628254124e+00 2.375562168423e+00 5.438404212114e-01)	(5.697628254124e+00 2.375562168423e+00 5.438404212114e-01)	(3.586702464416e-03 1.684113947590e-01 -8.806095586301e-04)	(-2.110218770799e-01 1.444021950737e-05 3.299011753563e-01)	(-1.111376416601e-03 4.469648553735e-01 -1.027408852097e-03)
9.2                 	(5.686566246971e+00 2.375561915428e+00 5.844692801698e-01)	(5.686566246971e+00 2.375561915428e+00 5.844692801698e-01)	(3.438404974166e-03 1.948127284737e-01 -1.085742451781e-03)	(-3.538335387783e-03 -1.289241649315e-05 4.683538179942e-01)	(-2.571335326178e-03 8.442374232501e-02 -1.035582872023e-03)
9.3                 	(5.697178084626e+00 2.375559736819e+00 6.341579789726e-01)	(5.697178084626e+00 2.375559736819e+00 6.341579789726e-01)	(3.135703484788e-03 1.863174782870e-01 -1.138327226738e-03)	(2.113751222138e-01 -2.640340744177e-05 5.076928309019e-01)	(-3.566858688817e-03 -2.510018043232e-01 -4.384550423619e-04)
9.4                 	(5.726936256502e+00 2.375558282016e+00 6.825565547130e-01)	(5.726936256502e+00 2.375558282016e+00 6.825565547130e-01)	(2.744158307807e-03 1.446000887745e-01 -1.016871714649e-03)	(3.713223228317e-01 4.149613975038e-06 4.445757456529e-01)	(-3.720873792068e-03 -5.845589761179e-01 4.048500588377e-04)
9.5                 	(5.768743461230e+00 2.375559756267e+00 7.203738937833e-01)	(5.768743461230e+00 2.375559756267e+00 7.203738937833e-01)	(2.368541882938e-03 6.983237997045e-02 -7.482837873884e-04)	(4.508561711404e-01 1.445597965912e-05 3.009202855798e-01)	(-3.109899548589e-03 -9.024931384504e-01 1.075170583926e-03)
9.6                 	(5.814203424874e+00 2.375559433453e+00 7.411638196224e-01)	(5.814203424874e+00 2.375559433453e+00 7.411638196224e-01)	(2.107486592757e-03 -3.251917099297e-02 -3.980611887660e-04)	(4.430021530955e-01 -2.864345766266e-05 1.097469472756e-01)	(-1.892210531224e-03 -1.119004092843e+00 1.318815705736e-03)
9.7                 	(5.854245098294e+00 2.375553314038e+00 7.417483613747e-01)	(5.854245098294e+00 2.375553314038e+00 7.417483613747e-01)	(2.024658494435e-03 -1.469427927931e-01 -3.328605842737e-05)	(3.437299537135e-01 -8.922226408329e-05 -9.865664491544e-02)	(-3.906767115787e-04 -1.123945846083e+00 1.188956667411e-03)
9.8                 	(5.880949551274e+00 2.375543172480e+00 7.218314341161e-01)	(5.880949551274e+00 2.375543172480e+00 7.218314341161e-01)	(2.123547691437e-03 -2.472342449716e-01 2.803132554164e-04)	(1.853201012331e-01 -1.112770308241e-04 -2.944563613349e-01)	(1.104567286080e-03 -8.323878327259e-01 8.417232378514e-04)
9.9                 	(5.891026315790e+00 2.375531231311e+00 6.845432038606e-01)	(5.891026315790e+00 2.375531231311e+00 6.845432038606e-01)	(2.354099399487e-03 -3.051276095887e-01 4.922832974937e-04)	(1.727035213395e-02 -1.181941530058e-04 -4.398784844931e-01)	(2.261034041744e-03 -2.956547627691e-01 7.118928115728e-04)
10                  	(5.884849517001e+00 2.375522473952e+00 6.366068188530e-01)	(5.884849517001e+00 2.375522473952e+00 6.366068188530e-01)	(2.640790983221e-03 -3.033053070648e-01 5.616890166588e-04)	(-1.378936316791e-01 -4.327749510025e-05 -5.032300713889e-01)	(3.004294137493e-03 3.317329306790e-01 7.440376843595e-04)
10.1                	(5.864049846047e+00 2.375524941687e+00 5.871473251400e-01)	(5.864049846047e+00 2.375524941687e+00 5.871473251400e-01)	(2.940564423881e-03 -2.420303598522e-01 4.656150801590e-04)	(-2.746383285740e-01 9.715034139029e-05 -4.698740944719e-01)	(3.431516958038e-03 8.626322397559e-01 8.451681291241e-04)
10.2                	(5.830892416559e+00 2.375540808074e+00 5.456431698845e-01)	(5.830892416559e+00 2.375540808074e+00 5.456431698845e-01)	(3.240178738412e-03 -1.391620801347e-01 2.273632266640e-04)	(-3.817297017987e-01 2.083450120331e-04 -3.469197928276e-01)	(3.356689716281e-03 1.145985699408e+00 8.029905154889e-04)
10.3                	(5.789583396231e+00 2.375563910622e+00 5.199987070462e-01)	(5.789583396231e+00 2.375563910622e+00 5.199987070462e-01)	(3.519046800067e-03 -2.260003799275e-02 -1.021669905294e-04)	(-4.324685063344e-01 2.355937441057e-04 -1.575720032804e-01)	(2.617764307293e-03 1.139518816904e+00 4.644223277393e-04)
10.4                	(5.747226599046e+00 2.375585189951e+00 5.152585669922e-01)	(5.747226599046e+00 2.375585189951e+00 5.152585669922e-01)	(3.728771758127e-03 8.103467764028e-02 -4.642149673383e-04)	(-3.991540681080e-01 1.838269155691e-04 6.498353821934e-02)	(1.258491646542e-03 9.031623060113e-01 -2.143288059147e-04)
10.5                	(5.712901048130e+00 2.375599609642e+00 5.327211662368e-01)	(5.712901048130e+00 2.375599609642e+00 5.327211662368e-01)	(3.809037506024e-03 1.536347036803e-01 -8.001256198631e-04)	(-2.728164395360e-01 1.020129211107e-04 2.789691080910e-01)	(-5.097233587356e-04 5.360813452119e-01 -9.373285267816e-04)
10.6                	(5.695054332784e+00 2.375605684990e+00 5.691976190564e-01)	(5.695054332784e+00 2.375605684990e+00 5.691976190564e-01)	(3.702129898028e-03 1.875673287863e-01 -1.044274706372e-03)	(-7.557939491417e-02 2.677535244661e-05 4.376603259973e-01)	(-2.443690295904e-03 1.471453302373e-01 -1.196156159798e-03)
10.7                	(5.698515302989e+00 2.375606013665e+00 6.171100297719e-01)	(5.698515302989e+00 2.375606013665e+00 6.171100297719e-01)	(3.394535696886e-03 1.848490870359e-01 -1.141048543160e-03)	(1.433318531352e-01 -1.426459898996e-05 5.034324465818e-01)	(-3.964649402353e-03 -1.925729743873e-01 -7.795243582537e-04)
10.8                	(5.722290535422e+00 2.375605186576e+00 6.664454049061e-01)	(5.722290535422e+00 2.375605186576e+00 6.664454049061e-01)	(2.949260978818e-03 1.500337649238e-01 -1.070025708999e-03)	(3.211059617275e-01 8.088168092158e-06 4.672596818357e-01)	(-4.516102577259e-03 -5.023967794692e-01 -3.722363697921e-06)
10.9                	(5.760141372215e+00 2.375608271370e+00 7.077620455565e-01)	(5.760141372215e+00 2.375608271370e+00 7.077620455565e-01)	(2.488870003346e-03 8.462553063637e-02 -8.582740174820e-04)	(4.220581893619e-01 4.389567761149e-05 3.473494976931e-01)	(-4.056254781818e-03 -8.014384777480e-01 6.409180827325e-04)
11                  	(5.803838782095e+00 2.375611738361e+00 7.340883443657e-01)	(5.803838782095e+00 2.375611738361e+00 7.340883443657e-01)	(2.125470694907e-03 -8.006569110784e-03 -5.614868844553e-04)	(4.370542583791e-01 1.690279357389e-05 1.726003712102e-01)	(-2.871967213989e-03 -1.032101057757e+00 1.004860095639e-03)
11.1                	(5.844565582932e+00 2.375609705020e+00 7.414053459540e-01)	(5.844565582932e+00 2.375609705020e+00 7.414053459540e-01)	(1.938165088155e-03 -1.162591537902e-01 -2.362215836330e-04)	(3.631721611255e-01 -5.976922444347e-05 -2.854542789648e-02)	(-1.233564647777e-03 -1.095841636057e+00 1.061939839523e-03)
11.2                	(5.874162455742e+00 2.375601064481e+00 7.284096653034e-01)	(5.874162455742e+00 2.375601064481e+00 7.284096653034e-01)	(1.952251870621e-03 -2.181997226716e-01 6.066652258994e-05)	(2.212029447741e-01 -1.060299753439e-04 -2.284811294648e-01)	(5.134073171106e-04 -8.953244612524e-01 8.499511314274e-04)
11.3                	(5.888121835473e+00 2.375589685471e+00 6.969501941834e-01)	(5.888121835473e+00 2.375589685471e+00 6.969501941834e-01)	(2.138829418280e-03 -2.866650005682e-01 2.879071526616e-04)	(5.777875753983e-02 -1.146776266273e-04 -3.912833632500e-01)	(2.017328479764e-03 -4.393699506495e-01 8.277488147030e-04)
11.4                	(5.886002101564e+00 2.375580724846e+00 6.525724967808e-01)	(5.886002101564e+00 2.375580724846e+00 6.525724967808e-01)	(2.436892582623e-03 -3.016980100353e-01 4.194228774873e-04)	(-9.754301552747e-02 -5.349019634590e-05 -4.818024495916e-01)	(3.108753926569e-03 1.464667763595e-01 1.053915198051e-03)
11.5                	(5.869188915527e+00 2.375581903545e+00 6.037407927303e-01)	(5.869188915527e+00 2.375581903545e+00 6.037407927303e-01)	(2.789449748896e-03 -2.587944936847e-01 4.262622640046e-04)	(-2.356699563587e-01 8.550501800959e-05 -4.787421612826e-01)	(3.833504467521e-03 6.904230776350e-01 1.335313458034e-03)
11.6                	(5.839684310730e+00 2.375597626177e+00 5.599098493223e-01)	(5.839684310730e+00 2.375597626177e+00 5.599098493223e-01)	(3.162634590605e-03 -1.702172841564e-01 3.005769880400e-04)	(-3.488001896489e-01 2.234996537676e-04 -3.837796296441e-01)	(4.049205071237e-03 1.039130400677e+00 1.445045861787e-03)
11.7                	(5.800997857529e+00 2.375624437257e+00 5.293931527979e-01)	(5.800997857529e+00 2.375624437257e+00 5.293931527979e-01)	(3.520882828077e-03 -5.996639488894e-02 6.304190216413e-05)	(-4.145411916360e-01 2.997857858865e-04 -2.167482387229e-01)	(3.490296815261e-03 1.121718884651e+00 1.151121711943e-03)
11.8                	(5.759290950720e+00 2.375654046928e+00 5.179355393829e-01)	(5.759290950720e+00 2.375654046928e+00 5.179355393829e-01)	(3.801278100945e-03 4.617914329542e-02 -2.413237869078e-04)	(-4.051384970247e-01 2.767713806666e-04 -8.353313391290e-03)	(2.004357014258e-03 9.681834054129e-01 4.896126310139e-04)
11.9                	(5.722987979439e+00 2.375677883418e+00 5.278792430616e-01)	(5.722987979439e+00 2.375677883418e+00 5.278792430616e-01)	(3.926476308464e-03 1.284816069993e-01 -5.543443812441e-04)	(-3.060140260577e-01 1.924626770112e-04 2.043245078029e-01)	(-1.252865437300e-04 6.593674303257e-01 -3.363557739518e-04)
12                  	(5.700684138907e+00 2.375692236687e+00 5.574761484804e-01)	(5.700684138907e+00 2.375692236687e+00 5.574761484804e-01)	(3.836989504340e-03 1.759056554784e-01 -8.088532755492e-04)	(-1.299529809837e-01 9.936081620914e-05 3.772142794453e-01)	(-2.435101341008e-03 2.866275878936e-01 -8.978052575456e-04)
12.1                	(5.698233753403e+00 2.375698305311e+00 6.006384010855e-01)	(5.698233753403e+00 2.375698305311e+00 6.006384010855e-01)	(3.518243590235e-03 1.865662501617e-01 -9.439296408566e-04)	(8.265018858063e-02 2.795424677443e-05 4.705622754970e-01)	(-4.312575147061e-03 -6.666779398090e-02 -8.463773733463e-04)
12.2                	(5.716447513284e+00 2.375700447218e+00 6.483782157615e-01)	(5.716447513284e+00 2.375700447218e+00 6.483782157615e-01)	(3.031302357499e-03 1.636228313860e-01 -9.291208860509e-04)	(2.728780168530e-01 2.798922671864e-05 4.684346390921e-01)	(-5.162854963038e-03 -3.900230914330e-01 -3.079959740549e-04)
12.3                	(5.750477493220e+00 2.375705422489e+00 6.914845900672e-01)	(5.750477493220e+00 2.375705422489e+00 6.914845900672e-01)	(2.506116827915e-03 1.087529026881e-01 -7.817276086599e-04)	(3.944713122917e-01 6.930628263026e-05 3.813339353607e-01)	(-4.771547590278e-03 -7.052859996846e-01 1.803522851432e-04)
12.4                	(5.792550013891e+00 2.375711734489e+00 7.225981507992e-01)	(5.792550013891e+00 2.375711734489e+00 7.225981507992e-01)	(2.070527703279e-03 2.405204574124e-02 -5.556834384235e-04)	(4.325491553486e-01 4.454439064835e-05 2.329644545748e-01)	(-3.516571823552e-03 -9.741900175935e-01 4.570098737642e-04)
12.5                	(5.834073213911e+00 2.375712191343e+00 7.369049638594e-01)	(5.834073213911e+00 2.375712191343e+00 7.369049638594e-01)	(1.814612053259e-03 -8.138145393487e-02 -2.976356072385e-04)	(3.835536134438e-01 -4.336627166090e-05 4.922336804890e-02)	(-1.693361640243e-03 -1.102424855173e+00 6.426618781037e-04)
12.6                	(5.866725688942e+00 2.375703454115e+00 7.320662794274e-01)	(5.866725688942e+00 2.375703454115e+00 7.320662794274e-01)	(1.778730346518e-03 -1.881989966334e-01 -3.552657555869e-05)	(2.596768520584e-01 -1.232053676299e-04 -1.457456402990e-01)	(2.576347354517e-04 -9.867435513957e-01 7.286785868247e-04)
12.7                	(5.884864753603e+00 2.375689231542e+00 7.083886516202e-01)	(5.884864753603e+00 2.375689231542e+00 7.083886516202e-01)	(1.945660697345e-03 -2.694984281275e-01 1.982803385028e-04)	(1.013013919844e-01 -1.514509657590e-04 -3.213876690766e-01)	(1.954188602764e-03 -5.986219345049e-01 8.608299189358e-04)
12.8                	(5.887103592751e+00 2.375675376683e+00 6.696725396831e-01)	(5.887103592751e+00 2.375675376683e+00 6.696725396831e-01)	(2.257579430230e-03 -3.020416140295e-01 3.712995512490e-04)	(-5.427400951181e-02 -1.121992296905e-04 -4.407193735124e-01)	(3.205996262971e-03 -3.603522990851e-02 1.149021231859e-03)
12.9                	(5.874586474906e+00 2.375669639680e+00 6.230698102957e-01)	(5.874586474906e+00 2.375669639680e+00 6.230698102957e-01)	(2.640954198073e-03 -2.764695857781e-01 4.409721145203e-04)	(-1.929057939558e-01 1.407175632848e-05 -4.759141514215e-01)	(3.969945278731e-03 5.336741885295e-01 1.461140420058e-03)
13                  	(5.849238021457e+00 2.375679196298e+00 5.775831302703e-01)	(5.849238021457e+00 2.375679196298e+00 5.775831302703e-01)	(3.039983591782e-03 -2.006346941579e-01 3.762403263557e-04)	(-3.095909838075e-01 1.744294857425e-04 -4.189324040588e-01)	(4.197596745556e-03 9.457350597254e-01 1.573866028373e-03)
13.1                	(5.813896901675e+00 2.375703454437e+00 5.419393850277e-01)	(5.813896901675e+00 2.375703454437e+00 5.419393850277e-01)	(3.414485069048e-03 -9.593353708916e-02 1.843142129580e-04)	(-3.889483699148e-01 2.965365790210e-04 -2.825619882424e-01)	(3.700157599458e-03 1.103704310231e+00 1.342715673793e-03)
13.2                	(5.773561117995e+00 2.375735757710e+00 5.228623488979e-01)	(5.773561117995e+00 2.375735757710e+00 5.228623488979e-01)	(3.710231115262e-03 1.178461492455e-02 -9.193348861239e-05)	(-4.049692251911e-01 3.302899989692e-04 -9.273849449702e-02)	(2.295102610631e-03 1.014687425251e+00 7.856348911295e-04)
13.3                	(5.735722639020e+00 2.375766279536e+00 5.240507296546e-01)	(5.735722639020e+00 2.375766279536e+00 5.240507296546e-01)	(3.860857159211e-03 1.011553887170e-01 -3.939389390878e-04)	(-3.370645604472e-01 2.691370584692e-04 1.166648291476e-01)	(3.007748449919e-04 7.509015334911e-01 -4.890297031681e-05)
13.4                	(5.708938484175e+00 2.375788333385e+00 5.455431332100e-01)	(5.708938484175e+00 2.375788333385e+00 5.455431332100e-01)	(3.817988496558e-03 1.589734959676e-01 -6.653423342649e-04)	(-1.867137851461e-01 1.682633299178e-04 3.059917076828e-01)	(-1.892558526283e-03 3.985526059626e-01 -8.133853838789e-04)
13.5                	(5.700098694271e+00 2.375799852752e+00 5.831158458784e-01)	(5.700098694271e+00 2.375799852752e+00 5.831158458784e-01)	(3.554764941113e-03 1.809352816150e-01 -8.468476983939e-04)	(1.492568268840e-02 6.488401449327e-05 4.321912137991e-01)	(-3.905055050939e-03 4.594133795336e-02 -1.020372669552e-03)
13.6                	(5.711855926725e+00 2.375802932393e+00 6.289971252952e-01)	(5.711855926725e+00 2.375802932393e+00 6.289971252952e-01)	(3.106347982664e-03 1.693379654752e-01 -8.945549472092e-04)	(2.146957141487e-01 1.322242845038e-05 4.698996273412e-01)	(-5.027669996857e-03 -2.738701686864e-01 -5.740072722312e-04)
13.7                	(5.741113878833e+00 2.375805146125e+00 6.741389405590e-01)	(5.741113878833e+00 2.375805146125e+00 6.741389405590e-01)	(2.587241119094e-03 1.263550024854e-01 -8.003257339923e-04)	(3.581318301247e-01 3.726927029422e-05 4.194594909728e-01)	(-4.880081810070e-03 -5.854688921017e-01 -1.159581198604e-05)
13.8                	(5.780776588779e+00 2.375808984828e+00 7.105209651721e-01)	(5.780776588779e+00 2.375808984828e+00 7.105209651721e-01)	(2.130687034213e-03 5.289505031925e-02 -6.098485554063e-04)	(4.208763400614e-01 2.367616263603e-05 2.982152279245e-01)	(-3.791074617655e-03 -8.751794541807e-01 3.419346699556e-04)
13.9                	(5.822398495436e+00 2.375807512195e+00 7.321736444071e-01)	(5.822398495436e+00 2.375807512195e+00 7.321736444071e-01)	(1.831039611891e-03 -4.534704829750e-02 -3.747485424899e-04)	(3.971660292190e-01 -6.240593664180e-05 1.288042140985e-01)	(-2.103439680144e-03 -1.063956271353e+00 4.994029958871e-04)
14                  	(5.857536996810e+00 2.375795968956e+00 7.354731903825e-01)	(5.857536996810e+00 2.375795968956e+00 7.354731903825e-01)	(1.740910332161e-03 -1.528813841218e-01 -1.267194959711e-04)	(2.942355816240e-01 -1.635011319675e-04 -6.475704653316e-02)	(-1.904475295477e-04 -1.043141291967e+00 6.204891137586e-04)
14.1                	(5.879659109244e+00 2.375776799904e+00 7.193376390775e-01)	(5.879659109244e+00 2.375776799904e+00 7.193376390775e-01)	(1.859134826319e-03 -2.445980037275e-01 1.086280829974e-04)	(1.443746855272e-01 -2.083902100090e-04 -2.541491940937e-01)	(1.568169033007e-03 -7.460781385496e-01 7.466323878083e-04)
14.2                	(5.886278842387e+00 2.375756517086e+00 6.860477884591e-01)	(5.886278842387e+00 2.375756517086e+00 6.860477884591e-01)	(2.140916666517e-03 -2.947438924428e-01 3.024906005609e-04)	(-1.031889655979e-02 -1.828122344816e-04 -4.013474052865e-01)	(2.936128751836e-03 -2.314526232053e-01 1.045468995389e-03)
14.3                	(5.878121249675e+00 2.375742829506e+00 6.416157905488e-01)	(5.878121249675e+00 2.375742829506e+00 6.416157905488e-01)	(2.515092869396e-03 -2.886528122049e-01 4.161162211723e-04)	(-1.494850517967e-01 -7.710134788849e-05 -4.723342871023e-01)	(3.806855120185e-03 3.490724548527e-01 1.433178288574e-03)
14.4                	(5.857040775163e+00 2.375743460421e+00 5.947264541672e-01)	(5.857040775163e+00 2.375743460421e+00 5.947264541672e-01)	(2.918383398902e-03 -2.285802315403e-01 4.069690530785e-04)	(-2.685686742237e-01 8.836270835554e-05 -4.498681861776e-01)	(4.195461915563e-03 8.215668487854e-01 1.627519493895e-03)
14.5                	(5.825356005240e+00 2.375760157542e+00 5.545774547608e-01)	(5.825356005240e+00 2.375760157542e+00 5.545774547608e-01)	(3.305742018273e-03 -1.321410219715e-01 2.626131557902e-04)	(-3.587437792465e-01 2.372877780327e-04 -3.402679904669e-01)	(3.929525639115e-03 1.063383116631e+00 1.491612077517e-03)
14.6                	(5.787020551278e+00 2.375788075741e+00 5.288227334857e-01)	(5.787020551278e+00 2.375788075741e+00 5.288227334857e-01)	(3.633253714564e-03 -2.443361107142e-02 1.519057927439e-05)	(-3.970387143965e-01 3.067709809549e-04 -1.667513194629e-01)	(2.848380010063e-03 1.051298246667e+00 1.018888417967e-03)
14.7                	(5.748524121585e+00 2.375817910724e+00 5.223144973231e-01)	(5.748524121585e+00 2.375817910724e+00 5.223144973231e-01)	(3.841205301470e-03 7.151760011613e-02 -2.772079789810e-04)	(-3.587330105999e-01 2.752372864063e-04 3.888850686314e-02)	(1.079424299868e-03 8.416479656484e-01 2.714604524675e-04)
14.8                	(5.718102233474e+00 2.375840918353e+00 5.364190212617e-01)	(5.718102233474e+00 2.375840918353e+00 5.364190212617e-01)	(3.877798807375e-03 1.399767381430e-01 -5.610974516034e-04)	(-2.363466228988e-01 1.750358000647e-04 2.385845552585e-01)	(-9.862194306108e-04 5.153259140193e-01 -5.754343239404e-04)
14.9                	(5.703466644827e+00 2.375852529804e+00 5.684497751133e-01)	(5.703466644827e+00 2.375852529804e+00 5.684497751133e-01)	(3.708595352816e-03 1.737482967646e-01 -7.778459469786e-04)	(-4.873363061823e-02 6.155932138634e-05 3.910851913031e-01)	(-3.038155142428e-03 1.620926622225e-01 -1.039612004339e-03)
15                  	(5.708904326519e+00 2.375853760559e+00 6.119494807062e-01)	(5.708904326519e+00 2.375853760559e+00 6.119494807062e-01)	(3.342265242837e-03 1.733284534289e-01 -8.822179125491e-04)	(1.551525611647e-01 -2.770290504154e-05 4.639437241747e-01)	(-4.494619600435e-03 -1.656192568178e-01 -8.995674852174e-04)
15.1                	(5.733054345629e+00 2.375850218833e+00 6.581974124974e-01)	(5.733054345629e+00 2.375850218833e+00 6.581974124974e-01)	(2.862511843906e-03 1.409603213156e-01 -8.457819246325e-04)	(3.169949443621e-01 -3.080468256078e-05 4.465598875263e-01)	(-4.781300217283e-03 -4.816302057713e-01 -3.642825801028e-04)
15.2                	(5.769738987181e+00 2.375848221970e+00 6.986360124065e-01)	(5.769738987181e+00 2.375848221970e+00 6.986360124065e-01)	(2.398504193126e-03 7.733732051379e-02 -6.938077099456e-04)	(4.028363896777e-01 -1.957772867192e-05 3.506325089824e-01)	(-4.036936451256e-03 -7.855534918204e-01 4.551125989369e-05)
15.3                	(5.810768091822e+00 2.375843400839e+00 7.263542725422e-01)	(5.810768091822e+00 2.375843400839e+00 7.263542725422e-01)	(2.053296238088e-03 -1.377361293226e-02 -4.755812494821e-04)	(4.033446965676e-01 -8.706868142584e-05 1.958716138505e-01)	(-2.637770712930e-03 -1.016637097056e+00 2.562749923528e-04)
15.4                	(5.847672329981e+00 2.375829468327e+00 7.366450690672e-01)	(5.847672329981e+00 2.375829468327e+00 7.366450690672e-01)	(1.891722224598e-03 -1.200813661438e-01 -2.347784726410e-04)	(3.222206087242e-01 -1.907044968739e-04 6.159955963952e-03)	(-8.931628046895e-04 -1.070658564224e+00 3.890874145972e-04)
15.5                	(5.873323715895e+00 2.375806911527e+00 7.273500908706e-01)	(5.873323715895e+00 2.375806911527e+00 7.273500908706e-01)	(1.929324835968e-03 -2.187722216478e-01 1.434755159832e-06)	(1.844838170156e-01 -2.494701879079e-04 -1.907170434682e-01)	(8.066422579850e-04 -8.560214408800e-01 5.392116681977e-04)
15.6                	(5.884116459557e+00 2.375782235154e+00 6.994823590503e-01)	(5.884116459557e+00 2.375782235154e+00 6.994823590503e-01)	(2.134274379746e-03 -2.829475023514e-01 2.055809685781e-04)	(3.196554032946e-02 -2.311400110038e-04 -3.583705444860e-01)	(2.204539435585e-03 -3.952259601048e-01 8.665817301271e-04)
15.7                	(5.880140974322e+00 2.375763451305e+00 6.579166603633e-01)	(5.880140974322e+00 2.375763451305e+00 6.579166603633e-01)	(2.447268429771e-03 -2.940052415497e-01 3.461150582022e-04)	(-1.083064357548e-01 -1.300251208025e-04 -4.589842856645e-01)	(3.178937609773e-03 1.786978981564e-01 1.343569737131e-03)
15.8                	(5.863089416175e+00 2.375758393290e+00 6.107795825714e-01)	(5.863089416175e+00 2.375758393290e+00 6.107795825714e-01)	(2.808885982617e-03 -2.492704313308e-01 3.806528022004e-04)	(-2.295451593664e-01 3.725400347565e-05 -4.676865687614e-01)	(3.787126596543e-03 6.920727636053e-01 1.649737365596e-03)
15.9                	(5.834992311793e+00 2.375770216372e+00 5.674687176767e-01)	(5.834992311793e+00 2.375770216372e+00 5.674687176767e-01)	(3.176779403256e-03 -1.624712063503e-01 2.848773324783e-04)	(-3.274141806712e-01 1.978095301115e-04 -3.844207383121e-01)	(3.843384800460e-03 1.002455539667e+00 1.631696349326e-03)
16                  	(5.798995066241e+00 2.375795476341e+00 5.363081397181e-01)	(5.798995066241e+00 2.375795476341e+00 5.363081397181e-01)	(3.511593051413e-03 -5.733728404280e-02 7.863639945067e-05)	(-3.832874746154e-01 2.921641462162e-04 -2.289952487143e-01)	(3.149964107990e-03 1.059438571346e+00 1.259638441760e-03)
16.1                	(5.760603422449e+00 2.375825435900e+00 5.230684807183e-01)	(5.760603422449e+00 2.375825435900e+00 5.230684807183e-01)	(3.756703423861e-03 4.226624180237e-02 -1.883725200588e-04)	(-3.713114972303e-01 2.886256428401e-04 -3.154818641695e-02)	(1.669556122977e-03 9.035156725538e-01 6.133610033066e-04)
16.2                	(5.727507247649e+00 2.375850648428e+00 5.302238223914e-01)	(5.727507247649e+00 2.375850648428e+00 5.302238223914e-01)	(3.852134282076e-03 1.188110347606e-01 -4.630394965993e-04)	(-2.768386847115e-01 2.044169999891e-04 1.723937415039e-01)	(-2.558183407514e-04 6.109422589918e-01 -2.501216290433e-04)
16.3                	(5.707721201307e+00 2.375865178383e+00 5.564451508664e-01)	(5.707721201307e+00 2.375865178383e+00 5.564451508664e-01)	(3.757441018616e-03 1.627897672893e-01 -6.946568134506e-04)	(-1.090646698390e-01 8.800574616829e-05 3.432936047618e-01)	(-2.284899162765e-03 2.672222378264e-01 -9.067778061899e-04)
16.4                	(5.706817558846e+00 2.375868505088e+00 5.965470402486e-01)	(5.706817558846e+00 2.375868505088e+00 5.965470402486e-01)	(3.464394509963e-03 1.728944755579e-01 -8.363798791809e-04)	(9.199208009172e-02 -2.134413520992e-05 4.448424856112e-01)	(-3.932948548522e-03 -5.984063977488e-02 -1.024913601330e-03)
16.5                	(5.725304660878e+00 2.375863903901e+00 6.424583252437e-01)	(5.725304660878e+00 2.375863903901e+00 6.424583252437e-01)	(3.031348617363e-03 1.514390089185e-01 -8.492643227789e-04)	(2.692573565122e-01 -5.716861092134e-05 4.584578619718e-01)	(-4.576675569745e-03 -3.692809172488e-01 -5.667604613819e-04)
16.6                	(5.758351276549e+00 2.375858978111e+00 6.854538800135e-01)	(5.758351276549e+00 2.375858978111e+00 6.854538800135e-01)	(2.574639589881e-03 9.903621298226e-02 -7.365830809285e-04)	(3.785986498353e-01 -4.287333511960e-05 3.888146627052e-01)	(-4.133408568787e-03 -6.766488583113e-01 -1.373851324001e-04)
16.7                	(5.798250385014e+00 2.375853059555e+00 7.179924789237e-01)	(5.798250385014e+00 2.375853059555e+00 7.179924789237e-01)	(2.202622018263e-03 1.752999852626e-02 -5.418989342587e-04)	(4.051530932574e-01 -8.788689180366e-05 2.525795983492e-01)	(-2.987314505664e-03 -9.398229744375e-01 1.216882873316e-04)
16.8                	(5.836599931599e+00 2.375839560762e+00 7.345178463356e-01)	(5.836599931599e+00 2.375839560762e+00 7.345178463356e-01)	(1.988389690120e-03 -8.428243064418e-02 -3.117213093770e-04)	(3.487006560344e-01 -1.869150921418e-04 7.268833267008e-02)	(-1.406916383832e-03 -1.064394959466e+00 2.458667275799e-04)
16.9                	(5.865804723860e+00 2.375816617234e+00 7.319661611305e-01)	(5.865804723860e+00 2.375816617234e+00 7.319661611305e-01)	(1.963650664933e-03 -1.870830483414e-01 -7.617829291577e-05)	(2.270213074854e-01 -2.620458954145e-04 -1.240980312733e-01)	(2.492126350631e-04 -9.449537260758e-01 3.953627619242e-04)
17                  	(5.881072286520e+00 2.375789540070e+00 7.102203559412e-01)	(5.881072286520e+00 2.375789540070e+00 7.102203559412e-01)	(2.109869914510e-03 -2.642894679118e-01 1.372433256015e-04)	(7.734049341693e-02 -2.650428335430e-04 -3.047674866609e-01)	(1.664276580228e-03 -5.602870657753e-01 6.763197770056e-04)
17.1                	(5.881498943325e+00 2.375766518383e+00 6.728478181272e-01)	(5.881498943325e+00 2.375766518383e+00 6.728478181272e-01)	(2.377173214545e-03 -2.936442068154e-01 2.977465984060e-04)	(-6.612444206607e-02 -1.803748850238e-04 -4.305509894785e-01)	(2.721784735292e-03 -1.266818968613e-02 1.151252490453e-03)
17.2                	(5.868480578574e+00 2.375755735131e+00 6.269877118626e-01)	(5.868480578574e+00 2.375755735131e+00 6.269877118626e-01)	(2.707686150030e-03 -2.669553871663e-01 3.695255988842e-04)	(-1.910731085975e-01 -2.554144108258e-05 -4.708976658074e-01)	(3.422808674447e-03 5.309283809736e-01 1.578821445301e-03)
17.3                	(5.843957004341e+00 2.375761827054e+00 5.818218598933e-01)	(5.843957004341e+00 2.375761827054e+00 5.818218598933e-01)	(3.056200442143e-03 -1.929164611167e-01 3.201515482053e-04)	(-2.953450840597e-01 1.422423926315e-04 -4.174293546646e-01)	(3.664368775147e-03 9.131834568135e-01 1.688772801134e-03)
17.4                	(5.810526195522e+00 2.375782781472e+00 5.461369007408e-01)	(5.810526195522e+00 2.375782781472e+00 5.461369007408e-01)	(3.386268647595e-03 -9.256836226552e-02 1.530652544207e-04)	(-3.657021032669e-01 2.613232992166e-04 -2.850576079994e-01)	(3.278266127411e-03 1.052088348549e+00 1.422066141683e-03)
17.5                	(5.772764981685e+00 2.375811199233e+00 5.265463734875e-01)	(5.772764981685e+00 2.375811199233e+00 5.265463734875e-01)	(3.655055589348e-03 9.854014157224e-03 -9.253908524322e-05)	(-3.776877359154e-01 2.914029284124e-04 -1.007679659199e-01)	(2.168688041553e-03 9.632039182812e-01 8.585218672959e-04)
17.6                	(5.737625901464e+00 2.375838112381e+00 5.266175217406e-01)	(5.737625901464e+00 2.375838112381e+00 5.266175217406e-01)	(3.807217038883e-03 9.473430859258e-02 -3.631357177192e-04)	(-3.113177356497e-01 2.357064109764e-04 1.022972653534e-01)	(5.131313198611e-04 7.142542940426e-01 4.498554095898e-05)
17.7                	(5.713137253554e+00 2.375856072127e+00 5.463561463793e-01)	(5.713137253554e+00 2.375856072127e+00 5.463561463793e-01)	(3.795501821104e-03 1.499617989191e-01 -6.131778994471e-04)	(-1.666651104053e-01 1.208253012382e-04 2.861385972992e-01)	(-1.390741576436e-03 3.841606215995e-01 -7.439738838808e-04)
17.8                	(5.705920891014e+00 2.375862333819e+00 5.819503070381e-01)	(5.705920891014e+00 2.375862333819e+00 5.819503070381e-01)	(3.593307974091e-03 1.715244231544e-01 -7.936770571452e-04)	(2.651202696868e-02 3.267771653795e-06 4.134569490396e-01)	(-3.167237872336e-03 5.105101821388e-02 -1.102395127155e-03)
17.9                	(5.718300309122e+00 2.375857959745e+00 6.262751392695e-01)	(5.718300309122e+00 2.375857959745e+00 6.262751392695e-01)	(3.227732219520e-03 1.609539436915e-01 -8.580675547737e-04)	(2.153776225103e-01 -7.109475363205e-05 4.583597678284e-01)	(-4.196000071103e-03 -2.610510152748e-01 -7.806240755909e-04)
18                  	(5.747069293832e+00 2.375850448872e+00 6.707416094271e-01)	(5.747069293832e+00 2.375850448872e+00 6.707416094271e-01)	(2.791717829808e-03 1.192623952217e-01 -7.864977544009e-04)	(3.478432567498e-01 -7.256515773083e-05 4.175288695781e-01)	(-4.165916366006e-03 -5.722984698937e-01 -3.096698524122e-04)
18.1                	(5.785199708305e+00 2.375842628617e+00 7.073463263179e-01)	(5.785199708305e+00 2.375842628617e+00 7.073463263179e-01)	(2.397245191241e-03 4.726886564321e-02 -6.147464319927e-04)	(4.007411022378e-01 -9.629274217981e-05 3.038623451696e-01)	(-3.336482878632e-03 -8.584605324599e-01 1.794833282125e-06)
18.2                	(5.824419464577e+00 2.375829078264e+00 7.297626726486e-01)	(5.824419464577e+00 2.375829078264e+00 7.297626726486e-01)	(2.127910172039e-03 -4.896558273193e-02 -3.909323870173e-04)	(3.700833099091e-01 -1.829318529702e-04 1.378058434410e-01)	(-1.983989213575e-03 -1.040025627910e+00 1.338893637647e-04)
18.3                	(5.856779275131e+00 2.375805966212e+00 7.340101786458e-01)	(5.856779275131e+00 2.375805966212e+00 7.340101786458e-01)	(2.031771250635e-03 -1.536161202916e-01 -1.546557226118e-04)	(2.670742767732e-01 -2.709759448959e-04 -5.498579388108e-02)	(-4.143433513761e-04 -1.009052272609e+00 2.494677625063e-04)
18.4                	(5.876460630917e+00 2.375777289725e+00 7.188654659439e-01)	(5.876460630917e+00 2.375777289725e+00 7.188654659439e-01)	(2.107333492565e-03 -2.415643551942e-01 6.448139781076e-05)	(1.233595583693e-01 -2.885745207558e-04 -2.443129442151e-01)	(1.019536717923e-03 -7.064779923781e-01 4.676429410259e-04)
18.5                	(5.881410855733e+00 2.375751025410e+00 6.865420181363e-01)	(5.881410855733e+00 2.375751025410e+00 6.865420181363e-01)	(2.315931792219e-03 -2.879632332555e-01 2.385653644097e-04)	(-2.241934806904e-02 -2.218886717845e-04 -3.919477157773e-01)	(2.172540578684e-03 -1.987165500276e-01 9.049804832880e-04)
18.6                	(5.872524594294e+00 2.375735439447e+00 6.430162189135e-01)	(5.872524594294e+00 2.375735439447e+00 6.430162189135e-01)	(2.604872772166e-03 -2.795430965677e-01 3.391380375043e-04)	(-1.519073413691e-01 -7.974068037921e-05 -4.634938931614e-01)	(2.978349885649e-03 3.610695063297e-01 1.441221620892e-03)
18.7                	(5.851678150535e+00 2.375736289779e+00 5.969871842178e-01)	(5.851678150535e+00 2.375736289779e+00 5.969871842178e-01)	(2.927132438268e-03 -2.197105710723e-01 3.330946768687e-04)	(-2.615805846950e-01 9.219695957371e-05 -4.415574447488e-01)	(3.406060224307e-03 8.044898603348e-01 1.699175926098e-03)
18.8                	(5.821109706699e+00 2.375752832549e+00 5.575762418081e-01)	(5.821109706699e+00 2.375752832549e+00 5.575762418081e-01)	(3.245825203941e-03 -1.262533262146e-01 2.081079177590e-04)	(-3.437606838708e-01 2.287893053181e-04 -3.342530291398e-01)	(3.283163661712e-03 1.022869801481e+00 1.553414384456e-03)
18.9                	(5.784562758106e+00 2.375779213573e+00 5.321940810583e-01)	(5.784562758106e+00 2.375779213573e+00 5.321940810583e-01)	(3.526217961328e-03 -2.308775674394e-02 -8.913174450697e-06)	(-3.768097217842e-01 2.844710719092e-04 -1.656511595241e-01)	(2.527463805655e-03 1.004328187407e+00 1.064521565334e-03)
19                  	(5.748181135508e+00 2.375806914377e+00 5.254553529914e-01)	(5.748181135508e+00 2.375806914377e+00 5.254553529914e-01)	(3.723044694757e-03 6.852540657162e-02 -2.686953133840e-04)	(-3.374143623934e-01 2.558555900927e-04 3.299874132349e-02)	(1.203794066755e-03 8.039313285655e-01 3.477545617769e-04)
19.1                	(5.719776887081e+00 2.375828284419e+00 5.386074494520e-01)	(5.719776887081e+00 2.375828284419e+00 5.386074494520e-01)	(3.787838811079e-03 1.340922439974e-01 -5.264702371195e-04)	(-2.179527131702e-01 1.630964779726e-04 2.258901275039e-01)	(-4.890855180896e-04 4.960937130327e-01 -5.301701501879e-04)
19.2                	(5.706641940239e+00 2.375838788775e+00 5.691566131618e-01)	(5.706641940239e+00 2.375838788775e+00 5.691566131618e-01)	(3.679079852133e-03 1.668924002420e-01 -7.379466495432e-04)	(-3.780491111309e-02 4.468280888678e-05 3.746529518515e-01)	(-2.314560538099e-03 1.614836446152e-01 -1.087028700659e-03)
19.3                	(5.712700274069e+00 2.375837407061e+00 6.109932430070e-01)	(5.712700274069e+00 2.375837407061e+00 6.109932430070e-01)	(3.391649872836e-03 1.671105069670e-01 -8.507404345875e-04)	(1.566684051755e-01 -6.062212764264e-05 4.480181741551e-01)	(-3.682325984485e-03 -1.539615114318e-01 -9.732974290216e-04)
19.4                	(5.736560683020e+00 2.375829727317e+00 6.558667123377e-01)	(5.736560683020e+00 2.375829727317e+00 6.558667123377e-01)	(2.990904004597e-03 1.361732353816e-01 -8.251114814238e-04)	(3.099346361569e-01 -8.339414974369e-05 4.354669613920e-01)	(-4.088248850168e-03 -4.653944111159e-01 -4.779458736103e-04)
19.5                	(5.772182354066e+00 2.375821389477e+00 6.954911249945e-01)	(5.772182354066e+00 2.375821389477e+00 6.954911249945e-01)	(2.584985672582e-03 7.432898381028e-02 -6.812233429284e-04)	(3.889242794816e-01 -9.072851395420e-05 3.453611039208e-01)	(-3.607154085132e-03 -7.660962145735e-01 -1.125229835074e-04)
19.6                	(5.811569971258e+00 2.375809348968e+00 7.229380546354e-01)	(5.811569971258e+00 2.375809348968e+00 7.229380546354e-01)	(2.267744727263e-03 -1.464330000057e-02 -4.672161794299e-04)	(3.849474548703e-01 -1.592173423888e-04 1.955549842396e-01)	(-2.520794395493e-03 -9.932475177612e-01 6.721251880173e-05)
19.7                	(5.846582431772e+00 2.375788455392e+00 7.334343500561e-01)	(5.846582431772e+00 2.375788455392e+00 7.334343500561e-01)	(2.103085915108e-03 -1.183895452033e-01 -2.294962079345e-04)	(3.038361814785e-01 -2.560138404593e-04 1.072127182633e-02)	(-1.055812178825e-03 -1.042993140748e+00 1.759464297164e-04)
19.8                	(5.870565204388e+00 2.375760215799e+00 7.248344288749e-01)	(5.870565204388e+00 2.375760215799e+00 7.248344288749e-01)	(2.110282772509e-03 -2.143305513981e-01 -8.680704885318e-08)	(1.701693998584e-01 -2.962855119064e-04 -1.813212064828e-01)	(4.041868948149e-04 -8.299521719917e-01 3.528117421233e-04)
19.9                	(5.880198903434e+00 2.375732267448e+00 6.981108085986e-01)	(5.880198903434e+00 2.375732267448e+00 6.981108085986e-01)	(2.261293250292e-03 -2.763253435189e-01 1.924407928577e-04)	(2.316284041913e-02 -2.502448629414e-04 -3.451820048423e-01)	(1.620883740399e-03 -3.789090077854e-01 7.244468220144e-04)
20                  	(5.875632956673e+00 2.375712996202e+00 6.579839401109e-01)	(5.875632956673e+00 2.375712996202e+00 6.579839401109e-01)	(2.506262233199e-03 -2.865343012696e-01 3.206315299424e-04)	(-1.114267993930e-01 -1.264084177836e-04 -4.438717333366e-01)	(2.498012097361e-03 1.784273517751e-01 1.272438783777e-03)
20.1                	(5.858556689489e+00 2.375708753244e+00 6.123501595213e-01)	(5.858556689489e+00 2.375708753244e+00 6.123501595213e-01)	(2.795516459973e-03 -2.428197346948e-01 3.537277573850e-04)	(-2.268269668181e-01 4.520341505379e-05 -4.531305165642e-01)	(3.047242964130e-03 6.718312627498e-01 1.641749358180e-03)
20.2                	(5.831030503940e+00 2.375720698123e+00 5.703506064614e-01)	(5.831030503940e+00 2.375720698123e+00 5.703506064614e-01)	(3.093983583215e-03 -1.588111615824e-01 2.694560806318e-04)	(-3.187504041281e-01 1.890429003814e-04 -3.732310378530e-01)	(3.159273920433e-03 9.689393078792e-01 1.602857902467e-03)
20.3                	(5.796163507186e+00 2.375744198275e+00 5.400270679858e-01)	(5.796163507186e+00 2.375744198275e+00 5.400270679858e-01)	(3.372487356004e-03 -5.710741356255e-02 8.225114596429e-05)	(-3.696895125529e-01 2.667674214452e-04 -2.239199867121e-01)	(2.698350783993e-03 1.026644182698e+00 1.206392657636e-03)
20.4                	(5.759273264800e+00 2.375771497956e+00 5.269246706023e-01)	(5.759273264800e+00 2.375771497956e+00 5.269246706023e-01)	(3.592906304558e-03 3.975432998673e-02 -1.652004431688e-04)	(-3.554570252143e-01 2.661694908694e-04 -3.402627120517e-02)	(1.651618008185e-03 8.827277582043e-01 5.724571877405e-04)
20.5                	(5.727736097767e+00 2.375795217442e+00 5.334397332519e-01)	(5.727736097767e+00 2.375795217442e+00 5.334397332519e-01)	(3.707806117199e-03 1.150230509010e-01 -4.252017785818e-04)	(-2.620597732808e-01 1.974365167877e-04 1.622744972898e-01)	(1.728963651499e-04 6.064433887679e-01 -2.687019411810e-04)
20.6                	(5.709237955022e+00 2.375809617118e+00 5.583572329420e-01)	(5.709237955022e+00 2.375809617118e+00 5.583572329420e-01)	(3.671513266565e-03 1.592363921697e-01 -6.577696173731e-04)	(-9.883509531064e-02 8.761455742894e-05 3.276733788206e-01)	(-1.560392381995e-03 2.753372439060e-01 -9.959511666203e-04)
20.7                	(5.709038735974e+00 2.375812354301e+00 5.967543665625e-01)	(5.709038735974e+00 2.375812354301e+00 5.967543665625e-01)	(3.459881177191e-03 1.704437217295e-01 -8.126170950293e-04)	(9.564876893983e-02 -3.049082219993e-05 4.271549597954e-01)	(-3.100768299507e-03 -4.760440805069e-02 -1.115873201519e-03)
20.8                	(5.727549024314e+00 2.375806368897e+00 6.409782536602e-01)	(5.727549024314e+00 2.375806368897e+00 6.409782536602e-01)	(3.108135886639e-03 1.500125314860e-01 -8.372638337337e-04)	(2.661058753077e-01 -7.880691535481e-05 4.430614731306e-01)	(-3.854659452047e-03 -3.617037749956e-01 -6.629730859253e-04)
20.9                	(5.759985001206e+00 2.375798170126e+00 6.826699033334e-01)	(5.759985001206e+00 2.375798170126e+00 6.826699033334e-01)	(2.712466184923e-03 9.816968089898e-02 -7.309256877047e-04)	(3.697593829795e-01 -8.544514509812e-05 3.783190499702e-01)	(-3.661146255560e-03 -6.724349774515e-01 -2.525094732791e-04)
21                  	(5.798776072798e+00 2.375787424102e+00 7.144360102647e-01)	(5.798776072798e+00 2.375787424102e+00 7.144360102647e-01)	(2.374216953653e-03 1.712572859609e-02 -5.366754011129e-04)	(3.920819144522e-01 -1.387103658537e-04 2.476721034177e-01)	(-2.792347572995e-03 -9.338369620563e-01 9.757868010435e-07)
21.1                	(5.835712009213e+00 2.375768932888e+00 7.307588802779e-01)	(5.835712009213e+00 2.375768932888e+00 7.307588802779e-01)	(2.166339534264e-03 -8.379429676459e-02 -3.027855193121e-04)	(3.342166475138e-01 -2.347682513869e-04 7.375232920984e-02)	(-1.471936001886e-03 -1.051345767913e+00 1.190812088097e-04)
21.2                	(5.863516596381e+00 2.375741789985e+00 7.286161605311e-01)	(5.863516596381e+00 2.375741789985e+00 7.286161605311e-01)	(2.122716235164e-03 -1.849429987442e-01 -6.647237036884e-05)	(2.141892771701e-01 -2.941094534246e-04 -1.170384433448e-01)	(-5.128793975856e-05 -9.255892607116e-01 2.614730861307e-04)
21.3                	(5.877692516214e+00 2.375712866468e+00 7.078432276968e-01)	(5.877692516214e+00 2.375712866468e+00 7.078432276968e-01)	(2.226667490402e-03 -2.601489282121e-01 1.407514842331e-04)	(6.846586367004e-02 -2.699778661945e-04 -2.926902068230e-01)	(1.167993538820e-03 -5.410726639359e-01 5.624812113921e-04)
21.4                	(5.877451143508e+00 2.375690464403e+00 6.718480057031e-01)	(5.877451143508e+00 2.375690464403e+00 6.718480057031e-01)	(2.434054289860e-03 -2.879412289586e-01 2.900519497459e-04)	(-7.063919503892e-02 -1.645767714774e-04 -4.154481066548e-01)	(2.110225802628e-03 -1.991316332413e-03 1.070609943535e-03)
21.5                	(5.864185417882e+00 2.375681687603e+00 6.275428660126e-01)	(5.864185417882e+00 2.375681687603e+00 6.275428660126e-01)	(2.697667216687e-03 -2.608959628764e-01 3.543600099446e-04)	(-1.914167105213e-01 -4.331120373816e-06 -4.553205456946e-01)	(2.755184788325e-03 5.267905473229e-01 1.535846315643e-03)
21.6                	(5.839864371668e+00 2.375689221653e+00 5.838570816389e-01)	(5.839864371668e+00 2.375689221653e+00 5.838570816389e-01)	(2.981502313438e-03 -1.880760551853e-01 3.075443695761e-04)	(-2.909456214510e-01 1.465601756450e-04 -4.038799231637e-01)	(3.042382942327e-03 8.937176464816e-01 1.633622788683e-03)
21.7                	(5.807107989720e+00 2.375709512774e+00 5.493201591691e-01)	(5.807107989720e+00 2.375709512774e+00 5.493201591691e-01)	(3.257523335232e-03 -9.007029958241e-02 1.518998198656e-04)	(-3.566949655818e-01 2.449646949287e-04 -2.759830299714e-01)	(2.797179848502e-03 1.026663815093e+00 1.347643821920e-03)
21.8                	(5.770433616987e+00 2.375735582316e+00 5.303326348776e-01)	(5.770433616987e+00 2.375735582316e+00 5.303326348776e-01)	(3.491330651579e-03 9.967186102764e-03 -7.869976420599e-05)	(-3.652676562881e-01 2.645748122140e-04 -9.792300397962e-02)	(1.954002532034e-03 9.425443298647e-01 7.722966432133e-04)
21.9                	(5.736621102710e+00 2.375760332748e+00 5.303517883223e-01)	(5.736621102710e+00 2.375760332748e+00 5.303517883223e-01)	(3.637866035519e-03 9.329533168254e-02 -3.360533032691e-04)	(-2.976294220984e-01 2.216182369925e-04 9.835330432090e-02)	(6.366337111321e-04 7.043176626785e-01 1.580306159467e-06)
22                  	(5.713451423327e+00 2.375778075402e+00 5.493851773764e-01)	(5.713451423327e+00 2.375778075402e+00 5.493851773764e-01)	(3.652471035365e-03 1.480775882409e-01 -5.805745162629e-04)	(-1.547709581580e-01 1.286347515307e-04 2.761595470835e-01)	(-9.808147357897e-04 3.845636459986e-01 -8.212845441424e-04)
22.1                	(5.707204142987e+00 2.375785195977e+00 5.837188497584e-01)	(5.707204142987e+00 2.375785195977e+00 5.837188497584e-01)	(3.502188285320e-03 1.700172964654e-01 -7.682916348248e-04)	(3.368099152297e-02 1.290383526136e-05 3.986735496614e-01)	(-2.573285835558e-03 5.686020443074e-02 -1.188102322039e-03)
22.2                	(5.719988876942e+00 2.375782146777e+00 6.264568025008e-01)	(5.719988876942e+00 2.375782146777e+00 6.264568025008e-01)	(3.199457235863e-03 1.599591525282e-01 -8.420355566851e-04)	(2.162893323157e-01 -5.795989089027e-05 4.419697459231e-01)	(-3.584436695186e-03 -2.576160890256e-01 -8.446801056756e-04)
22.3                	(5.748559009701e+00 2.375775300900e+00 6.693462268904e-01)	(5.748559009701e+00 2.375775300900e+00 6.693462268904e-01)	(2.820588831736e-03 1.184112714986e-01 -7.775578761426e-04)	(3.431406352105e-01 -7.369046336991e-05 4.027838196660e-01)	(-3.671534550994e-03 -5.725288897980e-01 -3.865475859430e-04)
22.4                	(5.785990314418e+00 2.375766605615e+00 7.046439854816e-01)	(5.785990314418e+00 2.375766605615e+00 7.046439854816e-01)	(2.467510686123e-03 4.638802844730e-02 -6.103176109133e-04)	(3.917146376415e-01 -1.101809890762e-04 2.927842981655e-01)	(-3.013992607683e-03 -8.577164085520e-01 -8.474406629025e-05)
22.5                	(5.824164139369e+00 2.375751583073e+00 7.262032227794e-01)	(5.824164139369e+00 2.375751583073e+00 7.262032227794e-01)	(2.221346342739e-03 -4.949768396730e-02 -3.876032131653e-04)	(3.583850574577e-01 -1.964861888938e-04 1.319548982694e-01)	(-1.844849953253e-03 -1.033268807082e+00 5.683349433360e-05)
22.6                	(5.855355150459e+00 2.375727371307e+00 7.302030427759e-01)	(5.855355150459e+00 2.375727371307e+00 7.302030427759e-01)	(2.130872022160e-03 -1.529824184053e-01 -1.501637961131e-04)	(2.557435059143e-01 -2.771126241857e-04 -5.396362892009e-02)	(-4.424809471436e-04 -9.930608661763e-01 1.977183593401e-04)
22.7                	(5.874018204310e+00 2.375698758568e+00 7.155159524553e-01)	(5.874018204310e+00 2.375698758568e+00 7.155159524553e-01)	(2.195489449328e-03 -2.390725030224e-01 7.019392320485e-05)	(1.145895306783e-01 -2.796803299618e-04 -2.362609442268e-01)	(8.311028475143e-04 -6.865537444205e-01 4.542946573912e-04)
22.8                	(5.878242882239e+00 2.375673832739e+00 6.842881257421e-01)	(5.878242882239e+00 2.375673832739e+00 6.842881257421e-01)	(2.376467731926e-03 -2.836332741187e-01 2.430718835420e-04)	(-2.815901546054e-02 -2.045500647142e-04 -3.784224301888e-01)	(1.832180318618e-03 -1.832019152747e-01 9.058109176948e-04)
22.9                	(5.868932421988e+00 2.375660116372e+00 6.423007652915e-01)	(5.868932421988e+00 2.375660116372e+00 6.423007652915e-01)	(2.623864368034e-03 -2.742055739943e-01 3.408675551419e-04)	(-1.547359947979e-01 -5.960746919258e-05 -4.467709269108e-01)	(2.518445274041e-03 3.646625323246e-01 1.443165390496e-03)
23                  	(5.847956098496e+00 2.375662302727e+00 5.979693488459e-01)	(5.847956098496e+00 2.375662302727e+00 5.979693488459e-01)	(2.896631939335e-03 -2.147389920262e-01 3.358130453286e-04)	(-2.612009893922e-01 9.707842118240e-05 -4.248291247164e-01)	(2.887713184471e-03 7.940026910212e-01 1.681197697106e-03)
23.1                	(5.817622270484e+00 2.375678374374e+00 5.600929550386e-01)	(5.817622270484e+00 2.375678374374e+00 5.600929550386e-01)	(3.166226355225e-03 -1.228242106813e-01 2.178401964313e-04)	(-3.393130579071e-01 2.145791971279e-04 -3.207061685478e-01)	(2.800818868618e-03 1.004265650238e+00 1.508297636007e-03)
23.2                	(5.781734020879e+00 2.375702719057e+00 5.358112169333e-01)	(5.781734020879e+00 2.375702719057e+00 5.358112169333e-01)	(3.404435881662e-03 -2.152571534139e-02 1.171877157101e-05)	(-3.681315789082e-01 2.587978613282e-04 -1.574808759098e-01)	(2.149791165750e-03 9.869915229442e-01 9.977655163983e-04)
23.3                	(5.746382707513e+00 2.375727869133e+00 5.295657379914e-01)	(5.746382707513e+00 2.375727869133e+00 5.295657379914e-01)	(3.571547236220e-03 6.868329863255e-02 -2.377846835541e-04)	(-3.257360157720e-01 2.350493545199e-04 3.461858122829e-02)	(9.968292996521e-04 7.939545806466e-01 2.923412038533e-04)
23.4                	(5.719203745759e+00 2.375747986013e+00 5.425260622412e-01)	(5.719203745759e+00 2.375747986013e+00 5.425260622412e-01)	(3.625412570411e-03 1.336809364408e-01 -4.872833228134e-04)	(-2.056576403550e-01 1.587370472082e-04 2.204175673465e-01)	(-4.805095446897e-04 4.944121833972e-01 -5.658491973915e-04)
23.5                	(5.707206392286e+00 2.375758445993e+00 5.721758869770e-01)	(5.707206392286e+00 2.375758445993e+00 5.721758869770e-01)	(3.528711198757e-03 1.666109836998e-01 -6.968821856316e-04)	(-2.757645405546e-02 4.845701428003e-05 3.624456353461e-01)	(-2.074644360253e-03 1.645984260930e-01 -1.119383882927e-03)
23.6                	(5.714080853719e+00 2.375758424019e+00 6.125672367447e-01)	(5.714080853719e+00 2.375758424019e+00 6.125672367447e-01)	(3.274549654474e-03 1.670224749672e-01 -8.128970347212e-04)	(1.623420643500e-01 -3.839185000642e-05 4.318712378887e-01)	(-3.285327990736e-03 -1.546322641734e-01 -1.002370117148e-03)
23.7                	(5.738217485894e+00 2.375753121965e+00 6.557731607601e-01)	(5.738217485894e+00 2.375753121965e+00 6.557731607601e-01)	(2.918054820841e-03 1.356417188353e-01 -7.939184335982e-04)	(3.098173530348e-01 -6.195120032667e-05 4.187945608989e-01)	(-3.635514708376e-03 -4.732870510586e-01 -5.529814901686e-04)
23.8                	(5.773562780588e+00 2.375746176210e+00 6.938210761356e-01)	(5.773562780588e+00 2.375746176210e+00 6.938210761356e-01)	(2.557806725994e-03 7.284225186129e-02 -6.596388592702e-04)	(3.836563181813e-01 -8.518188033761e-05 3.309332310782e-01)	(-3.184176000969e-03 -7.759229940088e-01 -2.096406309722e-04)
23.9                	(5.812208226183e+00 2.375734200153e+00 7.200341632917e-01)	(5.812208226183e+00 2.375734200153e+00 7.200341632917e-01)	(2.279590038310e-03 -1.686797814661e-02 -4.536236642926e-04)	(3.755966096703e-01 -1.611349435095e-04 1.856264759247e-01)	(-2.183475620232e-03 -9.967146846313e-01 -1.212092501216e-05)
24                  	(5.846159639992e+00 2.375713181048e+00 7.298344571977e-01)	(5.846159639992e+00 2.375713181048e+00 7.298344571977e-01)	(2.143056760529e-03 -1.203394588149e-01 -2.199426285518e-04)	(2.923804816284e-01 -2.551813824909e-04 6.929086701897e-03)	(-8.420404390358e-04 -1.033487064483e+00 1.280396977078e-04)
24.1                	(5.869007224959e+00 2.375685401226e+00 7.211972640129e-01)	(5.869007224959e+00 2.375685401226e+00 7.211972640129e-01)	(2.163973862215e-03 -2.146763563781e-01 7.169566580681e-06)	(1.594074195709e-01 -2.860123352019e-04 -1.782190160341e-01)	(4.644338272769e-04 -8.082297698999e-01 3.306516217045e-04)
24.2                	(5.877676660862e+00 2.375658847368e+00 6.951062223239e-01)	(5.877676660862e+00 2.375658847368e+00 6.951062223239e-01)	(2.311962368762e-03 -2.742056665604e-01 1.956180283439e-04)	(1.481341146423e-02 -2.332692598591e-04 -3.357991470553e-01)	(1.527713421166e-03 -3.530209029912e-01 7.066518578294e-04)
24.3                	(5.872407963536e+00 2.375641309180e+00 6.561557186875e-01)	(5.872407963536e+00 2.375641309180e+00 6.561557186875e-01)	(2.538491720405e-03 -2.820609461054e-01 3.161234901305e-04)	(-1.170518321099e-01 -1.077574751717e-04 -4.300581037691e-01)	(2.276583995767e-03 1.978972429656e-01 1.255329495279e-03)
24.4                	(5.854924220122e+00 2.375638555097e+00 6.120401591678e-01)	(5.854924220122e+00 2.375638555097e+00 6.120401591678e-01)	(2.798477068380e-03 -2.370889462761e-01 3.428022105907e-04)	(-2.293612134059e-01 5.207230945545e-05 -4.371527068432e-01)	(2.727879037469e-03 6.769172659573e-01 1.618226081963e-03)
24.5                	(5.827329882097e+00 2.375650317174e+00 5.716288449024e-01)	(5.827329882097e+00 2.375650317174e+00 5.716288449024e-01)	(3.064575993960e-03 -1.533128682432e-01 2.585627946973e-04)	(-3.174659949376e-01 1.790304291528e-04 -3.580147949691e-01)	(2.834102781771e-03 9.599190753202e-01 1.587721172776e-03)
24.6                	(5.792815777851e+00 2.375672182154e+00 5.426758471352e-01)	(5.792815777851e+00 2.375672182154e+00 5.426758471352e-01)	(3.313606591924e-03 -5.295075943433e-02 7.842442339196e-05)	(-3.638981376981e-01 2.450225084542e-04 -2.121508081518e-01)	(2.407296171281e-03 1.010089964470e+00 1.178446631434e-03)
24.7                	(5.756728879506e+00 2.375697167958e+00 5.305126433427e-01)	(5.756728879506e+00 2.375697167958e+00 5.305126433427e-01)	(3.508952428119e-03 4.222394706484e-02 -1.604129330405e-04)	(-3.453995943426e-01 2.438184721662e-04 -2.737696493525e-02)	(1.428612464464e-03 8.663664734657e-01 5.238647144718e-04)
24.8                	(5.726356885526e+00 2.375719299396e+00 5.373959282382e-01)	(5.726356885526e+00 2.375719299396e+00 5.373959282382e-01)	(3.606194559639e-03 1.160729085883e-01 -4.117243903323e-04)	(-2.491497369512e-01 1.900576741445e-04 1.628823237610e-01)	(5.434393093865e-05 5.950618191117e-01 -2.944477803526e-04)
24.9                	(5.709158906788e+00 2.375733326097e+00 5.620103886618e-01)	(5.709158906788e+00 2.375733326097e+00 5.620103886618e-01)	(3.564686640122e-03 1.594269982657e-01 -6.368706157856e-04)	(-8.585943255860e-02 8.781176391261e-05 3.211681358562e-01)	(-1.520751707702e-03 2.693084866547e-01 -9.806092084234e-04)
25                  	(5.710142852508e+00 2.375736973317e+00 5.994642406155e-01)	(5.710142852508e+00 2.375736973317e+00 5.994642406155e-01)	(3.365687731266e-03 1.701143282713e-01 -7.876446863837e-04)	(1.057603681080e-01 -1.031891608579e-05 4.152049742007e-01)	(-2.878017214183e-03 -5.330007138603e-02 -1.105239738910e-03)
25.1                	(5.729385539245e+00 2.375733517534e+00 6.423273956013e-01)	(5.729385539245e+00 2.375733517534e+00 6.423273956013e-01)	(3.041952277359e-03 1.488618836613e-01 -8.120810064933e-04)	(2.703580391523e-01 -5.156526377420e-05 4.283003394571e-01)	(-3.529353536099e-03 -3.725673579025e-01 -6.974930989091e-04)
25.2                	(5.761941278964e+00 2.375727595979e+00 6.825045837829e-01)	(5.761941278964e+00 2.375727595979e+00 6.825045837829e-01)	(2.680779208430e-03 9.573402255611e-02 -7.107053046765e-04)	(3.679355372599e-01 -6.983438447289e-05 3.632106777361e-01)	(-3.334613810204e-03 -6.859702880406e-01 -3.279124502738e-04)
25.3                	(5.800273295250e+00 2.375717687106e+00 7.128416210744e-01)	(5.800273295250e+00 2.375717687106e+00 7.128416210744e-01)	(2.372895602101e-03 1.352503461612e-02 -5.220271100470e-04)	(3.848943912318e-01 -1.364206791556e-04 2.345753582886e-01)	(-2.535733127634e-03 -9.421126777383e-01 -6.312351310937e-05)
25.4                	(5.836280588549e+00 2.375699296402e+00 7.280466219553e-01)	(5.836280588549e+00 2.375699296402e+00 7.280466219553e-01)	(2.186161015452e-03 -8.759262159004e-02 -2.907790351225e-04)	(3.231955171438e-01 -2.342713465416e-04 6.477240666016e-02)	(-1.328306899025e-03 -1.046050431754e+00 9.871097251870e-05)
25.5                	(5.862906047021e+00 2.375672398535e+00 7.252777679043e-01)	(5.862906047021e+00 2.375672398535e+00 7.252777679043e-01)	(2.150725671373e-03 -1.873937122375e-01 -5.514100761844e-05)	(2.021638102584e-01 -2.879472053712e-04 -1.203442465363e-01)	(-4.375406341410e-05 -9.042476732735e-01 2.673010351360e-04)
25.6                	(5.875944753870e+00 2.375644749907e+00 7.044928530162e-01)	(5.875944753870e+00 2.375644749907e+00 7.044928530162e-01)	(2.248664770915e-03 -2.599002760819e-01 1.481358977246e-04)	(5.804289476543e-02 -2.523643182843e-04 -2.896018271291e-01)	(1.049975033017e-03 -5.100183666146e-01 5.545087094337e-04)
25.7                	(5.874789173330e+00 2.375624234405e+00 6.691161122870e-01)	(5.874789173330e+00 2.375624234405e+00 6.691161122870e-01)	(2.435645690891e-03 -2.845644333665e-01 2.871902951775e-04)	(-7.845113410384e-02 -1.469325790053e-04 -4.063803413278e-01)	(1.889446191521e-03 2.740332686735e-02 1.019055005095e-03)
25.8                	(5.860890317600e+00 2.375616975976e+00 6.259717042061e-01)	(5.860890317600e+00 2.375616975976e+00 6.259717042061e-01)	(2.669988462993e-03 -2.551592718912e-01 3.390866863575e-04)	(-1.963016793956e-01 4.346660202200e-06 -4.415454653221e-01)	(2.470135960399e-03 5.433223605269e-01 1.464969397160e-03)
25.9                	(5.836239123124e+00 2.375624186909e+00 5.837808264418e-01)	(5.836239123124e+00 2.375624186909e+00 5.837808264418e-01)	(2.923870472413e-03 -1.815244603457e-01 2.859604256943e-04)	(-2.924845261994e-01 1.340744765618e-04 -3.882208319625e-01)	(2.770633766050e-03 8.936012087796e-01 1.570801862748e-03)
26                  	(5.803544376420e+00 2.375642366941e+00 5.507843798581e-01)	(5.803544376420e+00 2.375642366941e+00 5.507843798581e-01)	(3.178982146567e-03 -8.420172584497e-02 1.341006023293e-04)	(-3.537330208684e-01 2.179510364841e-04 -2.612701086933e-01)	(2.633561739464e-03 1.014202822676e+00 1.302379098698e-03)
26.1                	(5.767421235619e+00 2.375665469673e+00 5.331168069886e-01)	(5.767421235619e+00 2.375665469673e+00 5.331168069886e-01)	(3.405272410654e-03 1.427180066606e-02 -8.734366117937e-05)	(-3.571760752544e-01 2.343128980265e-04 -8.656762501357e-02)	(1.942953659233e-03 9.249500701374e-01 7.294265199392e-04)
26.2                	(5.734645398681e+00 2.375687580324e+00 5.340246675575e-01)	(5.734645398681e+00 2.375687580324e+00 5.340246675575e-01)	(3.559020671995e-03 9.583496976942e-02 -3.350288345422e-04)	(-2.852035999629e-01 1.997881217797e-04 1.044727672055e-01)	(7.857884689201e-04 6.874319831850e-01 -1.819528346731e-05)
26.3                	(5.712847346345e+00 2.375703522007e+00 5.533326321883e-01)	(5.712847346345e+00 2.375703522007e+00 5.533326321883e-01)	(3.595694783692e-03 1.491228756597e-01 -5.710059998048e-04)	(-1.401378299747e-01 1.136421148572e-04 2.753486411107e-01)	(-6.806252588833e-04 3.718274928048e-01 -8.084601889547e-04)
26.4                	(5.708076140754e+00 2.375709847409e+00 5.872461047622e-01)	(5.708076140754e+00 2.375709847409e+00 5.872461047622e-01)	(3.479825415963e-03 1.699567514892e-01 -7.520403565726e-04)	(4.787356346719e-02 1.349798030256e-05 3.913193623852e-01)	(-2.185195504244e-03 4.654078524060e-02 -1.168463446576e-03)
26.5                	(5.722079307015e+00 2.375707718090e+00 6.290116700519e-01)	(5.722079307015e+00 2.375707718090e+00 6.290116700519e-01)	(3.215936453042e-03 1.586572724719e-01 -8.217957463276e-04)	(2.257007731758e-01 -4.429665813769e-05 4.302323029074e-01)	(-3.198217235935e-03 -2.730340576368e-01 -8.811348631005e-04)
26.6                	(5.751242904978e+00 2.375702054969e+00 6.705992580319e-01)	(5.751242904978e+00 2.375702054969e+00 6.705992580319e-01)	(2.872502611032e-03 1.152861089366e-01 -7.569869452733e-04)	(3.455563452158e-01 -6.545369537541e-05 3.888360068618e-01)	(-3.363288712865e-03 -5.927062213261e-01 -4.778330001737e-04)
26.7                	(5.788556948461e+00 2.375693715320e+00 7.044744865105e-01)	(5.788556948461e+00 2.375693715320e+00 7.044744865105e-01)	(2.543801554773e-03 4.132366531110e-02 -5.895514708401e-04)	(3.871122938126e-01 -1.100969038170e-04 2.786345946054e-01)	(-2.856158130855e-03 -8.748238378833e-01 -1.902782584264e-04)
26.8                	(5.825948876505e+00 2.375678740969e+00 7.246985606914e-01)	(5.825948876505e+00 2.375678740969e+00 7.246985606914e-01)	(2.305874134880e-03 -5.566070884226e-02 -3.668061907341e-04)	(3.478729310870e-01 -1.948818286262e-04 1.197477535038e-01)	(-1.869251359045e-03 -1.036188321488e+00 -4.144512582288e-05)
26.9                	(5.855885673503e+00 2.375655186330e+00 7.276442238877e-01)	(5.855885673503e+00 2.375655186330e+00 7.276442238877e-01)	(2.204419126009e-03 -1.584089007918e-01 -1.316415712653e-04)	(2.419174154360e-01 -2.653871712774e-04 -6.255913835453e-02)	(-6.604353300200e-04 -9.747474717352e-01 1.121871319565e-04)
27                  	(5.873151786096e+00 2.375628468733e+00 7.123376361495e-01)	(5.873151786096e+00 2.375628468733e+00 7.123376361495e-01)	(2.237690838629e-03 -2.416958389976e-01 7.921381023231e-05)	(1.010599771697e-01 -2.531838633751e-04 -2.398436614731e-01)	(4.524446261172e-04 -6.501460157508e-01 3.656089271648e-04)
27.1                	(5.876146241324e+00 2.375606775706e+00 6.810563634421e-01)	(5.876146241324e+00 2.375606775706e+00 6.810563634421e-01)	(2.371572414492e-03 -2.821914250257e-01 2.325792654649e-04)	(-3.908070335009e-02 -1.689447206056e-04 -3.758224146215e-01)	(1.394020982858e-03 -1.408291749255e-01 7.813541007394e-04)
27.2                	(5.865902140847e+00 2.375596369414e+00 6.396405407519e-01)	(5.865902140847e+00 2.375596369414e+00 6.396405407519e-01)	(2.570316156106e-03 -2.688561380458e-01 3.063981900697e-04)	(-1.624443666202e-01 -3.205922634245e-05 -4.380333687208e-01)	(2.138941076331e-03 3.981810856273e-01 1.294473089734e-03)
27.3                	(5.844332636152e+00 2.375600056382e+00 5.964403743400e-01)	(5.844332636152e+00 2.375600056382e+00 5.964403743400e-01)	(2.807209088743e-03 -2.069466014036e-01 2.836275499141e-04)	(-2.652862443544e-01 1.008241736139e-04 -4.113346005260e-01)	(2.641932427526e-03 8.085008947347e-01 1.540880494330e-03)
27.4                	(5.813808021694e+00 2.375615534275e+00 5.600342528100e-01)	(5.813808021694e+00 2.375615534275e+00 5.600342528100e-01)	(3.061240852492e-03 -1.145966723270e-01 1.617470212320e-04)	(-3.387973593624e-01 1.986850829514e-04 -3.052499922653e-01)	(2.735161855758e-03 9.990897637755e-01 1.413562029451e-03)
27.5                	(5.778249446589e+00 2.375637624833e+00 5.372765378039e-01)	(5.778249446589e+00 2.375637624833e+00 5.372765378039e-01)	(3.305444640900e-03 -1.456931532764e-02 -3.720307762904e-05)	(-3.619289496408e-01 2.322999885221e-04 -1.428979471598e-01)	(2.298988261543e-03 9.680868668908e-01 9.384498990803e-04)
27.6                	(5.743806975383e+00 2.375660368405e+00 5.323305495243e-01)	(5.743806975383e+00 2.375660368405e+00 5.323305495243e-01)	(3.497840123153e-03 7.339023587218e-02 -2.761054995710e-04)	(-3.139449548902e-01 2.157295443793e-04 4.558844829056e-02)	(1.312992542774e-03 7.690205282415e-01 2.537221360846e-04)
27.7                	(5.718019921070e+00 2.375679214081e+00 5.461088397816e-01)	(5.718019921070e+00 2.375679214081e+00 5.461088397816e-01)	(3.587952098522e-03 1.358842990478e-01 -5.151114101204e-04)	(-1.900342743299e-01 1.508014707797e-04 2.253801971801e-01)	(-7.616443548652e-05 4.701940407734e-01 -5.638613507744e-04)
27.8                	(5.707665310727e+00 2.375689456978e+00 5.759036174775e-01)	(5.707665310727e+00 2.375689456978e+00 5.759036174775e-01)	(3.531205467614e-03 1.666028700386e-01 -7.148691326538e-04)	(-1.116280369276e-02 5.356036310013e-05 3.603854956293e-01)	(-1.670326993051e-03 1.444228800591e-01 -1.110030640604e-03)
27.9                	(5.716012395065e+00 2.375690512481e+00 6.157617084910e-01)	(5.716012395065e+00 2.375690512481e+00 6.157617084910e-01)	(3.311959269485e-03 1.651071899610e-01 -8.214682075147e-04)	(1.747126553051e-01 -2.213189931983e-05 4.235189768268e-01)	(-2.967553248615e-03 -1.734332352299e-01 -9.735928817585e-04)
28                  	(5.741055144655e+00 2.375686899509e+00 6.578968524322e-01)	(5.741055144655e+00 2.375686899509e+00 6.578968524322e-01)	(2.980135618796e-03 1.317965490391e-01 -7.940141236583e-04)	(3.153704399425e-01 -4.580936879576e-05 4.060850977390e-01)	(-3.441720738753e-03 -4.928107044288e-01 -5.707214692602e-04)
