# Motion State      
# Angle Units       : radians
# Time              	centreOfRotation	centreOfMass	rotation	velocity	omega
0.1                 	(5.750152968892e+00 2.374997253422e+00 5.954019092128e-01)	(5.750152968892e+00 2.374997253422e+00 5.954019092128e-01)	(9.955628405936e-05 1.506777770928e-03 -4.099430302097e-07)	(3.265616882117e-03 -4.976132770321e-05 -1.985437776353e-01)	(3.176078521331e-03 3.786618359579e-02 -1.987789115695e-05)
0.2                 	(5.750569365738e+00 2.374993334012e+00 5.812411882885e-01)	(5.750569365738e+00 2.374993334012e+00 5.812411882885e-01)	(6.080845965265e-04 6.760033845735e-03 -7.513047473763e-06)	(4.658375861464e-03 -2.412216670535e-05 -8.082322593021e-02)	(6.768085770800e-03 6.159301635519e-02 -1.045994970857e-04)
0.3                 	(5.751031492265e+00 2.374990215252e+00 5.793743166735e-01)	(5.751031492265e+00 2.374990215252e+00 5.793743166735e-01)	(1.404471902432e-03 1.266290181018e-02 -2.919679885068e-05)	(4.446610856356e-03 -6.369365122374e-05 4.124145182466e-02)	(8.893938223137e-03 5.103818274217e-02 -1.966105832341e-04)
0.4                 	(5.751440815458e+00 2.374975199540e+00 5.888080209892e-01)	(5.751440815458e+00 2.374975199540e+00 5.888080209892e-01)	(2.333019568394e-03 1.651398884887e-02 -5.511823833631e-05)	(3.658846228135e-03 -2.536277158420e-04 1.411040270615e-01)	(9.379781571606e-03 2.434090191952e-02 -1.749365520989e-04)
0.5                 	(5.751732596152e+00 2.374939105792e+00 6.057185175281e-01)	(5.751732596152e+00 2.374939105792e+00 6.057185175281e-01)	(3.227432684228e-03 1.710512693923e-02 -7.382191350043e-05)	(1.998937465287e-03 -4.570991893424e-04 1.862338647909e-01)	(8.277169009823e-03 -1.383896985043e-02 -1.969612610608e-04)
0.6                 	(5.751809029760e+00 2.374889042786e+00 6.238163437987e-01)	(5.751809029760e+00 2.374889042786e+00 6.238163437987e-01)	(3.953208672030e-03 1.373015005541e-02 -8.710033031225e-05)	(-5.715509904257e-04 -5.087592993637e-04 1.653815521027e-01)	(6.100520571266e-03 -5.198773267049e-02 -3.207661659479e-04)
0.7                 	(5.751626994120e+00 2.374844352625e+00 6.372698726129e-01)	(5.751626994120e+00 2.374844352625e+00 6.372698726129e-01)	(4.424845425411e-03 7.594157817824e-03 -9.584632266767e-05)	(-2.843477585558e-03 -3.520929529360e-04 9.802207898800e-02)	(3.240077879969e-03 -6.509931066297e-02 -3.533265903681e-04)
0.8                 	(5.751294641911e+00 2.374824776460e+00 6.425343333899e-01)	(5.751294641911e+00 2.374824776460e+00 6.425343333899e-01)	(4.590886292950e-03 1.650902268330e-03 -1.022887821210e-04)	(-3.510342180630e-03 -1.586572596581e-05 4.820663384457e-03)	(7.114001458103e-05 -4.983622421106e-02 -3.002974265059e-04)
0.9                 	(5.750987982382e+00 2.374841566597e+00 6.382904570345e-01)	(5.750987982382e+00 2.374841566597e+00 6.382904570345e-01)	(4.449937747798e-03 -1.743313367905e-03 -1.096090863128e-04)	(-2.421133910983e-03 3.351896159183e-04 -8.631740301148e-02)	(-2.780120995241e-03 -1.596546790857e-02 -1.475507170228e-04)
1                   	(5.750833764329e+00 2.374886502674e+00 6.265930016636e-01)	(5.750833764329e+00 2.374886502674e+00 6.265930016636e-01)	(4.061460861828e-03 -1.192259473016e-03 -1.180521887672e-04)	(-6.764702895713e-04 5.329609440557e-04 -1.390179226256e-01)	(-4.842885440195e-03 2.767288291946e-02 2.627796357243e-05)
1.1                 	(5.750826063586e+00 2.374944745720e+00 6.122594646882e-01)	(5.750826063586e+00 2.374944745720e+00 6.122594646882e-01)	(3.510423151358e-03 3.491992068086e-03 -1.246405901240e-04)	(3.232639744787e-04 6.189519448597e-04 -1.394568628630e-01)	(-6.032350143195e-03 6.238444625790e-02 1.795219398650e-04)
1.2                 	(5.750867938299e+00 2.375006856751e+00 6.001032748128e-01)	(5.750867938299e+00 2.375006856751e+00 6.001032748128e-01)	(2.889061436694e-03 1.029309987808e-02 -1.277214555959e-04)	(4.690171337441e-04 6.031601963739e-04 -9.783111715782e-02)	(-6.211788676801e-03 6.824716983243e-02 1.682852917563e-04)
1.3                 	(5.750941580642e+00 2.375062273151e+00 5.936511152379e-01)	(5.750941580642e+00 2.375062273151e+00 5.936511152379e-01)	(2.301333797788e-03 1.629580956324e-02 -1.307412501214e-04)	(1.221225784663e-03 4.926983312067e-04 -2.772827866994e-02)	(-5.397168639102e-03 4.873660070776e-02 8.243155599599e-05)
1.4                 	(5.751176317331e+00 2.375104428620e+00 5.948222364616e-01)	(5.751176317331e+00 2.375104428620e+00 5.948222364616e-01)	(1.836501428062e-03 1.958762853869e-02 -1.333456288697e-04)	(3.828061383489e-03 3.558301142902e-04 4.995435908021e-02)	(-3.796749869939e-03 1.532743018686e-02 1.110615106783e-05)
1.5                 	(5.751774805466e+00 2.375135218285e+00 6.029501978960e-01)	(5.751774805466e+00 2.375135218285e+00 6.029501978960e-01)	(1.555548055647e-03 1.914929745284e-02 -1.328495865929e-04)	(8.482076455764e-03 2.683525389052e-04 1.075734718115e-01)	(-1.784228151714e-03 -2.408727373580e-02 8.445662780592e-07)
1.6                 	(5.752932700647e+00 2.375159512547e+00 6.151923461086e-01)	(5.752932700647e+00 2.375159512547e+00 6.151923461086e-01)	(1.480550936944e-03 1.507037293671e-02 -1.242185686370e-04)	(1.493817130190e-02 2.215514707156e-04 1.314081322741e-01)	(2.698363871305e-04 -5.461174510191e-02 5.646068149426e-05)
1.7                 	(5.754804907141e+00 2.375180192143e+00 6.280670050636e-01)	(5.754804907141e+00 2.375180192143e+00 6.280670050636e-01)	(1.600272706391e-03 8.884389814213e-03 -1.062642462060e-04)	(2.263295492281e-02 1.931759709496e-04 1.202645305988e-01)	(2.065221137588e-03 -6.610424520232e-02 1.038962385662e-04)
1.8                 	(5.757468070760e+00 2.375198071429e+00 6.381667656734e-01)	(5.757468070760e+00 2.375198071429e+00 6.381667656734e-01)	(1.878996699030e-03 2.289021268570e-03 -8.424441925832e-05)	(3.049090782676e-02 1.636576878242e-04 7.710211244765e-02)	(3.430541558067e-03 -6.438369755390e-02 9.831412185126e-05)
1.9                 	(5.760846493612e+00 2.375213020555e+00 6.428691304946e-01)	(5.760846493612e+00 2.375213020555e+00 6.428691304946e-01)	(2.268145817143e-03 -3.736980586198e-03 -6.325510706400e-05)	(3.669339372247e-02 1.394994799484e-04 1.583348572554e-02)	(4.252658251275e-03 -5.492679454448e-02 7.293843489550e-05)
2                   	(5.764680135250e+00 2.375228048496e+00 6.414916290964e-01)	(5.764680135250e+00 2.375228048496e+00 6.414916290964e-01)	(2.704586753590e-03 -8.579042616046e-03 -4.555222289402e-05)	(3.915855608900e-02 1.705676022511e-04 -4.114278255787e-02)	(4.348333561597e-03 -4.208788856269e-02 3.518057427018e-05)
2.1                 	(5.768464483489e+00 2.375248270915e+00 6.352558840122e-01)	(5.768464483489e+00 2.375248270915e+00 6.352558840122e-01)	(3.115364748550e-03 -1.241454840609e-02 -3.165813234004e-05)	(3.531206949282e-02 2.356887613684e-04 -7.993687746508e-02)	(3.763973104569e-03 -3.647468001175e-02 1.940667399510e-05)
2.2                 	(5.771484191805e+00 2.375274211010e+00 6.263280544556e-01)	(5.771484191805e+00 2.375274211010e+00 6.263280544556e-01)	(3.441418580867e-03 -1.616400157499e-02 -1.721716768986e-05)	(2.378723162881e-02 2.744045309120e-04 -9.416461794001e-02)	(2.687687769759e-03 -3.901684307102e-02 1.633809692808e-05)
2.3                 	(5.772976563967e+00 2.375301257659e+00 6.172796405321e-01)	(5.772976563967e+00 2.375301257659e+00 6.172796405321e-01)	(3.642964003505e-03 -2.010986091230e-02 -5.305466716831e-06)	(4.962340076230e-03 2.604563600781e-04 -8.311650662008e-02)	(1.298188594111e-03 -3.862177990825e-02 -5.412330489787e-05)
2.4                 	(5.772290643324e+00 2.375325996488e+00 6.102121813157e-01)	(5.772290643324e+00 2.375325996488e+00 6.102121813157e-01)	(3.696642919144e-03 -2.356337961350e-02 -1.582023862804e-06)	(-1.929229030294e-02 2.359227122466e-04 -5.693688397412e-02)	(-2.300208837571e-04 -2.838655855482e-02 -1.089570025069e-04)
2.5                 	(5.769045249996e+00 2.375349017359e+00 6.059465271142e-01)	(5.769045249996e+00 2.375349017359e+00 6.059465271142e-01)	(3.600030546131e-03 -2.525869548361e-02 -6.991704824602e-06)	(-4.554182646991e-02 2.264548635339e-04 -2.888812362197e-02)	(-1.660636884116e-03 -2.048335349458e-03 -1.222848035337e-04)
2.6                 	(5.763258123801e+00 2.375371755167e+00 6.042090171334e-01)	(5.763258123801e+00 2.375371755167e+00 6.042090171334e-01)	(3.375494928657e-03 -2.326520799793e-02 -2.388543193220e-05)	(-6.950716639961e-02 2.307926846388e-04 -7.563178323774e-03)	(-2.749262017420e-03 4.502744818343e-02 -6.491792442509e-05)
2.7                 	(5.755348235917e+00 2.375395692542e+00 6.039854915550e-01)	(5.755348235917e+00 2.375395692542e+00 6.039854915550e-01)	(3.066022089862e-03 -1.585281786328e-02 -5.039288663646e-05)	(-8.739506091948e-02 2.483033789360e-04 5.035424927477e-04)	(-3.333086796257e-03 1.039176230504e-01 5.436828948345e-06)
2.8                 	(5.746081543937e+00 2.375421231064e+00 6.038144147147e-01)	(5.746081543937e+00 2.375421231064e+00 6.038144147147e-01)	(2.728455657198e-03 -2.582496189434e-03 -8.217820339637e-05)	(-9.628193287627e-02 2.618724016080e-04 -5.912551902916e-03)	(-3.313204722180e-03 1.598414956995e-01 1.288741342919e-04)
2.9                 	(5.736433878265e+00 2.375447951892e+00 6.025758879863e-01)	(5.736433878265e+00 2.375447951892e+00 6.025758879863e-01)	(2.421886324836e-03 1.554707179820e-02 -1.079321596125e-04)	(-9.496211747605e-02 2.748902021305e-04 -1.906131990915e-02)	(-2.741013050103e-03 1.985944842284e-01 2.781911762064e-04)
3                   	(5.727415501464e+00 2.375477005742e+00 6.001220736840e-01)	(5.727415501464e+00 2.375477005742e+00 6.001220736840e-01)	(2.193718699938e-03 3.602336582487e-02 -1.236239922423e-04)	(-8.389644188868e-02 3.095268363529e-04 -2.872716648494e-02)	(-1.782005565714e-03 2.044269810057e-01 3.385732560779e-04)
3.1                 	(5.719944228649e+00 2.375509268556e+00 5.972272407898e-01)	(5.719944228649e+00 2.375509268556e+00 5.972272407898e-01)	(2.073992445542e-03 5.511272792640e-02 -1.278750412023e-04)	(-6.414174530539e-02 3.267210034373e-04 -2.672228154277e-02)	(-5.867022800540e-04 1.710635831434e-01 3.932794258209e-04)
3.2                 	(5.714858784334e+00 2.375539958342e+00 5.953367789478e-01)	(5.714858784334e+00 2.375539958342e+00 5.953367789478e-01)	(2.078850509963e-03 6.915878051556e-02 -1.172030546344e-04)	(-3.622043332353e-02 2.768653557571e-04 -8.169073294942e-03)	(6.957774900558e-04 1.056400908846e-01 3.867744295635e-04)
3.3                 	(5.712960173123e+00 2.375563556433e+00 5.961200593453e-01)	(5.712960173123e+00 2.375563556433e+00 5.961200593453e-01)	(2.206146288424e-03 7.570113166104e-02 -9.745839337736e-05)	(-5.684397193981e-04 1.945548751093e-04 2.587374520191e-02)	(1.834270472686e-03 2.406248527783e-02 2.810988831411e-04)
3.4                 	(5.714946074283e+00 2.375579450620e+00 6.007452578115e-01)	(5.714946074283e+00 2.375579450620e+00 6.007452578115e-01)	(2.430249014673e-03 7.402663373532e-02 -7.263859580785e-05)	(4.089431126021e-02 1.286211782476e-04 6.687264402498e-02)	(2.610951950974e-03 -5.598098212565e-02 1.199048626968e-04)
3.5                 	(5.721186990351e+00 2.375590042810e+00 6.093661709119e-01)	(5.721186990351e+00 2.375590042810e+00 6.093661709119e-01)	(2.708605763475e-03 6.500140561602e-02 -4.605536858776e-05)	(8.376901808671e-02 8.564881767694e-05 1.040743547071e-01)	(2.910513103467e-03 -1.214952686836e-01 -4.516690420803e-05)
3.6                 	(5.731569422875e+00 2.375596379188e+00 6.211100487771e-01)	(5.731569422875e+00 2.375596379188e+00 6.211100487771e-01)	(2.992532142167e-03 5.036527091404e-02 -1.294686698302e-05)	(1.228363014247e-01 4.002309281596e-05 1.279127976459e-01)	(2.731490848508e-03 -1.681903138689e-01 -1.160032464418e-04)
3.7                 	(5.745452663749e+00 2.375598265355e+00 6.342453255676e-01)	(5.745452663749e+00 2.375598265355e+00 6.342453255676e-01)	(3.237909729195e-03 3.184086686907e-02 2.987231917721e-05)	(1.530145714668e-01 1.829389041574e-06 1.309844957572e-01)	(2.154718900228e-03 -2.005101849247e-01 -1.936512509092e-04)
3.8                 	(5.761742161683e+00 2.375597594177e+00 6.465452061618e-01)	(5.761742161683e+00 2.375597594177e+00 6.465452061618e-01)	(3.411620053283e-03 1.050413939851e-02 7.264414999529e-05)	(1.704190559601e-01 -9.326046672844e-06 1.114689499938e-01)	(1.301099963589e-03 -2.252525376184e-01 -3.855316058364e-04)
3.9                 	(5.779007167153e+00 2.375597686367e+00 6.559241389066e-01)	(5.779007167153e+00 2.375597686367e+00 6.559241389066e-01)	(3.492425511063e-03 -1.303412506990e-02 1.071914795755e-04)	(1.720722103445e-01 1.714904834881e-05 7.355423179591e-02)	(3.017416193132e-04 -2.443327273118e-01 -5.495360516367e-04)
4                   	(5.795550568570e+00 2.375601687681e+00 6.608585090100e-01)	(5.795550568570e+00 2.375601687681e+00 6.608585090100e-01)	(3.473154406857e-03 -3.807742315448e-02 1.339319128889e-04)	(1.557000032266e-01 6.383949800891e-05 2.380868986994e-02)	(-6.827058590428e-04 -2.543029871518e-01 -6.578661941228e-04)
4.1                 	(5.809533846869e+00 2.375610509522e+00 6.605702525372e-01)	(5.809533846869e+00 2.375610509522e+00 6.605702525372e-01)	(3.363295548923e-03 -6.323539052744e-02 1.482044327562e-04)	(1.210361675616e-01 1.121172981283e-04 -2.938792375678e-02)	(-1.488181969418e-03 -2.440527800688e-01 -7.901294086442e-04)
4.2                 	(5.819216333353e+00 2.375623622450e+00 6.551518923705e-01)	(5.819216333353e+00 2.375623622450e+00 6.551518923705e-01)	(3.184985755708e-03 -8.574263081200e-02 1.340610630784e-04)	(7.019757991755e-02 1.451866617504e-04 -7.753926834621e-02)	(-1.997083961415e-03 -1.994364614289e-01 -9.555074918381e-04)
4.3                 	(5.823165914210e+00 2.375638879115e+00 6.454150451223e-01)	(5.823165914210e+00 2.375638879115e+00 6.454150451223e-01)	(2.970010541961e-03 -1.017783831446e-01 8.608833564364e-05)	(7.244546046225e-03 1.579795652599e-04 -1.151886474494e-01)	(-2.151842022662e-03 -1.147426269866e-01 -9.478284285580e-04)
4.4                 	(5.820468992850e+00 2.375654109051e+00 6.325484975336e-01)	(5.820468992850e+00 2.375654109051e+00 6.325484975336e-01)	(2.755517489157e-03 -1.075298473863e-01 1.485449628615e-05)	(-6.158786559897e-02 1.423772281719e-04 -1.398822598458e-01)	(-1.923482360758e-03 4.518301966464e-03 -7.966414061894e-04)
4.5                 	(5.810902403652e+00 2.375667030783e+00 6.179175180268e-01)	(5.810902403652e+00 2.375667030783e+00 6.179175180268e-01)	(2.579953438845e-03 -1.002447692801e-01 -7.730939469299e-05)	(-1.288623793415e-01 1.213576661666e-04 -1.503313376331e-01)	(-1.356154515126e-03 1.420587323630e-01 -6.501027338081e-04)
4.6                 	(5.794983541302e+00 2.375678836811e+00 6.029499128556e-01)	(5.794983541302e+00 2.375678836811e+00 6.029499128556e-01)	(2.471498234560e-03 -7.939043327357e-02 -1.859096882412e-04)	(-1.872802673149e-01 1.161152907435e-04 -1.467099414362e-01)	(-5.898278635613e-04 2.715140728554e-01 -4.395974856935e-04)
4.7                 	(5.773982142952e+00 2.375689804285e+00 5.890289236712e-01)	(5.773982142952e+00 2.375689804285e+00 5.890289236712e-01)	(2.448314193597e-03 -4.706266002534e-02 -2.930900793368e-04)	(-2.295898627049e-01 1.012063098577e-04 -1.295042136269e-01)	(2.674252841972e-04 3.683395574711e-01 -9.825548936597e-05)
4.8                 	(5.749773787910e+00 2.375699221629e+00 5.774940768047e-01)	(5.749773787910e+00 2.375699221629e+00 5.774940768047e-01)	(2.512042216497e-03 -7.283652464625e-03 -3.835111121692e-04)	(-2.504168580861e-01 8.259522252079e-05 -9.897955088033e-02)	(1.033124130317e-03 4.189308102133e-01 2.609278233086e-04)
4.9                 	(5.724678955008e+00 2.375705397690e+00 5.696429488798e-01)	(5.724678955008e+00 2.375705397690e+00 5.696429488798e-01)	(2.646559504763e-03 3.498928509073e-02 -4.494430698896e-04)	(-2.470046127890e-01 4.141600306796e-05 -5.622545684567e-02)	(1.595839860170e-03 4.183017029583e-01 5.849311562234e-04)
5                   	(5.701233425253e+00 2.375708774465e+00 5.665524014166e-01)	(5.701233425253e+00 2.375708774465e+00 5.665524014166e-01)	(2.821246189872e-03 7.479153139321e-02 -4.883578863293e-04)	(-2.176819163019e-01 3.015914331237e-05 -4.443978913510e-03)	(1.792323902447e-03 3.706598849705e-01 7.985061554772e-04)
5.1                 	(5.681952398452e+00 2.375711684637e+00 5.689118298694e-01)	(5.681952398452e+00 2.375711684637e+00 5.689118298694e-01)	(2.995377384722e-03 1.078695965049e-01 -4.962800491284e-04)	(-1.641252339411e-01 2.553551543664e-05 5.195795025927e-02)	(1.623942390381e-03 2.858910066916e-01 9.779408454358e-04)
5.2                 	(5.669068585994e+00 2.375712651376e+00 5.768592518125e-01)	(5.669068585994e+00 2.375712651376e+00 5.768592518125e-01)	(3.133406400632e-03 1.311182002690e-01 -4.581712506529e-04)	(-9.076111176338e-02 -1.206707951601e-05 1.060246408468e-01)	(1.197638836519e-03 1.761854585715e-01 1.205370156009e-03)
5.3                 	(5.664246011868e+00 2.375708884741e+00 5.897616934149e-01)	(5.664246011868e+00 2.375708884741e+00 5.897616934149e-01)	(3.212377244081e-03 1.427652632094e-01 -3.654999605622e-04)	(-4.169246689383e-03 -6.090307542541e-05 1.494781453109e-01)	(6.196564191018e-04 5.594275861226e-02 1.339693236875e-03)
5.4                 	(5.668393395441e+00 2.375701519175e+00 6.061374542234e-01)	(5.668393395441e+00 2.375701519175e+00 6.061374542234e-01)	(3.223285532791e-03 1.422916771472e-01 -2.294759867600e-04)	(8.725405452988e-02 -7.996759619914e-05 1.747767113088e-01)	(-1.006934896525e-05 -6.492466607438e-02 1.287148739440e-03)
5.5                 	(5.681555638545e+00 2.375693730200e+00 6.240175263493e-01)	(5.681555638545e+00 2.375693730200e+00 6.240175263493e-01)	(3.172239109244e-03 1.298984049781e-01 -6.845100607712e-05)	(1.744719411080e-01 -7.311934963120e-05 1.791783378029e-01)	(-5.480466876783e-04 -1.823966633621e-01 1.083445807002e-03)
5.6                 	(5.702846878441e+00 2.375687609257e+00 6.413128220445e-01)	(5.702846878441e+00 2.375687609257e+00 6.413128220445e-01)	(3.077861648816e-03 1.060105237968e-01 9.756298046719e-05)	(2.486500838647e-01 -4.908019399353e-05 1.636818568283e-01)	(-9.120005178115e-04 -2.941375807609e-01 6.650331731548e-04)
5.7                 	(5.730626904044e+00 2.375682902255e+00 6.562713868737e-01)	(5.730626904044e+00 2.375682902255e+00 6.562713868737e-01)	(2.964003642926e-03 7.139116578652e-02 2.389459970742e-04)	(3.032820886507e-01 -5.378956975969e-05 1.336854365414e-01)	(-1.073514757821e-03 -3.957867190065e-01 4.043761129255e-05)
5.8                 	(5.762654981177e+00 2.375675347722e+00 6.678156792171e-01)	(5.762654981177e+00 2.375675347722e+00 6.678156792171e-01)	(2.852750452162e-03 2.748138903607e-02 3.396785973463e-04)	(3.326406632537e-01 -1.017505648807e-04 9.659960722572e-02)	(-1.017594118851e-03 -4.780964948322e-01 -5.533600343524e-04)
5.9                 	(5.796138083952e+00 2.375662995465e+00 6.755414535222e-01)	(5.796138083952e+00 2.375662995465e+00 6.755414535222e-01)	(2.759245389156e-03 -2.315999692402e-02 4.026417946237e-04)	(3.315572613868e-01 -1.391459768366e-04 5.799319069802e-02)	(-8.353389031351e-04 -5.281912247970e-01 -9.975452934337e-04)
6                   	(5.827830179519e+00 2.375648336432e+00 6.794639501272e-01)	(5.827830179519e+00 2.375648336432e+00 6.794639501272e-01)	(2.688597696185e-03 -7.651216200161e-02 4.315622302333e-04)	(2.963673804780e-01 -1.544660751928e-04 2.065899404906e-02)	(-5.904027183126e-04 -5.294901551800e-01 -1.323705827888e-03)
6.1                 	(5.854245770131e+00 2.375631558429e+00 6.796709890809e-01)	(5.854245770131e+00 2.375631558429e+00 6.796709890809e-01)	(2.644793338918e-03 -1.268457074899e-01 4.196043006260e-04)	(2.263295694207e-01 -1.850727611683e-04 -1.686788023135e-02)	(-2.336588520734e-04 -4.651247204122e-01 -1.590395423181e-03)
6.2                 	(5.872089522340e+00 2.375610864856e+00 6.759317199749e-01)	(5.872089522340e+00 2.375610864856e+00 6.759317199749e-01)	(2.632992640334e-03 -1.670324849074e-01 3.547179938138e-04)	(1.264987663558e-01 -2.289280435634e-04 -5.912252535111e-02)	(1.971257242085e-04 -3.261083089210e-01 -1.786786047259e-03)
6.3                 	(5.878922240875e+00 2.375586456452e+00 6.675585503932e-01)	(5.878922240875e+00 2.375586456452e+00 6.675585503932e-01)	(2.651933150660e-03 -1.898756018830e-01 2.316318954690e-04)	(8.487201755364e-03 -2.548755107675e-04 -1.097670379510e-01)	(6.203092328204e-04 -1.219188856529e-01 -1.785605463644e-03)
6.4                 	(5.873712832002e+00 2.375561157080e+00 6.537489868073e-01)	(5.873712832002e+00 2.375561157080e+00 6.537489868073e-01)	(2.700825200214e-03 -1.903564938787e-01 6.376119521725e-05)	(-1.117873537229e-01 -2.421812609257e-04 -1.670360106076e-01)	(9.929482306948e-04 1.132358776630e-01 -1.511553046458e-03)
6.5                 	(5.856938776626e+00 2.375540486226e+00 6.341982068437e-01)	(5.856938776626e+00 2.375540486226e+00 6.341982068437e-01)	(2.781660922652e-03 -1.678021254462e-01 -1.352747331288e-04)	(-2.205447931364e-01 -1.624955365435e-04 -2.225435264288e-01)	(1.326417725049e-03 3.310167089390e-01 -1.162449365253e-03)
6.6                 	(5.830349696928e+00 2.375529836575e+00 6.098343765009e-01)	(5.830349696928e+00 2.375529836575e+00 6.098343765009e-01)	(2.894424911797e-03 -1.261104935067e-01 -3.530124085107e-04)	(-3.070200344940e-01 -4.935604689902e-05 -2.602672173874e-01)	(1.550470394250e-03 4.908853197266e-01 -7.581665787277e-04)
6.7                 	(5.796437725020e+00 2.375529945121e+00 5.833311167526e-01)	(5.796437725020e+00 2.375529945121e+00 5.833311167526e-01)	(3.033047864676e-03 -7.230335060979e-02 -5.673528450197e-04)	(-3.664842612413e-01 4.412907030396e-05 -2.626784838979e-01)	(1.620264099266e-03 5.717706941821e-01 -3.317750329685e-04)
6.8                 	(5.758067251703e+00 2.375537156234e+00 5.588349727829e-01)	(5.758067251703e+00 2.375537156234e+00 5.588349727829e-01)	(3.179987365318e-03 -1.422667646560e-02 -7.634569199414e-04)	(-3.954759927343e-01 9.451327128878e-05 -2.194897489971e-01)	(1.431012063322e-03 5.791436937839e-01 1.713619076104e-05)
6.9                 	(5.718520922939e+00 2.375547292486e+00 5.408586147951e-01)	(5.718520922939e+00 2.375547292486e+00 5.408586147951e-01)	(3.300946115719e-03 4.188364802717e-02 -9.248240072078e-04)	(-3.890391940738e-01 9.873446286624e-05 -1.338533352005e-01)	(8.924121733267e-04 5.376117474639e-01 4.262059828736e-04)
7                   	(5.681586067504e+00 2.375555321978e+00 5.330403868741e-01)	(5.681586067504e+00 2.375555321978e+00 5.330403868741e-01)	(3.356581902565e-03 9.246898739020e-02 -1.022777821885e-03)	(-3.427889064919e-01 5.434146476903e-05 -1.909556525471e-02)	(6.251992394431e-05 4.717760179652e-01 1.026122210119e-03)
7.1                 	(5.651299484610e+00 2.375556735224e+00 5.373601013856e-01)	(5.651299484610e+00 2.375556735224e+00 5.373601013856e-01)	(3.317218311820e-03 1.357003044688e-01 -1.027932711112e-03)	(-2.567203659434e-01 -2.781523471989e-05 1.052410386184e-01)	(-8.551511425477e-04 3.906567647273e-01 1.775903839808e-03)
7.2                 	(5.631322680096e+00 2.375550256666e+00 5.536182231252e-01)	(5.631322680096e+00 2.375550256666e+00 5.536182231252e-01)	(3.173665863420e-03 1.699855014907e-01 -9.248578344457e-04)	(-1.384775881444e-01 -9.575243916242e-05 2.157411235241e-01)	(-1.652369597239e-03 2.918430291424e-01 2.473618229712e-03)
7.3                 	(5.624212516046e+00 2.375539334410e+00 5.792877143326e-01)	(5.624212516046e+00 2.375539334410e+00 5.792877143326e-01)	(2.945397247978e-03 1.932688285889e-01 -7.182369296905e-04)	(-1.925217143057e-03 -1.138401610629e-04 2.902712886391e-01)	(-2.081126474019e-03 1.690270572101e-01 2.973640818777e-03)
7.4                 	(5.630955886995e+00 2.375528733929e+00 6.100022750879e-01)	(5.630955886995e+00 2.375528733929e+00 6.100022750879e-01)	(2.678203443162e-03 2.026885037710e-01 -4.313175088336e-04)	(1.357695863742e-01 -9.592621595700e-05 3.153672157553e-01)	(-2.043974319446e-03 1.347439890814e-02 3.104941229674e-03)
7.5                 	(5.650897083897e+00 2.375519494677e+00 6.406956860971e-01)	(5.650897083897e+00 2.375519494677e+00 6.406956860971e-01)	(2.432588413546e-03 1.947113539440e-01 -1.069658620142e-04)	(2.595881237570e-01 -9.561013385899e-05 2.908407681677e-01)	(-1.518691570290e-03 -1.791510654867e-01 2.763584121741e-03)
7.6                 	(5.682041508480e+00 2.375508939597e+00 6.669353131578e-01)	(5.682041508480e+00 2.375508939597e+00 6.669353131578e-01)	(2.261192088896e-03 1.658909321942e-01 2.020172211667e-04)	(3.586528891124e-01 -1.245010861710e-04 2.294704661425e-01)	(-7.625880167515e-04 -3.998385655112e-01 1.865286213872e-03)
7.7                 	(5.721644607358e+00 2.375492493393e+00 6.860462170378e-01)	(5.721644607358e+00 2.375492493393e+00 6.860462170378e-01)	(2.192963276286e-03 1.149074099232e-01 4.440600639908e-04)	(4.285133873405e-01 -2.120001706801e-04 1.518240965167e-01)	(9.116827518063e-05 -6.152739475788e-01 6.545711179506e-04)
7.8                 	(5.766696142501e+00 2.375465476550e+00 6.974420284580e-01)	(5.766696142501e+00 2.375465476550e+00 6.974420284580e-01)	(2.228971727115e-03 4.450088113098e-02 6.054467809528e-04)	(4.669414042135e-01 -3.294174053573e-04 7.821151625031e-02)	(8.775083639530e-04 -7.805865252309e-01 -5.176347834824e-04)
7.9                 	(5.813770616835e+00 2.375427954287e+00 7.023135660990e-01)	(5.813770616835e+00 2.375427954287e+00 7.023135660990e-01)	(2.347748800059e-03 -3.810636016105e-02 6.928701949103e-04)	(4.672779813245e-01 -4.120225919376e-04 2.295587306355e-02)	(1.474783871901e-03 -8.531691366666e-01 -1.458788608085e-03)
8                   	(5.858506273768e+00 2.375384084246e+00 7.027604966598e-01)	(5.858506273768e+00 2.375384084246e+00 7.027604966598e-01)	(2.516790757355e-03 -1.221042817534e-01 7.169307768034e-04)	(4.183408196359e-01 -4.604149279383e-04 -1.088665263936e-02)	(1.832716591633e-03 -8.062261352591e-01 -2.087667735361e-03)
8.1                 	(5.895577691351e+00 2.375336707822e+00 7.004964601720e-01)	(5.895577691351e+00 2.375336707822e+00 7.004964601720e-01)	(2.702899769184e-03 -1.952345251021e-01 6.805161694948e-04)	(3.141348886734e-01 -4.841214889301e-04 -3.421557690393e-02)	(1.993129893074e-03 -6.364975512323e-01 -2.391618116978e-03)
8.2                 	(5.919763858170e+00 2.375288078324e+00 6.956327423477e-01)	(5.919763858170e+00 2.375288078324e+00 6.956327423477e-01)	(2.881704536461e-03 -2.457973710137e-01 5.747659971861e-04)	(1.635657581130e-01 -4.823399537700e-04 -6.588186723923e-02)	(2.041097139431e-03 -3.589609908612e-01 -2.451882711590e-03)
8.3                 	(5.927584439002e+00 2.375242036496e+00 6.865623339774e-01)	(5.927584439002e+00 2.375242036496e+00 6.865623339774e-01)	(3.037445014213e-03 -2.649003979567e-01 3.850939434462e-04)	(-8.283545566206e-03 -4.294230556975e-04 -1.199570982835e-01)	(2.030249667038e-03 -1.901727678091e-02 -2.317013350415e-03)
8.4                 	(5.918386283291e+00 2.375204903100e+00 6.707770163499e-01)	(5.918386283291e+00 2.375204903100e+00 6.707770163499e-01)	(3.163698182476e-03 -2.502647001058e-01 1.145704855629e-04)	(-1.722326813305e-01 -2.930828910432e-04 -1.994830253080e-01)	(1.854292703089e-03 3.015993286965e-01 -1.973935903502e-03)
8.5                 	(5.894117638386e+00 2.375185328709e+00 6.462641144085e-01)	(5.894117638386e+00 2.375185328709e+00 6.462641144085e-01)	(3.257758153352e-03 -2.076844330492e-01 -2.089059956469e-04)	(-3.072658010177e-01 -9.226407923632e-05 -2.904345956738e-01)	(1.466248979976e-03 5.307146889904e-01 -1.587583560002e-03)
8.6                 	(5.858174668113e+00 2.375187776629e+00 6.133786849488e-01)	(5.858174668113e+00 2.375187776629e+00 6.133786849488e-01)	(3.319199226967e-03 -1.482246724664e-01 -5.471530618777e-04)	(-4.053084690331e-01 1.341458411393e-04 -3.606040118052e-01)	(9.548830932942e-04 6.387040927193e-01 -1.155591093346e-03)
8.7                 	(5.814249369939e+00 2.375208786681e+00 5.760608443290e-01)	(5.814249369939e+00 2.375208786681e+00 5.760608443290e-01)	(3.353819396570e-03 -8.335795341090e-02 -8.653696127782e-04)	(-4.674961938903e-01 2.667785466691e-04 -3.741786911597e-01)	(4.815993464424e-04 6.455608892858e-01 -8.416080212740e-04)
8.8                 	(5.765850678918e+00 2.375237328869e+00 5.410277392334e-01)	(5.765850678918e+00 2.375237328869e+00 5.410277392334e-01)	(3.363796660132e-03 -2.087061984269e-02 -1.141862611977e-03)	(-4.947624022896e-01 2.864019529202e-04 -3.141388949502e-01)	(-7.197743895072e-06 6.000404413079e-01 -4.513852501189e-04)
8.9                 	(5.716645822818e+00 2.375262563783e+00 5.154595401604e-01)	(5.716645822818e+00 2.375262563783e+00 5.154595401604e-01)	(3.333606110454e-03 3.648324093731e-02 -1.350785470689e-03)	(-4.821271080292e-01 2.035062914117e-04 -1.878585304874e-01)	(-6.598254429329e-04 5.492415887441e-01 1.648708483910e-04)
9                   	(5.670970984494e+00 2.375276826683e+00 5.048556257821e-01)	(5.670970984494e+00 2.375276826683e+00 5.048556257821e-01)	(3.233951244736e-03 8.942749344512e-02 -1.467094818180e-03)	(-4.230400094482e-01 7.721338478128e-05 -1.987600285955e-02)	(-1.475570254274e-03 5.126244628467e-01 1.044200243628e-03)
9.1                 	(5.633684970026e+00 2.375278094914e+00 5.118008490169e-01)	(5.633684970026e+00 2.375278094914e+00 5.118008490169e-01)	(3.047846854237e-03 1.390915678195e-01 -1.465701518198e-03)	(-3.148332881149e-01 -4.605027982207e-05 1.571536116504e-01)	(-2.193648304223e-03 4.794244238700e-01 2.134537310793e-03)
9.2                 	(5.609365859806e+00 2.375269680323e+00 5.353399481749e-01)	(5.609365859806e+00 2.375269680323e+00 5.353399481749e-01)	(2.784072969408e-03 1.844976350458e-01 -1.326294935369e-03)	(-1.659328822302e-01 -1.048935893188e-04 3.058717716985e-01)	(-2.545237140694e-03 4.216417565648e-01 3.254887801844e-03)
9.3                 	(5.601184173766e+00 2.375260383551e+00 5.710030647989e-01)	(5.601184173766e+00 2.375260383551e+00 5.710030647989e-01)	(2.476986445113e-03 2.215479746689e-01 -1.046647749938e-03)	(4.062862043801e-03 -6.474176425300e-05 3.961259635621e-01)	(-2.351877243204e-03 3.078165580543e-01 4.101462866937e-03)
9.4                 	(5.610039101613e+00 2.375258886940e+00 6.121189319401e-01)	(5.610039101613e+00 2.375258886940e+00 6.121189319401e-01)	(2.184321753842e-03 2.434721202592e-01 -6.579887823028e-04)	(1.703114262530e-01 3.340000612460e-05 4.135574832204e-01)	(-1.615525343532e-03 1.168952073799e-01 4.358296989342e-03)
9.5                 	(5.634364194918e+00 2.375265188172e+00 6.514276770170e-01)	(5.634364194918e+00 2.375265188172e+00 6.514276770170e-01)	(1.973529065169e-03 2.421987748005e-01 -2.271444521423e-04)	(3.106590749969e-01 6.726008365003e-05 3.627356740310e-01)	(-4.942423347967e-04 -1.549618252341e-01 3.830468746059e-03)
9.6                 	(5.670923776385e+00 2.375267894113e+00 6.831499983904e-01)	(5.670923776385e+00 2.375267894113e+00 6.831499983904e-01)	(1.891427401796e-03 2.106546623752e-01 1.685992683598e-04)	(4.141930461602e-01 -3.149337835960e-05 2.665802269332e-01)	(6.429127788282e-04 -4.799669557426e-01 2.556184936734e-03)
9.7                 	(5.716023687029e+00 2.375256613046e+00 7.042228263287e-01)	(5.716023687029e+00 2.375256613046e+00 7.042228263287e-01)	(1.953895957169e-03 1.466933091308e-01 4.698665324439e-04)	(4.826700439576e-01 -1.960059346829e-04 1.547274511216e-01)	(1.680075985251e-03 -7.900308254955e-01 9.082287415063e-04)
9.8                 	(5.766489145918e+00 2.375229684003e+00 7.145168479795e-01)	(5.766489145918e+00 2.375229684003e+00 7.145168479795e-01)	(2.143184138839e-03 5.583162378351e-02 6.691290726747e-04)	(5.216465015955e-01 -3.303489335892e-04 5.526287097275e-02)	(2.469734042945e-03 -1.004837767626e+00 -5.899015569727e-04)
9.9                 	(5.819119695591e+00 2.375194156559e+00 7.163862328709e-01)	(5.819119695591e+00 2.375194156559e+00 7.163862328709e-01)	(2.412183598801e-03 -4.887212701484e-02 7.948036678708e-04)	(5.230674986337e-01 -3.681593987984e-04 -1.155286081412e-02)	(2.858838789930e-03 -1.059531409949e+00 -1.581616538084e-03)
10                  	(5.869168906826e+00 2.375157482993e+00 7.133959921935e-01)	(5.869168906826e+00 2.375157482993e+00 7.133959921935e-01)	(2.704982878252e-03 -1.501625247838e-01 8.648383193155e-04)	(4.667622820186e-01 -3.642979919981e-04 -4.332305246858e-02)	(2.801317292632e-03 -9.388656576924e-01 -2.146845672636e-03)
10.1                	(5.910197396027e+00 2.375120950831e+00 7.083109728085e-01)	(5.910197396027e+00 2.375120950831e+00 7.083109728085e-01)	(2.969586752878e-03 -2.316424967126e-01 8.653201380508e-04)	(3.429302410275e-01 -3.676283295939e-04 -5.765931896036e-02)	(2.476580906220e-03 -6.693139775580e-01 -2.428731542516e-03)
10.2                	(5.936023345911e+00 2.375084311943e+00 7.015967271056e-01)	(5.936023345911e+00 2.375084311943e+00 7.015967271056e-01)	(3.169886346563e-03 -2.804400528701e-01 7.619081665570e-04)	(1.675841060648e-01 -3.581423250470e-04 -7.984352683057e-02)	(2.080619782031e-03 -2.937909745338e-01 -2.518515173441e-03)
10.3                	(5.943176386030e+00 2.375051452647e+00 6.914345669495e-01)	(5.943176386030e+00 2.375051452647e+00 6.914345669495e-01)	(3.293786987830e-03 -2.893446512584e-01 5.336081752789e-04)	(-2.402667682605e-02 -2.891997816336e-04 -1.288878977130e-01)	(1.683158062892e-03 1.119958218736e-01 -2.395754805236e-03)
10.4                	(5.931876922562e+00 2.375029917892e+00 6.747075517751e-01)	(5.931876922562e+00 2.375029917892e+00 6.747075517751e-01)	(3.347283782604e-03 -2.607125907150e-01 1.957559396603e-04)	(-1.967377902834e-01 -1.201916097500e-04 -2.105217673376e-01)	(1.212664014785e-03 4.396088561715e-01 -2.199753488459e-03)
10.5                	(5.905106988709e+00 2.375030492902e+00 6.487606437036e-01)	(5.905106988709e+00 2.375030492902e+00 6.487606437036e-01)	(3.344057212231e-03 -2.065673674602e-01 -2.066064611173e-04)	(-3.318000807421e-01 1.452871246892e-04 -3.084085676570e-01)	(5.876134119478e-04 6.159193122040e-01 -2.007977670069e-03)
10.6                	(5.866899565646e+00 2.375059426400e+00 6.137751885665e-01)	(5.866899565646e+00 2.375059426400e+00 6.137751885665e-01)	(3.304454053198e-03 -1.425462324228e-01 -6.136282301935e-04)	(-4.256725699165e-01 4.204383316255e-04 -3.837392171444e-01)	(6.211059826807e-05 6.438821737851e-01 -1.734356600948e-03)
10.7                	(5.821226215488e+00 2.375110139697e+00 5.741481478268e-01)	(5.821226215488e+00 2.375110139697e+00 5.741481478268e-01)	(3.253177059866e-03 -8.071367919093e-02 -9.747347475893e-04)	(-4.817254215955e-01 5.721648173706e-04 -3.959635538755e-01)	(-2.540200235518e-04 5.847785560921e-01 -1.368282161310e-03)
10.8                	(5.771673726245e+00 2.375169204789e+00 5.372759934565e-01)	(5.771673726245e+00 2.375169204789e+00 5.372759934565e-01)	(3.199462345452e-03 -2.581922953242e-02 -1.264677549536e-03)	(-5.028349274299e-01 5.838131126801e-04 -3.283295335476e-01)	(-5.200312512887e-04 5.182089939584e-01 -8.357391359413e-04)
10.9                	(5.721918943224e+00 2.375222595318e+00 5.108130940133e-01)	(5.721918943224e+00 2.375222595318e+00 5.108130940133e-01)	(3.127881914799e-03 2.415422490711e-02 -1.469737048486e-03)	(-4.851645262612e-01 4.676550798188e-04 -1.911965144776e-01)	(-9.297605725503e-04 4.898207854090e-01 -5.255420880762e-05)
11                  	(5.676117201706e+00 2.375261084249e+00 5.004502452868e-01)	(5.676117201706e+00 2.375261084249e+00 5.004502452868e-01)	(3.014442405955e-03 7.336102726868e-02 -1.574841301734e-03)	(-4.228710623626e-01 2.984579082648e-04 -1.192948454534e-02)	(-1.422766913430e-03 4.990152454679e-01 1.020946304746e-03)
11.1                	(5.638911449976e+00 2.375282735348e+00 5.086347314218e-01)	(5.638911449976e+00 2.375282735348e+00 5.086347314218e-01)	(2.851166734999e-03 1.239711264617e-01 -1.560397006954e-03)	(-3.137334567086e-01 1.412363107713e-04 1.730862850968e-01)	(-1.764537902285e-03 5.097174276702e-01 2.241869394952e-03)
11.2                	(5.614691833624e+00 2.375291556213e+00 5.339165636109e-01)	(5.614691833624e+00 2.375291556213e+00 5.339165636109e-01)	(2.646303683484e-03 1.738941551571e-01 -1.414218744319e-03)	(-1.653438590281e-01 5.230318854269e-05 3.237727369633e-01)	(-1.834222498487e-03 4.780204869955e-01 3.357476269142e-03)
11.3                	(5.606488746079e+00 2.375296234819e+00 5.712139267479e-01)	(5.606488746079e+00 2.375296234819e+00 5.712139267479e-01)	(2.420668241479e-03 2.168465352382e-01 -1.139362415756e-03)	(2.543261691300e-03 5.351908787552e-05 4.100301743224e-01)	(-1.526944357169e-03 3.655191525536e-01 4.136739858250e-03)
11.4                	(5.614988907372e+00 2.375303668719e+00 6.133790898630e-01)	(5.614988907372e+00 2.375303668719e+00 6.133790898630e-01)	(2.211200580295e-03 2.437158470649e-01 -7.616374260485e-04)	(1.641683857630e-01 9.162349485407e-05 4.204093562502e-01)	(-8.711245088361e-04 1.550081211919e-01 4.339928613344e-03)
11.5                	(5.638359834289e+00 2.375312881228e+00 6.530203873649e-01)	(5.638359834289e+00 2.375312881228e+00 6.530203873649e-01)	(2.065366943624e-03 2.447520247088e-01 -3.391254497486e-04)	(2.974708116060e-01 7.351425114551e-05 3.628090568455e-01)	(2.249605853685e-05 -1.474495606205e-01 3.784332243612e-03)
11.6                	(5.673248844095e+00 2.375315043472e+00 6.845102091449e-01)	(5.673248844095e+00 2.375315043472e+00 6.845102091449e-01)	(2.020791724544e-03 2.125962419252e-01 5.761767036680e-05)	(3.943231993318e-01 -3.863193441233e-05 2.623906688813e-01)	(9.110052095803e-04 -4.974551057988e-01 2.539278405293e-03)
11.7                	(5.716159259023e+00 2.375304381070e+00 7.050952928239e-01)	(5.716159259023e+00 2.375304381070e+00 7.050952928239e-01)	(2.097600522704e-03 1.464146192202e-01 3.772662107404e-04)	(4.595173825468e-01 -1.697139977169e-04 1.497174679080e-01)	(1.777036962775e-03 -8.133101379506e-01 1.030699693801e-03)
11.8                	(5.764315905196e+00 2.375282566800e+00 7.149609145046e-01)	(5.764315905196e+00 2.375282566800e+00 7.149609145046e-01)	(2.286839985509e-03 5.382318724763e-02 6.148412604854e-04)	(4.991066621124e-01 -2.537122437488e-04 5.195550752441e-02)	(2.452851289418e-03 -1.013098104464e+00 -2.902402557031e-04)
11.9                	(5.814813051421e+00 2.375256516114e+00 7.166022926539e-01)	(5.814813051421e+00 2.375256516114e+00 7.166022926539e-01)	(2.549804913425e-03 -5.039301926572e-02 7.905289519103e-04)	(5.031356217951e-01 -2.620415313684e-04 -1.299290715893e-02)	(2.755789892780e-03 -1.040800615199e+00 -1.166303123110e-03)
12                  	(5.863047786927e+00 2.375230311353e+00 7.134928483013e-01)	(5.863047786927e+00 2.375230311353e+00 7.134928483013e-01)	(2.833857617862e-03 -1.485465851218e-01 9.086400819591e-04)	(4.506597407251e-01 -2.653978381347e-04 -4.459303063460e-02)	(2.637133161869e-03 -8.967983269240e-01 -1.721292972212e-03)
12.1                	(5.902728503168e+00 2.375202576537e+00 7.082216551737e-01)	(5.902728503168e+00 2.375202576537e+00 7.082216551737e-01)	(3.084763872638e-03 -2.253595533636e-01 9.444475043695e-04)	(3.325812174228e-01 -2.929595862138e-04 -6.015133737847e-02)	(2.231562559396e-03 -6.212187163472e-01 -2.101603143714e-03)
12.2                	(5.927875738917e+00 2.375171784261e+00 7.012042144599e-01)	(5.927875738917e+00 2.375171784261e+00 7.012042144599e-01)	(3.259586565234e-03 -2.699485286790e-01 8.571338182275e-04)	(1.646909615742e-01 -3.178795689216e-04 -8.325272335112e-02)	(1.706038828695e-03 -2.607613582545e-01 -2.386227525111e-03)
12.3                	(5.935134547658e+00 2.375141104454e+00 6.907010562810e-01)	(5.935134547658e+00 2.375141104454e+00 6.907010562810e-01)	(3.339717358109e-03 -2.769131404272e-01 6.255036213688e-04)	(-1.909075559512e-02 -2.842909446105e-04 -1.320980137362e-01)	(1.156442024660e-03 1.163243434978e-01 -2.492230377889e-03)
12.4                	(5.924669481248e+00 2.375119038769e+00 6.737271520779e-01)	(5.924669481248e+00 2.375119038769e+00 6.737271520779e-01)	(3.335805767804e-03 -2.493752566502e-01 2.718197867223e-04)	(-1.852441855006e-01 -1.335079525730e-04 -2.119800792648e-01)	(6.200752369013e-04 4.143306927824e-01 -2.481841902766e-03)
12.5                	(5.899289439074e+00 2.375118549160e+00 6.477854672712e-01)	(5.899289439074e+00 2.375118549160e+00 6.477854672712e-01)	(3.278048753891e-03 -1.987730889964e-01 -1.477889363340e-04)	(-3.158307349504e-01 1.389750138436e-04 -3.066347738499e-01)	(1.099654804176e-04 5.730069567005e-01 -2.326599086258e-03)
12.6                	(5.862803261167e+00 2.375147781293e+00 6.131541434077e-01)	(5.862803261167e+00 2.375147781293e+00 6.131541434077e-01)	(3.202345510054e-03 -1.392306378675e-01 -5.642182224353e-04)	(-4.074802104127e-01 4.328561068868e-04 -3.785485416869e-01)	(-1.728913533793e-04 6.000312206982e-01 -2.003252816447e-03)
12.7                	(5.818973443859e+00 2.375200862635e+00 5.741530033275e-01)	(5.818973443859e+00 2.375200862635e+00 5.741530033275e-01)	(3.143175366886e-03 -8.129282223236e-02 -9.285188440054e-04)	(-4.632889148227e-01 6.104693576408e-04 -3.890458039508e-01)	(-1.784402084312e-04 5.530242475742e-01 -1.532938993574e-03)
12.8                	(5.771278069335e+00 2.375265377403e+00 5.379587763706e-01)	(5.771278069335e+00 2.375265377403e+00 5.379587763706e-01)	(3.112102683674e-03 -2.867992966432e-02 -1.215940875722e-03)	(-4.847340922422e-01 6.560899164065e-04 -3.221313890155e-01)	(-1.414457113808e-04 5.041539765145e-01 -8.839399555601e-04)
12.9                	(5.723283801844e+00 2.375328001070e+00 5.119792592022e-01)	(5.723283801844e+00 2.375328001070e+00 5.119792592022e-01)	(3.091071001074e-03 2.069825969288e-02 -1.416227946444e-03)	(-4.684402650869e-01 5.785135073385e-04 -1.880946177709e-01)	(-3.015782989178e-04 4.904488018456e-01 -2.308261651067e-05)
13                  	(5.679028012532e+00 2.375378679709e+00 5.016967648859e-01)	(5.679028012532e+00 2.375378679709e+00 5.016967648859e-01)	(3.046588581207e-03 7.037149044335e-02 -1.518489642592e-03)	(-4.089621273280e-01 4.266364857806e-04 -1.358749212316e-02)	(-6.944241352510e-04 5.059423486914e-01 1.064948528873e-03)
13.1                	(5.643018960226e+00 2.375412843475e+00 5.094761467822e-01)	(5.643018960226e+00 2.375412843475e+00 5.094761467822e-01)	(2.953923660770e-03 1.215749129441e-01 -1.506668495084e-03)	(-3.039935870761e-01 2.591924676116e-04 1.668710341638e-01)	(-1.114443505130e-03 5.133541515068e-01 2.252666185863e-03)
13.2                	(5.619484598498e+00 2.375431929224e+00 5.339736489912e-01)	(5.619484598498e+00 2.375431929224e+00 5.339736489912e-01)	(2.806336789304e-03 1.713708206317e-01 -1.369220317840e-03)	(-1.616263625598e-01 1.367970246947e-04 3.146909817766e-01)	(-1.385950631943e-03 4.712506257750e-01 3.295074557664e-03)
13.3                	(5.611322084368e+00 2.375442626681e+00 5.703321185542e-01)	(5.611322084368e+00 2.375442626681e+00 5.703321185542e-01)	(2.616564950933e-03 2.131834293065e-01 -1.111004992001e-03)	(-3.739040956433e-04 8.843053639392e-05 4.008162912271e-01)	(-1.353502890151e-03 3.504771525857e-01 3.969599429718e-03)
13.4                	(5.619236160497e+00 2.375451229267e+00 6.116949937521e-01)	(5.619236160497e+00 2.375451229267e+00 6.116949937521e-01)	(2.415885835177e-03 2.384586451695e-01 -7.570803226889e-04)	(1.557723937528e-01 8.362492844729e-05 4.140869241509e-01)	(-1.008571381650e-03 1.398084784768e-01 4.087322323389e-03)
13.5                	(5.641615451744e+00 2.375458653700e+00 6.509519061065e-01)	(5.641615451744e+00 2.375458653700e+00 6.509519061065e-01)	(2.250427709144e-03 2.383813424397e-01 -3.603225650313e-04)	(2.866072817332e-01 5.269832866005e-05 3.616708490163e-01)	(-3.895742253332e-04 -1.528693187013e-01 3.514647159844e-03)
13.6                	(5.675432080394e+00 2.375459549247e+00 6.826075173327e-01)	(5.675432080394e+00 2.375459549247e+00 6.826075173327e-01)	(2.163042413184e-03 2.064845051503e-01 1.543053316281e-05)	(3.841933320029e-01 -3.968980425599e-05 2.667357722721e-01)	(3.447046569931e-04 -4.863810419722e-01 2.341207363353e-03)
13.7                	(5.717435353298e+00 2.375450823967e+00 7.038532558452e-01)	(5.717435353298e+00 2.375450823967e+00 7.038532558452e-01)	(2.184098685829e-03 1.422164362152e-01 3.255609398196e-04)	(4.515274566300e-01 -1.310906541986e-04 1.582989722478e-01)	(1.174667831695e-03 -7.868745037817e-01 9.774345952266e-04)
13.8                	(5.764867026598e+00 2.375433891299e+00 7.146937188074e-01)	(5.764867026598e+00 2.375433891299e+00 7.146937188074e-01)	(2.316114469814e-03 5.271815563773e-02 5.620402884108e-04)	(4.923329586138e-01 -1.965761449591e-04 6.236553940412e-02)	(1.910900691854e-03 -9.796101241334e-01 -2.240742718057e-04)
13.9                	(5.814689295520e+00 2.375413623307e+00 7.173277817449e-01)	(5.814689295520e+00 2.375413623307e+00 7.173277817449e-01)	(2.531353338172e-03 -4.833363868231e-02 7.416042724391e-04)	(4.963033459969e-01 -2.061823060855e-04 -4.124388063298e-03)	(2.356601303646e-03 -1.013133881521e+00 -1.023542565180e-03)
14                  	(5.862240920166e+00 2.375392312734e+00 7.149013754485e-01)	(5.862240920166e+00 2.375392312734e+00 7.149013754485e-01)	(2.785676954403e-03 -1.444559441875e-01 8.669295719598e-04)	(4.440096915577e-01 -2.248819442222e-04 -4.014967523191e-02)	(2.440075709733e-03 -8.848284992205e-01 -1.549837981799e-03)
14.1                	(5.901324134014e+00 2.375367972941e+00 7.097981316096e-01)	(5.901324134014e+00 2.375367972941e+00 7.097981316096e-01)	(3.029361225614e-03 -2.209652209490e-01 9.153976738659e-04)	(3.274782483502e-01 -2.649876487733e-04 -6.130027124655e-02)	(2.231709530275e-03 -6.269453028315e-01 -1.929173861805e-03)
14.2                	(5.926108476458e+00 2.375339370403e+00 7.024068149668e-01)	(5.926108476458e+00 2.375339370403e+00 7.024068149668e-01)	(3.216924539470e-03 -2.668586015386e-01 8.469835579870e-04)	(1.625820599639e-01 -3.022603767671e-04 -8.933111876705e-02)	(1.841855076986e-03 -2.799820212637e-01 -2.233717311786e-03)
14.3                	(5.933324230645e+00 2.375309299777e+00 6.911445594863e-01)	(5.933324230645e+00 2.375309299777e+00 6.911445594863e-01)	(3.320793934801e-03 -2.760778118591e-01 6.382750351285e-04)	(-1.786474814813e-02 -2.871921061527e-04 -1.406589332882e-01)	(1.352831503888e-03 9.216372919917e-02 -2.344107242160e-03)
14.4                	(5.923131913232e+00 2.375286044104e+00 6.733435156783e-01)	(5.923131913232e+00 2.375286044104e+00 6.733435156783e-01)	(3.343574729735e-03 -2.507857300676e-01 3.085637091131e-04)	(-1.811236583231e-01 -1.538155285305e-04 -2.192869601639e-01)	(8.340499374057e-04 3.951367051316e-01 -2.313622609646e-03)
14.5                	(5.898275412370e+00 2.375282830389e+00 6.468880284578e-01)	(5.898275412370e+00 2.375282830389e+00 6.468880284578e-01)	(3.313149537435e-03 -2.015185321226e-01 -8.802329797864e-05)	(-3.096507958084e-01 1.069245614806e-04 -3.091599057542e-01)	(3.551660459841e-04 5.665072649457e-01 -2.105906576492e-03)
14.6                	(5.862470320858e+00 2.375308921672e+00 6.123124862217e-01)	(5.862470320858e+00 2.375308921672e+00 6.123124862217e-01)	(3.265389591702e-03 -1.418944698223e-01 -4.838319242877e-04)	(-4.003567371498e-01 4.014849584767e-04 -3.749059248571e-01)	(9.577411865058e-05 6.073462443285e-01 -1.773607734933e-03)
14.7                	(5.819364922661e+00 2.375359275009e+00 5.739328475915e-01)	(5.819364922661e+00 2.375359275009e+00 5.739328475915e-01)	(3.234074204866e-03 -8.273538199747e-02 -8.367912545223e-04)	(-4.568009416571e-01 5.891403933372e-04 -3.807015493036e-01)	(8.824888930668e-05 5.675632022710e-01 -1.372513643430e-03)
14.8                	(5.772328584467e+00 2.375422616326e+00 5.386581919596e-01)	(5.772328584467e+00 2.375422616326e+00 5.386581919596e-01)	(3.226848490912e-03 -2.867768438506e-02 -1.121237796362e-03)	(-4.784795835969e-01 6.546036365494e-04 -3.127637840160e-01)	(6.236319016437e-05 5.169247292852e-01 -7.850456689505e-04)
14.9                	(5.724910873825e+00 2.375486013072e+00 5.134971710335e-01)	(5.724910873825e+00 2.375486013072e+00 5.134971710335e-01)	(3.221381849293e-03 2.157179873066e-02 -1.323541711206e-03)	(-4.631424176183e-01 5.941569999279e-04 -1.817175979451e-01)	(-1.992674077570e-04 4.940135571354e-01 1.514359841955e-05)
15                  	(5.681129671738e+00 2.375538799310e+00 5.035706564496e-01)	(5.681129671738e+00 2.375538799310e+00 5.035706564496e-01)	(3.181528401015e-03 7.101499121636e-02 -1.432184346119e-03)	(-4.048550615904e-01 4.515684606476e-04 -1.317061883226e-02)	(-7.167488773229e-04 4.980333078861e-01 1.020312617862e-03)
15.1                	(5.645432106635e+00 2.375575469475e+00 5.110548250084e-01)	(5.645432106635e+00 2.375575469475e+00 5.110548250084e-01)	(3.081025712120e-03 1.209673842975e-01 -1.432022101325e-03)	(-3.021546159610e-01 2.820289466959e-04 1.605985431462e-01)	(-1.270836660750e-03 4.970123845937e-01 2.123699798357e-03)
15.2                	(5.621939693856e+00 2.375596463588e+00 5.346650081032e-01)	(5.621939693856e+00 2.375596463588e+00 5.346650081032e-01)	(2.914394874509e-03 1.690038763254e-01 -1.311010071609e-03)	(-1.628582859156e-01 1.508517972037e-04 3.036537816028e-01)	(-1.656743237192e-03 4.536446883079e-01 3.113789618893e-03)
15.3                	(5.613486409043e+00 2.375607938300e+00 5.698253290649e-01)	(5.613486409043e+00 2.375607938300e+00 5.698253290649e-01)	(2.698610901574e-03 2.093044264998e-01 -1.073832744031e-03)	(-4.869014211548e-03 9.029874288791e-05 3.885747480046e-01)	(-1.694761613461e-03 3.389654814344e-01 3.736588491365e-03)
15.4                	(5.620831258696e+00 2.375616158733e+00 6.100748138842e-01)	(5.620831258696e+00 2.375616158733e+00 6.100748138842e-01)	(2.469803112485e-03 2.339610585833e-01 -7.461796384369e-04)	(1.491999889900e-01 7.414190260868e-05 4.046896192507e-01)	(-1.363755950204e-03 1.395207003702e-01 3.828069328554e-03)
15.5                	(5.642537929815e+00 2.375622286031e+00 6.486731242601e-01)	(5.642537929815e+00 2.375622286031e+00 6.486731242601e-01)	(2.279190927940e-03 2.345078372981e-01 -3.771707467127e-04)	(2.800163706202e-01 3.918927153125e-05 3.582366421769e-01)	(-6.892677443128e-04 -1.399858286481e-01 3.281438997791e-03)
15.6                	(5.675769167639e+00 2.375622125310e+00 6.803326434756e-01)	(5.675769167639e+00 2.375622125310e+00 6.803326434756e-01)	(2.172880998241e-03 2.044321028705e-01 -2.594507089911e-05)	(3.791480487647e-01 -4.436619874099e-05 2.701769111721e-01)	(1.409737845964e-04 -4.639869030832e-01 2.176858202630e-03)
15.7                	(5.717343864894e+00 2.375614014682e+00 7.022134199227e-01)	(5.717343864894e+00 2.375614014682e+00 7.022134199227e-01)	(2.182242431991e-03 1.425738524967e-01 2.683655099701e-04)	(4.478333370802e-01 -1.136499614259e-04 1.671567402962e-01)	(1.083720890629e-03 -7.623600353527e-01 9.383918305396e-04)
15.8                	(5.764419446468e+00 2.375599405408e+00 7.140846778866e-01)	(5.764419446468e+00 2.375599405408e+00 7.140846778866e-01)	(2.311356428882e-03 5.529621516585e-02 4.997348373672e-04)	(4.886634982568e-01 -1.695933947491e-04 7.351215769672e-02)	(1.941014340604e-03 -9.609884476017e-01 -1.892001353917e-04)
15.9                	(5.813833878694e+00 2.375581826765e+00 7.177885827302e-01)	(5.813833878694e+00 2.375581826765e+00 7.177885827302e-01)	(2.534787839455e-03 -4.448302660252e-02 6.816242992719e-04)	(4.917924165968e-01 -1.803608999172e-04 5.527681817299e-03)	(2.497221906858e-03 -1.007042184666e+00 -9.498483608618e-04)
16                  	(5.860912905353e+00 2.375562820250e+00 7.161217787209e-01)	(5.860912905353e+00 2.375562820250e+00 7.161217787209e-01)	(2.808051753985e-03 -1.407048875031e-01 8.182578891845e-04)	(4.392877445530e-01 -2.060730316165e-04 -3.495878209094e-02)	(2.659117325265e-03 -8.924862951236e-01 -1.424849935525e-03)
16.1                	(5.899577461640e+00 2.375539703737e+00 7.112603686324e-01)	(5.899577461640e+00 2.375539703737e+00 7.112603686324e-01)	(3.079314797521e-03 -2.184583706831e-01 8.886196544000e-04)	(3.240828113594e-01 -2.586814870768e-04 -6.170742395758e-02)	(2.470918432933e-03 -6.430842250641e-01 -1.751494874650e-03)
16.2                	(5.924153303897e+00 2.375510945027e+00 7.035687735840e-01)	(5.924153303897e+00 2.375510945027e+00 7.035687735840e-01)	(3.295372756518e-03 -2.660830863918e-01 8.482248371127e-04)	(1.619915370386e-01 -3.125698229910e-04 -9.466740483370e-02)	(2.018935268001e-03 -2.973431951201e-01 -2.035597385969e-03)
16.3                	(5.931472820763e+00 2.375478905794e+00 6.916225051264e-01)	(5.931472820763e+00 2.375478905794e+00 6.916225051264e-01)	(3.418492925002e-03 -2.768278752596e-01 6.667597865566e-04)	(-1.519968650717e-02 -3.152217037808e-04 -1.484635727296e-01)	(1.410699464043e-03 7.989828112718e-02 -2.137664865755e-03)
16.4                	(5.921692555071e+00 2.375452185257e+00 6.730669326018e-01)	(5.921692555071e+00 2.375452185257e+00 6.730669326018e-01)	(3.445996560609e-03 -2.523316352524e-01 3.584106486285e-04)	(-1.757263973116e-01 -1.942988537353e-04 -2.259407287318e-01)	(7.722670972673e-04 3.918877258137e-01 -2.110761648382e-03)
16.5                	(5.897470906535e+00 2.375444473792e+00 6.461464327544e-01)	(5.897470906535e+00 2.375444473792e+00 6.461464327544e-01)	(3.408656415052e-03 -2.029270971683e-01 -2.371900255237e-05)	(-3.026297473786e-01 5.966351053986e-05 -3.113868571200e-01)	(2.340270804929e-04 5.720280323010e-01 -1.915727184863e-03)
16.6                	(5.862374227913e+00 2.375465926984e+00 6.116292386765e-01)	(5.862374227913e+00 2.375465926984e+00 6.116292386765e-01)	(3.349411483495e-03 -1.424827556247e-01 -4.098851335458e-04)	(-3.934140624812e-01 3.564334011725e-04 -3.715243600896e-01)	(-2.637816597049e-05 6.172094390003e-01 -1.621618267366e-03)
16.7                	(5.819907501410e+00 2.375512247223e+00 5.738214766044e-01)	(5.819907501410e+00 2.375512247223e+00 5.738214766044e-01)	(3.307397690612e-03 -8.238178440255e-02 -7.595350167038e-04)	(-4.505515652363e-01 5.515288601050e-04 -3.731101020627e-01)	(-1.090392286831e-05 5.762632015761e-01 -1.297596349463e-03)
16.8                	(5.773372702870e+00 2.375572294832e+00 5.393810813740e-01)	(5.773372702870e+00 2.375572294832e+00 5.393810813740e-01)	(3.291355300565e-03 -2.784830307727e-02 -1.045030860508e-03)	(-4.742471835983e-01 6.260000544076e-04 -3.043089750043e-01)	(-1.695070315360e-05 5.170448369647e-01 -7.694990262307e-04)
16.9                	(5.726322824996e+00 2.375633427670e+00 5.149550412256e-01)	(5.726322824996e+00 2.375633427670e+00 5.149550412256e-01)	(3.278640803002e-03 2.196787604129e-02 -1.249448451908e-03)	(-4.598718075957e-01 5.776936833681e-04 -1.760320983043e-01)	(-2.666677219430e-04 4.856065202064e-01 -4.278208962078e-06)
17                  	(5.682829970554e+00 2.375685150296e+00 5.053430087216e-01)	(5.682829970554e+00 2.375685150296e+00 5.053430087216e-01)	(3.233057587184e-03 7.029049018711e-02 -1.361722275242e-03)	(-4.024229773744e-01 4.471419468860e-04 -1.285312434376e-02)	(-7.698533583246e-04 4.848263710840e-01 9.448322354722e-04)
17.1                	(5.647311020861e+00 2.375721930182e+00 5.125533062302e-01)	(5.647311020861e+00 2.375721930182e+00 5.125533062302e-01)	(3.128384995642e-03 1.189184939899e-01 -1.370056353851e-03)	(-3.010678506188e-01 2.863331938445e-04 1.549164524805e-01)	(-1.318878488747e-03 4.848531760239e-01 1.992370336805e-03)
17.2                	(5.623812869599e+00 2.375743242737e+00 5.353469485739e-01)	(5.623812869599e+00 2.375743242737e+00 5.353469485739e-01)	(2.959642946089e-03 1.659955716824e-01 -1.262946931391e-03)	(-1.641321978689e-01 1.508252035341e-04 2.934169938029e-01)	(-1.700528962322e-03 4.470993462590e-01 2.956317802463e-03)
17.3                	(5.615122503895e+00 2.375754150989e+00 5.693873682083e-01)	(5.615122503895e+00 2.375754150989e+00 5.693873682083e-01)	(2.743593553847e-03 2.060290894389e-01 -1.044369014897e-03)	(-8.291761188915e-03 7.849057520075e-05 3.770198364449e-01)	(-1.743738539503e-03 3.401837761249e-01 3.550973655512e-03)
17.4                	(5.622048607399e+00 2.375760485752e+00 6.085690858070e-01)	(5.622048607399e+00 2.375760485752e+00 6.085690858070e-01)	(2.515328618700e-03 2.311774587207e-01 -7.400558495266e-04)	(1.444996181518e-01 4.821244455559e-05 3.954965883772e-01)	(-1.422852957748e-03 1.478478416790e-01 3.615925623997e-03)
17.5                	(5.643268845227e+00 2.375763507352e+00 6.464926651399e-01)	(5.643268845227e+00 2.375763507352e+00 6.464926651399e-01)	(2.325538299787e-03 2.328085500031e-01 -3.952998722449e-04)	(2.752301521910e-01 4.720602060176e-06 3.542933169096e-01)	(-7.375442571588e-04 -1.271968476864e-01 3.082437726501e-03)
17.6                	(5.676052655810e+00 2.375760176492e+00 6.780705294995e-01)	(5.676052655810e+00 2.375760176492e+00 6.780705294995e-01)	(2.219959357819e-03 2.040971430844e-01 -6.377454022617e-05)	(3.750963863802e-01 -7.283437191292e-05 2.724786418940e-01)	(1.119022784156e-04 -4.500923150887e-01 2.024249220331e-03)
17.7                	(5.717263185054e+00 2.375750023931e+00 7.004566052000e-01)	(5.717263185054e+00 2.375750023931e+00 7.004566052000e-01)	(2.229722638060e-03 1.435337033378e-01 2.190561960673e-04)	(4.444895251195e-01 -1.277164132216e-04 1.746399500541e-01)	(1.081025928391e-03 -7.508364166187e-01 8.641634069063e-04)
17.8                	(5.764004583832e+00 2.375734995252e+00 7.132339936765e-01)	(5.764004583832e+00 2.375734995252e+00 7.132339936765e-01)	(2.359085585648e-03 5.719602865776e-02 4.488334156175e-04)	(4.851890263418e-01 -1.680806356706e-04 8.364538988047e-02)	(1.952657059424e-03 -9.540268725153e-01 -1.949641105624e-04)
17.9                	(5.813039372196e+00 2.375717588882e+00 7.179482109027e-01)	(5.813039372196e+00 2.375717588882e+00 7.179482109027e-01)	(2.584443584821e-03 -4.219891382364e-02 6.361282744422e-04)	(4.876597597942e-01 -1.800164583070e-04 1.505908575543e-02)	(2.529992470376e-03 -1.006475166195e+00 -9.140482876956e-04)
18                  	(5.859689425125e+00 2.375698350651e+00 7.170830870843e-01)	(5.859689425125e+00 2.375698350651e+00 7.170830870843e-01)	(2.862297861032e-03 -1.386720524889e-01 7.840209647338e-04)	(4.350213107720e-01 -2.115691274935e-04 -2.882697196690e-02)	(2.699696054754e-03 -8.976595948495e-01 -1.349107840827e-03)
18.1                	(5.897974632736e+00 2.375674145279e+00 7.125957201526e-01)	(5.897974632736e+00 2.375674145279e+00 7.125957201526e-01)	(3.139910354220e-03 -2.171049528373e-01 8.705711511331e-04)	(3.210713024489e-01 -2.759543542491e-04 -6.043794240862e-02)	(2.499228342374e-03 -6.505615141261e-01 -1.636769712329e-03)
18.2                	(5.922367834521e+00 2.375642953035e+00 7.047888761960e-01)	(5.922367834521e+00 2.375642953035e+00 7.047888761960e-01)	(3.361437764400e-03 -2.654734408040e-01 8.489248114459e-04)	(1.614152982503e-01 -3.428337114929e-04 -9.806662323260e-02)	(1.999941483763e-03 -3.044476951653e-01 -1.898001877590e-03)
18.3                	(5.929778766632e+00 2.375607446489e+00 6.923410194465e-01)	(5.929778766632e+00 2.375607446489e+00 6.923410194465e-01)	(3.483714123211e-03 -2.768157566105e-01 6.844227935838e-04)	(-1.285592112041e-02 -3.525376397426e-04 -1.546493620741e-01)	(1.322126106318e-03 7.527773418226e-02 -2.009243022718e-03)
18.4                	(5.920360825008e+00 2.375576905704e+00 6.731529468781e-01)	(5.920360825008e+00 2.375576905704e+00 6.731529468781e-01)	(3.502718455922e-03 -2.526075763637e-01 3.881719981957e-04)	(-1.709709784397e-01 -2.327620730056e-04 -2.318825654915e-01)	(6.373486634851e-04 3.907190282940e-01 -1.994243103550e-03)
18.5                	(5.896681421145e+00 2.375565221284e+00 6.457733322758e-01)	(5.896681421145e+00 2.375565221284e+00 6.457733322758e-01)	(3.453391300286e-03 -2.031711706509e-01 1.430108136786e-05)	(-2.967658429636e-01 1.861458917275e-05 -3.142481362613e-01)	(1.036348741805e-04 5.737087316283e-01 -1.817260938137e-03)
18.6                	(5.862175170138e+00 2.375582790049e+00 6.111906518742e-01)	(5.862175170138e+00 2.375582790049e+00 6.111906518742e-01)	(3.383907282966e-03 -1.425031789461e-01 -3.649386615882e-04)	(-3.877372765369e-01 3.198315366922e-04 -3.699237683458e-01)	(-1.167767610662e-04 6.195923989826e-01 -1.522675647820e-03)
18.7                	(5.820222796151e+00 2.375625749724e+00 5.737375760597e-01)	(5.820222796151e+00 2.375625749724e+00 5.737375760597e-01)	(3.335897812418e-03 -8.224980602294e-02 -7.070056107890e-04)	(-4.459945029318e-01 5.202775475025e-04 -3.679812699769e-01)	(-5.942692658869e-05 5.766971586017e-01 -1.203732935397e-03)
18.8                	(5.774092429824e+00 2.375682915698e+00 5.398900406159e-01)	(5.774092429824e+00 2.375682915698e+00 5.398900406159e-01)	(3.317238824771e-03 -2.784208397384e-02 -9.865269109317e-04)	(-4.706789017840e-01 6.001909677049e-04 -2.980874296325e-01)	(-3.023928097609e-05 5.137709413848e-01 -7.294793526573e-04)
18.9                	(5.727364794912e+00 2.375741890210e+00 5.160182978745e-01)	(5.727364794912e+00 2.375741890210e+00 5.160182978745e-01)	(3.304277329078e-03 2.148624119831e-02 -1.189586772856e-03)	(-4.569369598327e-01 5.610666607713e-04 -1.716089159032e-01)	(-2.593650674833e-04 4.794976484055e-01 -1.804221994743e-05)
19                  	(5.684135537164e+00 2.375792419694e+00 5.066637126692e-01)	(5.684135537164e+00 2.375792419694e+00 5.066637126692e-01)	(3.260570658061e-03 6.914243113386e-02 -1.304721890058e-03)	(-4.001248700035e-01 4.407131785926e-04 -1.237977437031e-02)	(-7.435743844716e-04 4.781318114229e-01 8.835994269544e-04)
19.1                	(5.648790588796e+00 2.375829014361e+00 5.136867793992e-01)	(5.648790588796e+00 2.375829014361e+00 5.136867793992e-01)	(3.159577344771e-03 1.171764710338e-01 -1.320913957653e-03)	(-2.999753418865e-01 2.887563563199e-04 1.507598850864e-01)	(-1.288606154854e-03 4.801146579439e-01 1.892869725305e-03)
19.2                	(5.625308842777e+00 2.375850679135e+00 5.358683171173e-01)	(5.625308842777e+00 2.375850679135e+00 5.358683171173e-01)	(2.995448537697e-03 1.639407456928e-01 -1.226340108453e-03)	(-1.649248054997e-01 1.538893677482e-04 2.856342986582e-01)	(-1.680273145236e-03 4.456317780400e-01 2.825075572603e-03)
19.3                	(5.616436226892e+00 2.375861497361e+00 5.690464866532e-01)	(5.616436226892e+00 2.375861497361e+00 5.690464866532e-01)	(2.784098932040e-03 2.040193237535e-01 -1.022828912554e-03)	(-1.097940954513e-02 7.224832834024e-05 3.680554439182e-01)	(-1.735099953702e-03 3.425943614330e-01 3.419318158209e-03)
19.4                	(5.623023666132e+00 2.375866514745e+00 6.073950331900e-01)	(5.623023666132e+00 2.375866514745e+00 6.073950331900e-01)	(2.559838621325e-03 2.295535308126e-01 -7.349722118060e-04)	(1.405556873196e-01 2.873223060232e-05 3.882460897045e-01)	(-1.433795125522e-03 1.529768389343e-01 3.473362518598e-03)
19.5                	(5.643835452747e+00 2.375867115121e+00 6.447806978993e-01)	(5.643835452747e+00 2.375867115121e+00 6.447806978993e-01)	(2.372522148949e-03 2.317894046028e-01 -4.063138594824e-04)	(2.711141580923e-01 -2.122017297160e-05 3.510399809099e-01)	(-7.579587251854e-04 -1.203869148593e-01 2.949445973187e-03)
19.6                	(5.676235192468e+00 2.375861357261e+00 6.762740444696e-01)	(5.676235192468e+00 2.375861357261e+00 6.762740444696e-01)	(2.267716076606e-03 2.038049647519e-01 -8.724646097411e-05)	(3.716049590336e-01 -9.354115551571e-05 2.740465268452e-01)	(8.722528100446e-05 -4.425937635918e-01 1.922758973811e-03)
19.7                	(5.717132522382e+00 2.375849525409e+00 6.990312067003e-01)	(5.717132522382e+00 2.375849525409e+00 6.990312067003e-01)	(2.276226159427e-03 1.439868190884e-01 1.887901571577e-04)	(4.416711049246e-01 -1.410992156390e-04 1.802503207981e-01)	(1.056702134420e-03 -7.436260884900e-01 8.120880758101e-04)
19.8                	(5.763599738588e+00 2.375833522301e+00 7.124951627337e-01)	(5.763599738588e+00 2.375833522301e+00 7.124951627337e-01)	(2.402921798834e-03 5.831159062967e-02 4.182250838164e-04)	(4.824051071623e-01 -1.769351490034e-04 9.137321247211e-02)	(1.926052227022e-03 -9.482857048429e-01 -2.003536638971e-04)
19.9                	(5.812333979514e+00 2.375815204791e+00 7.179867598209e-01)	(5.812333979514e+00 2.375815204791e+00 7.179867598209e-01)	(2.625536461601e-03 -4.065137700805e-02 6.098129888372e-04)	(4.844061546776e-01 -1.896862206849e-04 2.246193587942e-02)	(2.506642786051e-03 -1.003847028722e+00 -8.864612483515e-04)
20                  	(5.858645493296e+00 2.375794895819e+00 7.177502840538e-01)	(5.858645493296e+00 2.375794895819e+00 7.177502840538e-01)	(2.901582520248e-03 -1.370456462992e-01 7.653037352339e-04)	(4.315974571719e-01 -2.228470477370e-04 -2.397603769038e-02)	(2.674497656398e-03 -8.988143916506e-01 -1.298765701047e-03)
20.1                	(5.896626330952e+00 2.375769499022e+00 7.135699235575e-01)	(5.896626330952e+00 2.375769499022e+00 7.135699235575e-01)	(3.177758224896e-03 -2.157324912162e-01 8.620086875689e-04)	(3.186719245913e-01 -2.896276985860e-04 -5.923645355292e-02)	(2.461538321337e-03 -6.543054408041e-01 -1.564765749058e-03)
20.2                	(5.920858797727e+00 2.375736678769e+00 7.056955504152e-01)	(5.920858797727e+00 2.375736678769e+00 7.056955504152e-01)	(3.397330078598e-03 -2.645377455399e-01 8.524894509676e-04)	(1.608971121459e-01 -3.617384998483e-04 -1.004572959387e-01)	(1.936385879765e-03 -3.092283096839e-01 -1.798181619807e-03)
20.3                	(5.928325342652e+00 2.375699126004e+00 6.928848366052e-01)	(5.928325342652e+00 2.375699126004e+00 6.928848366052e-01)	(3.515218243075e-03 -2.763790270312e-01 7.008687150225e-04)	(-1.119712656763e-02 -3.735440810810e-04 -1.591619702291e-01)	(1.227669031456e-03 7.053928467319e-02 -1.910996359578e-03)
20.4                	(5.919178025689e+00 2.375666560685e+00 6.732364487630e-01)	(5.919178025689e+00 2.375666560685e+00 6.732364487630e-01)	(3.526777280997e-03 -2.525752663381e-01 4.147746386632e-04)	(-1.673640977565e-01 -2.522132615251e-04 -2.361702644949e-01)	(5.345600026573e-04 3.875228091510e-01 -1.912894760309e-03)
20.5                	(5.895918980214e+00 2.375652863695e+00 6.455371476288e-01)	(5.895918980214e+00 2.375652863695e+00 6.455371476288e-01)	(3.469698111194e-03 -2.033474027368e-01 4.807170286665e-05)	(-2.921472857211e-01 -9.711760828628e-07 -3.160558744606e-01)	(2.598253047209e-05 5.726548599384e-01 -1.750645580465e-03)
20.6                	(5.861876496035e+00 2.375668224182e+00 6.109470871110e-01)	(5.861876496035e+00 2.375668224182e+00 6.109470871110e-01)	(3.395971410392e-03 -1.427079694768e-01 -3.256073350570e-04)	(-3.829746125822e-01 2.975953746614e-04 -3.682266780888e-01)	(-1.412853071171e-04 6.196304821665e-01 -1.456897442088e-03)
20.7                	(5.820339134010e+00 2.375708960575e+00 5.738093881780e-01)	(5.820339134010e+00 2.375708960575e+00 5.738093881780e-01)	(3.348365353054e-03 -8.244154836292e-02 -6.619161496121e-04)	(-4.423387323422e-01 4.994953862521e-04 -3.636418363311e-01)	(-4.338552613394e-05 5.764837753920e-01 -1.140103473975e-03)
20.8                	(5.774548872243e+00 2.375764222033e+00 5.404457455725e-01)	(5.774548872243e+00 2.375764222033e+00 5.404457455725e-01)	(3.332617962699e-03 -2.806145896988e-02 -9.365567583853e-04)	(-4.677343048156e-01 5.840375420239e-04 -2.931313842352e-01)	(4.143206014357e-06 5.122097969971e-01 -6.884939240560e-04)
20.9                	(5.728101457879e+00 2.375822001351e+00 5.170005781721e-01)	(5.728101457879e+00 2.375822001351e+00 5.170005781721e-01)	(3.322991003871e-03 2.108204205010e-02 -1.137559225182e-03)	(-4.543911286879e-01 5.537703172760e-04 -1.683714194272e-01)	(-2.278263915870e-04 4.769165595602e-01 -1.393314613373e-05)
21                  	(5.685096568200e+00 2.375872205057e+00 5.078116852107e-01)	(5.685096568200e+00 2.375872205057e+00 5.078116852107e-01)	(3.282323382241e-03 6.841028509787e-02 -1.254131087662e-03)	(-3.982584862371e-01 4.407475083465e-04 -1.246149258403e-02)	(-7.145801390935e-04 4.747689070285e-01 8.472176396897e-04)
21.1                	(5.649899138343e+00 2.375909034684e+00 5.146311305699e-01)	(5.649899138343e+00 2.375909034684e+00 5.146311305699e-01)	(3.184610473103e-03 1.161303417394e-01 -1.276383617515e-03)	(-2.991355577520e-01 2.925651208621e-04 1.468189483250e-01)	(-1.264801092932e-03 4.770748868507e-01 1.811336646027e-03)
21.2                	(5.626432078179e+00 2.375931091529e+00 5.362681214183e-01)	(5.626432078179e+00 2.375931091529e+00 5.362681214183e-01)	(3.023762949574e-03 1.626591271805e-01 -1.192265225866e-03)	(-1.654330015744e-01 1.562104588253e-04 2.789858310778e-01)	(-1.670524945366e-03 4.443893844738e-01 2.715306079996e-03)
21.3                	(5.617415817580e+00 2.375941768103e+00 5.687229658945e-01)	(5.617415817580e+00 2.375941768103e+00 5.687229658945e-01)	(2.815236267903e-03 2.026903603452e-01 -1.001539612696e-03)	(-1.317657137092e-02 6.649142524898e-05 3.606758490653e-01)	(-1.740720349072e-03 3.430336933792e-01 3.299331111604e-03)
21.4                	(5.623724491564e+00 2.375945739462e+00 6.063934801390e-01)	(5.623724491564e+00 2.375945739462e+00 6.063934801390e-01)	(2.592895601877e-03 2.283529273514e-01 -7.277038917795e-04)	(1.373138422778e-01 1.451561236884e-05 3.824286913429e-01)	(-1.456352592964e-03 1.551365046525e-01 3.347106793106e-03)
21.5                	(5.644200704701e+00 2.375944635935e+00 6.433545455865e-01)	(5.644200704701e+00 2.375944635935e+00 6.433545455865e-01)	(2.406324368806e-03 2.308962309087e-01 -4.125006247362e-04)	(2.677725229613e-01 -3.914111216910e-05 3.485777433451e-01)	(-7.858276991511e-04 -1.164169233901e-01 2.834427544873e-03)
21.6                	(5.676286244653e+00 2.375937300548e+00 6.747954568084e-01)	(5.676286244653e+00 2.375937300548e+00 6.747954568084e-01)	(2.301454896807e-03 2.034064321113e-01 -1.038446264903e-04)	(3.687625676369e-01 -1.050186548099e-04 2.754429489049e-01)	(6.262004567542e-05 -4.367083945114e-01 1.846754231586e-03)
21.7                	(5.716931565366e+00 2.375924459120e+00 6.978604354066e-01)	(5.716931565366e+00 2.375924459120e+00 6.978604354066e-01)	(2.308772682350e-03 1.442351011683e-01 1.669659461895e-04)	(4.394040633320e-01 -1.481187155283e-04 1.848025260243e-01)	(1.038706153383e-03 -7.367739600973e-01 7.829130461552e-04)
21.8                	(5.763177257535e+00 2.375907975518e+00 7.118755432604e-01)	(5.763177257535e+00 2.375907975518e+00 7.118755432604e-01)	(2.433897486199e-03 5.923253550335e-02 3.974525550223e-04)	(4.801285101344e-01 -1.788992257549e-04 9.753791200009e-02)	(1.913816758142e-03 -9.419672135213e-01 -1.749090389859e-04)
21.9                	(5.811662391302e+00 2.375889576167e+00 7.179823691668e-01)	(5.811662391302e+00 2.375889576167e+00 7.179823691668e-01)	(2.655205348944e-03 -3.921103447544e-02 5.946109315608e-04)	(4.816839494126e-01 -1.909201830661e-04 2.828011832689e-02)	(2.498573896293e-03 -1.000069349296e+00 -8.392483493360e-04)
22                  	(5.857689147036e+00 2.375868986697e+00 7.182355308833e-01)	(5.857689147036e+00 2.375868986697e+00 7.182355308833e-01)	(2.931017746024e-03 -1.354125489957e-01 7.574392189626e-04)	(4.287316457897e-01 -2.273647834250e-04 -2.024513080392e-02)	(2.666615699135e-03 -8.988533154825e-01 -1.247184146891e-03)
22.1                	(5.895414725789e+00 2.375842922967e+00 7.142858367912e-01)	(5.895414725789e+00 2.375842922967e+00 7.142858367912e-01)	(3.207365287928e-03 -2.142616066862e-01 8.624290487333e-04)	(3.164524537718e-01 -2.993324950433e-04 -5.844368771447e-02)	(2.443329669587e-03 -6.575968726224e-01 -1.510757555101e-03)
22.2                	(5.919513719373e+00 2.375808873943e+00 7.063507093836e-01)	(5.919513719373e+00 2.375808873943e+00 7.063507093836e-01)	(3.426256965346e-03 -2.634936981073e-01 8.623437306434e-04)	(1.604366066989e-01 -3.767339483993e-04 -1.023760787483e-01)	(1.893125299980e-03 -3.142728442380e-01 -1.731189558348e-03)
22.3                	(5.927032089090e+00 2.375769673612e+00 6.932577041721e-01)	(5.927032089090e+00 2.375769673612e+00 6.932577041721e-01)	(3.540820440165e-03 -2.758745810994e-01 7.193655874283e-04)	(-9.691887465273e-03 -3.909077631187e-04 -1.626017718416e-01)	(1.156969919412e-03 6.509162594516e-02 -1.863368330062e-03)
22.4                	(5.918113564596e+00 2.375735423933e+00 6.732670140180e-01)	(5.918113564596e+00 2.375735423933e+00 6.732670140180e-01)	(3.546043499973e-03 -2.525545852907e-01 4.382092667965e-04)	(-1.643893523046e-01 -2.686086434005e-04 -2.392284342998e-01)	(4.539988650670e-04 3.835997430150e-01 -1.888554934492e-03)
22.5                	(5.895202183208e+00 2.375720121433e+00 6.453600323154e-01)	(5.895202183208e+00 2.375720121433e+00 6.453600323154e-01)	(3.481790638039e-03 -2.035892912994e-01 7.336791590502e-05)	(-2.883101626991e-01 -1.583147074274e-05 -3.169259388590e-01)	(-3.969853602935e-05 5.711889935340e-01 -1.738074035548e-03)
22.6                	(5.861546401503e+00 2.375733942187e+00 6.108216429302e-01)	(5.861546401503e+00 2.375733942187e+00 6.108216429302e-01)	(3.403064133843e-03 -1.429648349082e-01 -2.994836435904e-04)	(-3.798630600353e-01 2.822047145162e-04 -3.663178756250e-01)	(-1.743949041194e-04 6.199750884734e-01 -1.446924983853e-03)
22.7                	(5.820359176694e+00 2.375773357298e+00 5.739867074717e-01)	(5.820359176694e+00 2.375773357298e+00 5.739867074717e-01)	(3.353253059502e-03 -8.259008748865e-02 -6.353077556789e-04)	(-4.389602577242e-01 4.883711824080e-04 -3.597193378090e-01)	(-5.716199051137e-05 5.779220212603e-01 -1.131798248700e-03)
22.8                	(5.774857289876e+00 2.375827667165e+00 5.410374588476e-01)	(5.774857289876e+00 2.375827667165e+00 5.410374588476e-01)	(3.336505027073e-03 -2.814322313477e-02 -9.103641096527e-04)	(-4.646553298464e-01 5.765020750618e-04 -2.890943967423e-01)	(-2.723253701737e-06 5.133436259119e-01 -6.901019707718e-04)
22.9                	(5.728647747617e+00 2.375884929009e+00 5.179237198327e-01)	(5.728647747617e+00 2.375884929009e+00 5.179237198327e-01)	(3.326536894300e-03 2.095756280932e-02 -1.112672154021e-03)	(-4.523094532154e-01 5.516759304189e-04 -1.660607512379e-01)	(-2.272331260650e-04 4.752959350190e-01 -3.503537466143e-05)
23                  	(5.685825427813e+00 2.375935221030e+00 5.088235672761e-01)	(5.685825427813e+00 2.375935221030e+00 5.088235672761e-01)	(3.286749342908e-03 6.805382992128e-02 -1.231647755388e-03)	(-3.967015508910e-01 4.441587975560e-04 -1.315246933267e-02)	(-6.981047049298e-04 4.715608493008e-01 8.042122188404e-04)
23.1                	(5.650731145933e+00 2.375972543399e+00 5.154160900862e-01)	(5.650731145933e+00 2.375972543399e+00 5.154160900862e-01)	(3.192016486782e-03 1.154210305559e-01 -1.258489046647e-03)	(-2.985834521702e-01 2.986716983498e-04 1.430002117353e-01)	(-1.231594486488e-03 4.736334874962e-01 1.743364939572e-03)
23.2                	(5.627262408842e+00 2.375995246769e+00 5.365551178961e-01)	(5.627262408842e+00 2.375995246769e+00 5.365551178961e-01)	(3.035989476788e-03 1.616532250148e-01 -1.181912769892e-03)	(-1.661624895010e-01 1.613866664333e-04 2.731393928307e-01)	(-1.631060580545e-03 4.420306438690e-01 2.628626617125e-03)
23.3                	(5.618115183821e+00 2.376006127147e+00 5.683869134818e-01)	(5.618115183821e+00 2.376006127147e+00 5.683869134818e-01)	(2.833160841525e-03 2.015505308804e-01 -1.000258496094e-03)	(-1.511605660998e-02 6.488427759424e-05 3.543934563714e-01)	(-1.704180648624e-03 3.427629296071e-01 3.215118488021e-03)
23.4                	(5.624192009003e+00 2.376009534299e+00 6.054932867894e-01)	(5.624192009003e+00 2.376009534299e+00 6.054932867894e-01)	(2.616203577946e-03 2.273090801429e-01 -7.352152003124e-04)	(1.345734159291e-01 5.207244188595e-06 3.777606271399e-01)	(-1.430055143887e-03 1.568778204943e-01 3.275766375269e-03)
23.5                	(5.644394313723e+00 2.376007328567e+00 6.421241820593e-01)	(5.644394313723e+00 2.376007328567e+00 6.421241820593e-01)	(2.433688120613e-03 2.301655458603e-01 -4.272367751846e-04)	(2.650782608258e-01 -5.083876869074e-05 3.468217347684e-01)	(-7.662021405140e-04 -1.121095096689e-01 2.784492492566e-03)
23.6                	(5.676230207956e+00 2.375998947282e+00 6.735544383514e-01)	(5.676230207956e+00 2.375998947282e+00 6.735544383514e-01)	(2.331690136507e-03 2.031989855266e-01 -1.233637679730e-04)	(3.665107129679e-01 -1.134208120673e-04 2.769394589108e-01)	(7.683618334153e-05 -4.306888996393e-01 1.816215516074e-03)
23.7                	(5.716674220322e+00 2.375985466125e+00 6.969067817931e-01)	(5.716674220322e+00 2.375985466125e+00 6.969067817931e-01)	(2.340309858927e-03 1.446623076563e-01 1.459776409872e-04)	(4.375572521182e-01 -1.507764032825e-04 1.888739144183e-01)	(1.045087595763e-03 -7.302061024754e-01 7.831671822370e-04)
23.8                	(5.762737402614e+00 2.375968870639e+00 7.114008187828e-01)	(5.762737402614e+00 2.375968870639e+00 7.114008187828e-01)	(2.465331799839e-03 6.027145393327e-02 3.793942007491e-04)	(4.782090076325e-01 -1.782844918536e-04 1.027883786318e-01)	(1.912936888679e-03 -9.365705356241e-01 -1.434414020893e-04)
23.9                	(5.811010708757e+00 2.375950587959e+00 7.180216786995e-01)	(5.811010708757e+00 2.375950587959e+00 7.180216786995e-01)	(2.685924345193e-03 -3.776088121256e-02 5.824397780315e-04)	(4.793646723410e-01 -1.900511361428e-04 3.303373053093e-02)	(2.492749651912e-03 -9.975049251686e-01 -7.968038486556e-04)
24                  	(5.856797913172e+00 2.375929973396e+00 7.186653503868e-01)	(5.856797913172e+00 2.375929973396e+00 7.186653503868e-01)	(2.961287624057e-03 -1.338762608733e-01 7.520675148965e-04)	(4.263151664028e-01 -2.289228694207e-04 -1.738332635534e-02)	(2.654620190382e-03 -8.997644281932e-01 -1.208657410338e-03)
24.1                	(5.894316511072e+00 2.375903655252e+00 7.148829003849e-01)	(5.894316511072e+00 2.375903655252e+00 7.148829003849e-01)	(3.236770468407e-03 -2.129582852877e-01 8.640392724420e-04)	(3.148962218304e-01 -3.031987427465e-04 -5.800365463481e-02)	(2.415124794224e-03 -6.608703234488e-01 -1.472721729179e-03)
24.2                	(5.918320939419e+00 2.375869078907e+00 7.068732497301e-01)	(5.918320939419e+00 2.375869078907e+00 7.068732497301e-01)	(3.453433489703e-03 -2.626075981586e-01 8.711424578179e-04)	(1.602512407869e-01 -3.834467281997e-04 -1.041879823704e-01)	(1.841976488429e-03 -3.190873041701e-01 -1.688552387449e-03)
24.3                	(5.925902880602e+00 2.375829126978e+00 6.935281761696e-01)	(5.925902880602e+00 2.375829126978e+00 6.935281761696e-01)	(3.563453776593e-03 -2.754791957885e-01 7.341771887010e-04)	(-8.258647485809e-03 -3.992788466966e-04 -1.655788376576e-01)	(1.084084691569e-03 6.041725071976e-02 -1.835815068966e-03)
24.4                	(5.917201279735e+00 2.375794008485e+00 6.732500831202e-01)	(5.917201279735e+00 2.375794008485e+00 6.732500831202e-01)	(3.561839214642e-03 -2.525505720190e-01 4.560774979124e-04)	(-1.615546452734e-01 -2.777317299126e-04 -2.417191914456e-01)	(3.753114928728e-04 3.804998338826e-01 -1.876642507424e-03)
24.5                	(5.894601833806e+00 2.375777787456e+00 6.451777190338e-01)	(5.894601833806e+00 2.375777787456e+00 6.451777190338e-01)	(3.490282425089e-03 -2.037852946782e-01 9.177360933582e-05)	(-2.849507806200e-01 -2.488674934747e-05 -3.175504698964e-01)	(-1.047404210663e-04 5.702420538069e-01 -1.737739425752e-03)
24.6                	(5.861281427105e+00 2.375790498958e+00 6.106946471289e-01)	(5.861281427105e+00 2.375790498958e+00 6.106946471289e-01)	(3.406408518107e-03 -1.431658358328e-01 -2.816447641880e-04)	(-3.760729029746e-01 2.707220823153e-04 -3.645986516359e-01)	(-2.108148233717e-04 6.215154675383e-01 -1.442878418653e-03)
24.7                	(5.820402653708e+00 2.375828880189e+00 5.741203038785e-01)	(5.820402653708e+00 2.375828880189e+00 5.741203038785e-01)	(3.353910335826e-03 -8.264388268389e-02 -6.175813272639e-04)	(-4.367386541383e-01 4.789252057849e-04 -3.563980412629e-01)	(-7.489497998686e-05 5.782731341986e-01 -1.130403038916e-03)
24.8                	(5.775139544326e+00 2.375882315441e+00 5.415185497596e-01)	(5.775139544326e+00 2.375882315441e+00 5.415185497596e-01)	(3.335975476009e-03 -2.819162444565e-02 -8.926314578404e-04)	(-4.625207510112e-01 5.687473961098e-04 -2.857468279222e-01)	(-8.220129368508e-06 5.129139876691e-01 -6.930161993161e-04)
24.9                	(5.729116825811e+00 2.375938969644e+00 5.186765490782e-01)	(5.729116825811e+00 2.375938969644e+00 5.186765490782e-01)	(3.326258383646e-03 2.076991165888e-02 -1.095288615286e-03)	(-4.506941302539e-01 5.474805166582e-04 -1.641963520950e-01)	(-2.161923050457e-04 4.731337056497e-01 -4.937392286294e-05)
25                  	(5.686429989380e+00 2.375989077048e+00 5.096448698363e-01)	(5.686429989380e+00 2.375989077048e+00 5.096448698363e-01)	(3.288664693283e-03 6.760213334679e-02 -1.215605867496e-03)	(-3.956653595929e-01 4.440910485392e-04 -1.374391218026e-02)	(-6.652566152242e-04 4.685154018376e-01 7.704174223011e-04)
25.1                	(5.651404307373e+00 2.376026513306e+00 5.160496299346e-01)	(5.651404307373e+00 2.376026513306e+00 5.160496299346e-01)	(3.198555403082e-03 1.146669093000e-01 -1.246069349559e-03)	(-2.982612743181e-01 3.007739197365e-04 1.399551600416e-01)	(-1.181213362741e-03 4.711641475571e-01 1.683828383320e-03)
25.2                	(5.627904498667e+00 2.376049424694e+00 5.367832689272e-01)	(5.627904498667e+00 2.376049424694e+00 5.367832689272e-01)	(3.048940246940e-03 1.607101803441e-01 -1.176660751781e-03)	(-1.670672829946e-01 1.621499436257e-04 2.682470972030e-01)	(-1.575922763634e-03 4.407910590982e-01 2.550229775905e-03)
25.3                	(5.618615005863e+00 2.376060083667e+00 5.680994256917e-01)	(5.618615005863e+00 2.376060083667e+00 5.680994256917e-01)	(2.852954294705e-03 2.005932626946e-01 -1.003508081648e-03)	(-1.700922416833e-02 5.936306377531e-05 3.492394461618e-01)	(-1.658165517489e-03 3.437171873711e-01 3.142932403158e-03)
25.4                	(5.624471495337e+00 2.376062614139e+00 6.047441013509e-01)	(5.624471495337e+00 2.376062614139e+00 6.047441013509e-01)	(2.641648690684e-03 2.265546871741e-01 -7.459222680243e-04)	(1.321805767330e-01 -6.517551079798e-06 3.739551784278e-01)	(-1.400420672031e-03 1.603036342125e-01 3.226636066659e-03)
25.5                	(5.644431721145e+00 2.376059146100e+00 6.411065708670e-01)	(5.644431721145e+00 2.376059146100e+00 6.411065708670e-01)	(2.462642307849e-03 2.298016819222e-01 -4.431489880953e-04)	(2.627353966387e-01 -6.322359372780e-05 3.453980522665e-01)	(-7.512991724885e-04 -1.074908340412e-01 2.756577034429e-03)
25.6                	(5.676054374324e+00 2.376049738092e+00 6.725294860833e-01)	(5.676054374324e+00 2.376049738092e+00 6.725294860833e-01)	(2.361939504197e-03 2.033461939687e-01 -1.410929069811e-04)	(3.646173943221e-01 -1.218787810474e-04 2.781774534497e-01)	(7.896900506176e-05 -4.252017430792e-01 1.814017541153e-03)
25.7                	(5.716331460266e+00 2.376035699128e+00 6.961152961535e-01)	(5.716331460266e+00 2.376035699128e+00 6.961152961535e-01)	(2.369643404902e-03 1.453559987076e-01 1.298112258276e-04)	(4.360569731410e-01 -1.534970200743e-04 1.921475569208e-01)	(1.032682599211e-03 -7.249936280725e-01 8.075142902231e-04)
25.8                	(5.762245510987e+00 2.376019045559e+00 7.109911219424e-01)	(5.762245510987e+00 2.376019045559e+00 7.109911219424e-01)	(2.492377739160e-03 6.142616582444e-02 3.681855383648e-04)	(4.766683385175e-01 -1.772017814801e-04 1.069291745352e-01)	(1.893461367004e-03 -9.328080708077e-01 -9.623285395306e-05)
25.9                	(5.810351805058e+00 2.376000917150e+00 7.180143781327e-01)	(5.810351805058e+00 2.376000917150e+00 7.180143781327e-01)	(2.710468744921e-03 -3.635593271803e-02 5.782000882003e-04)	(4.775607619337e-01 -1.885136169693e-04 3.673397825585e-02)	(2.469822958242e-03 -9.964045778239e-01 -7.452183701711e-04)
26                  	(5.855954804962e+00 2.375980398503e+00 7.189617701170e-01)	(5.855954804962e+00 2.375980398503e+00 7.189617701170e-01)	(2.983814664011e-03 -1.325042087184e-01 7.548380184532e-04)	(4.245773516598e-01 -2.288934838435e-04 -1.512085258555e-02)	(2.629233110111e-03 -9.013001257637e-01 -1.167769835794e-03)
26.1                	(5.893322486951e+00 2.375954007131e+00 7.153081337893e-01)	(5.893322486951e+00 2.375954007131e+00 7.153081337893e-01)	(3.257164451374e-03 -2.118359898991e-01 8.729013471630e-04)	(3.137259589262e-01 -3.050613427802e-04 -5.771461935301e-02)	(2.378497339578e-03 -6.642697132805e-01 -1.441543346574e-03)
26.2                	(5.917268904249e+00 2.375919170572e+00 7.072361158485e-01)	(5.917268904249e+00 2.375919170572e+00 7.072361158485e-01)	(3.470647594071e-03 -2.618724290311e-01 8.854309572682e-04)	(1.602366392915e-01 -3.866713501867e-04 -1.056394090755e-01)	(1.788703613545e-03 -3.232947691229e-01 -1.661111882702e-03)
26.3                	(5.924922371361e+00 2.375878836043e+00 6.936975633336e-01)	(5.924922371361e+00 2.375878836043e+00 6.936975633336e-01)	(3.575653628137e-03 -2.751563290884e-01 7.525888158985e-04)	(-6.862869151632e-03 -4.037155925925e-04 -1.678155217573e-01)	(1.015690359858e-03 5.659580166582e-02 -1.820253785702e-03)
26.4                	(5.916410412958e+00 2.375843245147e+00 6.732068646651e-01)	(5.916410412958e+00 2.375843245147e+00 6.732068646651e-01)	(3.567657591538e-03 -2.525436806105e-01 4.762968838791e-04)	(-1.592137964094e-01 -2.829371435909e-04 -2.435107207749e-01)	(3.075562400352e-04 3.781145606235e-01 -1.876315191077e-03)
26.5                	(5.894068243014e+00 2.375826397450e+00 6.450259048272e-01)	(5.894068243014e+00 2.375826397450e+00 6.450259048272e-01)	(3.489961352172e-03 -2.039247748751e-01 1.116499695266e-04)	(-2.822405577325e-01 -3.171267488490e-05 -3.177990873254e-01)	(-1.546887887606e-04 5.698256437822e-01 -1.749081663617e-03)
26.6                	(5.861017117755e+00 2.375838181025e+00 6.106138750866e-01)	(5.861017117755e+00 2.375838181025e+00 6.106138750866e-01)	(3.402574823060e-03 -1.432881172711e-01 -2.632389637821e-04)	(-3.735947077102e-01 2.609387924211e-04 -3.630236039545e-01)	(-2.275193483758e-04 6.221442732241e-01 -1.460263626014e-03)
26.7                	(5.820374717382e+00 2.375875662410e+00 5.742682192051e-01)	(5.820374717382e+00 2.375875662410e+00 5.742682192051e-01)	(3.349506941451e-03 -8.271527258067e-02 -6.005476285408e-04)	(-4.340871796127e-01 4.706172686554e-04 -3.536482792567e-01)	(-6.820647601197e-05 5.793309385176e-01 -1.142786960222e-03)
26.8                	(5.775306280464e+00 2.375928343870e+00 5.419471065698e-01)	(5.775306280464e+00 2.375928343870e+00 5.419471065698e-01)	(3.333122473038e-03 -2.823212330247e-02 -8.770529205016e-04)	(-4.612330593579e-01 5.625455868496e-04 -2.831143382394e-01)	(1.581802706290e-05 5.118384734658e-01 -7.102109714939e-04)
26.9                	(5.729424004453e+00 2.375984605797e+00 5.193122405526e-01)	(5.729424004453e+00 2.375984605797e+00 5.193122405526e-01)	(3.326426791403e-03 2.058580819985e-02 -1.080641853756e-03)	(-4.494708308639e-01 5.457322851830e-04 -1.628587854061e-01)	(-1.794768616791e-04 4.712271104079e-01 -6.435392659283e-05)
27                  	(5.686836425010e+00 2.376034665689e+00 5.103170693098e-01)	(5.686836425010e+00 2.376034665689e+00 5.103170693098e-01)	(3.293239709348e-03 6.718118773541e-02 -1.201949677972e-03)	(-3.945627760189e-01 4.451962853993e-04 -1.437480521173e-02)	(-6.146223296640e-04 4.666696622490e-01 7.507232098566e-04)
27.1                	(5.651862462020e+00 2.376072204331e+00 5.165495208237e-01)	(5.651862462020e+00 2.376072204331e+00 5.165495208237e-01)	(3.208874365076e-03 1.140843184835e-01 -1.235325032181e-03)	(-2.981568258157e-01 3.012790859382e-04 1.372109786960e-01)	(-1.123751041061e-03 4.696885609812e-01 1.640171121885e-03)
27.2                	(5.628333425203e+00 2.376095012506e+00 5.369352824659e-01)	(5.628333425203e+00 2.376095012506e+00 5.369352824659e-01)	(3.065805479008e-03 1.600563993043e-01 -1.171978176920e-03)	(-1.683076206344e-01 1.578058541707e-04 2.640651462610e-01)	(-1.522180618699e-03 4.405239088302e-01 2.484456782537e-03)
27.3                	(5.618928165120e+00 2.376104914802e+00 5.678239073921e-01)	(5.618928165120e+00 2.376104914802e+00 5.678239073921e-01)	(2.875888525387e-03 1.999919191614e-01 -1.006037904452e-03)	(-1.848398898175e-02 4.820507982769e-05 3.450832053156e-01)	(-1.620349953421e-03 3.450328791782e-01 3.087076056728e-03)
27.4                	(5.624610285143e+00 2.376106042964e+00 6.041056644657e-01)	(5.624610285143e+00 2.376106042964e+00 6.041056644657e-01)	(2.668717569169e-03 2.261287057669e-01 -7.543390988119e-04)	(1.303133417860e-01 -2.216468007719e-05 3.709722142490e-01)	(-1.383296851859e-03 1.627001571190e-01 3.191823819823e-03)
27.5                	(5.644386171077e+00 2.376100932472e+00 6.402759642691e-01)	(5.644386171077e+00 2.376100932472e+00 6.402759642691e-01)	(2.491314139951e-03 2.296567444181e-01 -4.554861004572e-04)	(2.609145347347e-01 -7.913241860863e-05 3.445565024215e-01)	(-7.538639296099e-04 -1.047578562693e-01 2.731710419028e-03)
27.6                	(5.675849516697e+00 2.376090199202e+00 6.717279991656e-01)	(5.675849516697e+00 2.376090199202e+00 6.717279991656e-01)	(2.389890252099e-03 2.035450592361e-01 -1.546769387756e-04)	(3.632379706281e-01 -1.333324442501e-04 2.795420928247e-01)	(6.207475365244e-05 -4.214082545308e-01 1.813863651427e-03)
27.7                	(5.716006879031e+00 2.376075302836e+00 6.955338252364e-01)	(5.716006879031e+00 2.376075302836e+00 6.955338252364e-01)	(2.394762754349e-03 1.459432969584e-01 1.173585559837e-04)	(4.349879079343e-01 -1.591520029335e-04 1.950217028572e-01)	(9.993216804817e-04 -7.212561404052e-01 8.147330267290e-04)
27.8                	(5.761813001498e+00 2.376058374055e+00 7.107313993687e-01)	(5.761813001498e+00 2.376058374055e+00 7.107313993687e-01)	(2.513158660602e-03 6.234965118210e-02 3.580280226628e-04)	(4.755217172186e-01 -1.771848406884e-04 1.103032772371e-01)	(1.848241579550e-03 -9.300336689348e-01 -7.827224558022e-05)
27.9                	(5.809790182896e+00 2.376040381430e+00 7.180730903522e-01)	(5.809790182896e+00 2.376040381430e+00 7.180730903522e-01)	(2.726233870643e-03 -3.524096453960e-02 5.717022481631e-04)	(4.761343988060e-01 -1.860895045893e-04 3.958041401641e-02)	(2.421828588344e-03 -9.953506095475e-01 -7.170763338503e-04)
28                  	(5.855244908546e+00 2.376020085598e+00 7.192408215125e-01)	(5.855244908546e+00 2.376020085598e+00 7.192408215125e-01)	(2.995153127350e-03 -1.313888571487e-01 7.523625906735e-04)	(4.230698523946e-01 -2.275572283264e-04 -1.368654800717e-02)	(2.586881366666e-03 -9.025015296501e-01 -1.140655692685e-03)
