                 0.1	   6.999866566015e-01  -1.334339847059e-05
0.2	   6.999544273662e-01  -4.557263380756e-05
0.3	   7.000363982160e-01   3.639821599510e-05
0.4	   7.003797134185e-01   3.797134185288e-04
0.5	   7.010180755307e-01   1.018075530664e-03
0.6	   7.018227195931e-01   1.822719593052e-03
0.7	   7.025802894417e-01   2.580289441685e-03
0.8	   7.031092847802e-01   3.109284780199e-03
0.9	   7.031380246175e-01   3.138024617482e-03
1	   7.022519301046e-01   2.251930104551e-03
1.1	   7.001442276808e-01   1.442276807844e-04
1.2	   6.969984141922e-01  -3.001585807795e-03
1.3	   6.937457590630e-01  -6.254240937036e-03
1.4	   6.916818546146e-01  -8.318145385382e-03
1.5	   6.919224749854e-01  -8.077525014559e-03
1.6	   6.949200754572e-01  -5.079924542785e-03
1.7	   7.003147670625e-01   3.147670624513e-04
1.8	   7.069198766131e-01   6.919876613071e-03
1.9	   7.128052879948e-01   1.280528799484e-02
2	   7.154865571216e-01   1.548655712158e-02
2.1	   7.131396106008e-01   1.313961060076e-02
2.2	   7.058010803977e-01   5.801080397733e-03
2.3	   6.956431978480e-01  -4.356802151983e-03
2.4	   6.861153726853e-01  -1.388462731468e-02
2.5	   6.803770097295e-01  -1.962299027050e-02
2.6	   6.803579845416e-01  -1.964201545841e-02
2.7	   6.865021436625e-01  -1.349785633754e-02
2.8	   6.980971748847e-01  -1.902825115269e-03
2.9	   7.124616134217e-01   1.246161342171e-02
3	   7.252029449904e-01   2.520294499042e-02
3.1	   7.307826755189e-01   3.078267551885e-02
3.2	   7.259939827434e-01   2.599398274344e-02
3.3	   7.121376382503e-01   1.213763825034e-02
3.4	   6.942750579972e-01  -5.724942002771e-03
3.5	   6.783224103915e-01  -2.167758960846e-02
3.6	   6.686891538245e-01  -3.131084617549e-02
3.7	   6.678372817223e-01  -3.216271827774e-02
3.8	   6.766111923389e-01  -2.338880766106e-02
3.9	   6.940655111942e-01  -5.934488805827e-03
4	   7.169345762236e-01   1.693457622358e-02
4.1	   7.380878190794e-01   3.808781907942e-02
4.2	   7.473804418164e-01   4.738044181637e-02
4.3	   7.394389467411e-01   3.943894674110e-02
4.4	   7.185517345248e-01   1.855173452476e-02
4.5	   6.934542881930e-01  -6.545711807024e-03
4.6	   6.718633608320e-01  -2.813663916802e-02
4.7	   6.589426661219e-01  -4.105733387809e-02
4.8	   6.572392571845e-01  -4.276074281546e-02
4.9	   6.677182355971e-01  -3.228176440289e-02
5	   6.899175866018e-01  -1.008241339817e-02
5.1	   7.207795651608e-01   2.077956516083e-02
5.2	   7.507537205495e-01   5.075372054949e-02
5.3	   7.639446026742e-01   6.394460267424e-02
5.4	   7.528223067469e-01   5.282230674694e-02
5.5	   7.249498628905e-01   2.494986289045e-02
5.6	   6.927963652598e-01  -7.203634740157e-03
5.7	   6.658204696892e-01  -3.417953031079e-02
5.8	   6.494506443930e-01  -5.054935560703e-02
5.9	   6.462932615575e-01  -5.370673844253e-02
6	   6.575194506788e-01  -4.248054932120e-02
6.1	   6.836469879052e-01  -1.635301209477e-02
6.2	   7.226856769380e-01   2.268567693803e-02
6.3	   7.631699710110e-01   6.316997101096e-02
6.4	   7.813535866020e-01   8.135358660203e-02
6.5	   7.664824454465e-01   6.648244544652e-02
6.6	   7.312807521277e-01   3.128075212765e-02
6.7	   6.925037243727e-01  -7.496275627332e-03
6.8	   6.606789746896e-01  -3.932102531042e-02
6.9	   6.415358393818e-01  -5.846416061816e-02
7	   6.373740002496e-01  -6.262599975041e-02
7.1	   6.495276646332e-01  -5.047233536681e-02
7.2	   6.790676597647e-01  -2.093234023528e-02
7.3	   7.253860402590e-01   2.538604025898e-02
7.4	   7.760440851444e-01   7.604408514441e-02
7.5	   7.981639364882e-01   9.816393648821e-02
7.6	   7.782345582060e-01   7.823455820595e-02
7.7	   7.350555902509e-01   3.505559025089e-02
7.8	   6.896796195704e-01  -1.032038042960e-02
7.9	   6.536807999976e-01  -4.631920000242e-02
8	   6.323431982685e-01  -6.765680173155e-02
8.1	   6.274424577066e-01  -7.255754229344e-02
8.2	   6.402392561161e-01  -5.976074388392e-02
8.3	   6.725972280567e-01  -2.740277194332e-02
8.4	   7.252601725433e-01   2.526017254326e-02
8.5	   7.862845697610e-01   8.628456976095e-02
8.6	   8.130029905213e-01   1.130029905213e-01
8.7	   7.882117155300e-01   8.821171552997e-02
8.8	   7.380589199454e-01   3.805891994541e-02
8.9	   6.880692595843e-01  -1.193074041574e-02
9	   6.497717505919e-01  -5.022824940811e-02
9.1	   6.276205067254e-01  -7.237949327458e-02
9.2	   6.228562772276e-01  -7.714372277237e-02
9.3	   6.361365037805e-01  -6.386349621954e-02
9.4	   6.689093780942e-01  -3.109062190584e-02
9.5	   7.213378645964e-01   2.133786459642e-02
9.6	   7.824542105281e-01   8.245421052807e-02
9.7	   8.123954311895e-01   1.123954311895e-01
9.8	   7.911939080949e-01   9.119390809491e-02
9.9	   7.419912678411e-01   4.199126784110e-02
10	   6.911451970658e-01  -8.854802934207e-03
10.1	   6.515389646953e-01  -4.846103530474e-02
10.2	   6.282743124550e-01  -7.172568754504e-02
10.3	   6.228442221843e-01  -7.715577781570e-02
10.4	   6.355690684219e-01  -6.443093157814e-02
10.5	   6.674613974120e-01  -3.253860258805e-02
10.6	   7.182765064440e-01   1.827650644402e-02
10.7	   7.786000701403e-01   7.860007014029e-02
10.8	   8.118955942471e-01   1.118955942471e-01
10.9	   7.951224341117e-01   9.512243411167e-02
11	   7.474825155143e-01   4.748251551434e-02
11.1	   6.958541582647e-01  -4.145841735301e-03
11.2	   6.546442589149e-01  -4.535574108514e-02
11.3	   6.296007868432e-01  -7.039921315677e-02
11.4	   6.226529632256e-01  -7.734703677437e-02
11.5	   6.340415231775e-01  -6.595847682254e-02
11.6	   6.645382607584e-01  -3.546173924164e-02
11.7	   7.138400560591e-01   1.384005605911e-02
11.8	   7.738354888695e-01   7.383548886948e-02
11.9	   8.108174951136e-01   1.108174951136e-01
12	   7.986367786108e-01   9.863677861077e-02
12.1	   7.529860259842e-01   5.298602598420e-02
12.2	   7.009327184317e-01   9.327184317089e-04
12.3	   6.582272120130e-01  -4.177278798697e-02
12.4	   6.313306843912e-01  -6.866931560883e-02
12.5	   6.226527853155e-01  -7.734721468445e-02
12.6	   6.324580628912e-01  -6.754193710875e-02
12.7	   6.613642368541e-01  -3.863576314592e-02
12.8	   7.091200852592e-01   9.120085259208e-03
12.9	   7.686234827352e-01   6.862348273516e-02
13	   8.093309531333e-01   1.093309531333e-01
13.1	   8.018244236991e-01   1.018244236991e-01
13.2	   7.583746295249e-01   5.837462952489e-02
13.3	   7.060358966699e-01   6.035896669913e-03
13.4	   6.618705563386e-01  -3.812944366139e-02
13.5	   6.331386897217e-01  -6.686131027830e-02
13.6	   6.226694041106e-01  -7.733059588942e-02
13.7	   6.308223249188e-01  -6.917767508124e-02
13.8	   6.580929383836e-01  -4.190706161637e-02
13.9	   7.043190868872e-01   4.319086887242e-03
14	   7.633422287591e-01   6.334222875906e-02
14.1	   8.075645661833e-01   1.075645661833e-01
14.2	   8.047505656508e-01   1.047505656508e-01
14.3	   7.637033616634e-01   6.370336166335e-02
14.4	   7.112442312290e-01   1.124423122903e-02
14.5	   6.656819235528e-01  -3.431807644724e-02
14.6	   6.351402752206e-01  -6.485972477942e-02
14.7	   6.228138687238e-01  -7.718613127620e-02
14.8	   6.292174635387e-01  -7.078253646126e-02
14.9	   6.547656097552e-01  -4.523439024476e-02
15	   6.993631639351e-01  -6.368360648666e-04
15.1	   7.579500080530e-01   5.795000805303e-02
15.2	   8.053212495964e-01   1.053212495964e-01
15.3	   8.072920271097e-01   1.072920271097e-01
15.4	   7.688649865115e-01   6.886498651152e-02
15.5	   7.164799997202e-01   1.647999972018e-02
15.6	   6.696738031657e-01  -3.032619683431e-02
15.7	   6.373650419460e-01  -6.263495805400e-02
15.8	   6.231449282845e-01  -7.685507171545e-02
15.9	   6.277362896191e-01  -7.226371038094e-02
16	   6.515039214603e-01  -4.849607853971e-02
16.1	   6.943696788042e-01  -5.630321195789e-03
16.2	   7.523188792191e-01   5.231887921907e-02
16.3	   8.024578407823e-01   1.024578407823e-01
16.4	   8.093996665559e-01   1.093996665559e-01
16.5	   7.738982489986e-01   7.389824899864e-02
16.6	   7.218026372273e-01   2.180263722727e-02
16.7	   6.738807788038e-01  -2.611922119620e-02
16.8	   6.398400414449e-01  -6.015995855514e-02
16.9	   6.237182537998e-01  -7.628174620020e-02
17	   6.264430641047e-01  -7.355693589526e-02
17.1	   6.483249158884e-01  -5.167508411162e-02
17.2	   6.893627305415e-01  -1.063726945851e-02
17.3	   7.463481570122e-01   4.634815701224e-02
17.4	   7.989429148743e-01   9.894291487430e-02
17.5	   8.108993778256e-01   1.108993778256e-01
17.6	   7.786761414755e-01   7.867614147547e-02
17.7	   7.271354839456e-01   2.713548394557e-02
17.8	   6.782291789727e-01  -2.177082102726e-02
17.9	   6.425228847907e-01  -5.747711520933e-02
18	   6.245102203744e-01  -7.548977962560e-02
18.1	   6.253466786030e-01  -7.465332139702e-02
18.2	   6.452935424276e-01  -5.470645757241e-02
18.3	   6.845136465913e-01  -1.548635340869e-02
18.4	   7.403116044144e-01   4.031160441436e-02
18.5	   7.949451688522e-01   9.494516885224e-02
18.6	   8.119262020595e-01   1.119262020595e-01
18.7	   7.832445137014e-01   8.324451370137e-02
18.8	   7.324982532722e-01   3.249825327220e-02
18.9	   6.827241051045e-01  -1.727589489551e-02
19	   6.454051161451e-01  -5.459488385488e-02
19.1	   6.255046032489e-01  -7.449539675111e-02
19.2	   6.244528789796e-01  -7.554712102044e-02
19.3	   6.424506335608e-01  -5.754936643917e-02
19.4	   6.798416324015e-01  -2.015836759849e-02
19.5	   7.343747402259e-01   3.437474022585e-02
19.6	   7.905793520464e-01   9.057935204638e-02
19.7	   8.125033041039e-01   1.125033041039e-01
19.8	   7.875865323061e-01   8.758653230607e-02
19.9	   7.378264750123e-01   3.782647501233e-02
20	   6.872923699989e-01  -1.270763000112e-02
20.1	   6.484329093098e-01  -5.156709069023e-02
20.2	   6.266695991509e-01  -7.333040084908e-02
20.3	   6.237224099270e-01  -7.627759007298e-02
20.4	   6.397812914394e-01  -6.021870856063e-02
20.5	   6.753092338401e-01  -2.469076615991e-02
20.6	   7.285223155074e-01   2.852231550735e-02
20.7	   7.859974325082e-01   8.599743250822e-02
20.8	   8.126066944293e-01   1.126066944293e-01
20.9	   7.916843991777e-01   9.168439917772e-02
21	   7.431501066714e-01   4.315010667140e-02
21.1	   6.919722486882e-01  -8.027751311787e-03
21.2	   6.516404057228e-01  -4.835959427717e-02
21.3	   6.280267207359e-01  -7.197327926406e-02
21.4	   6.231988928638e-01  -7.680110713621e-02
21.5	   6.373661188536e-01  -6.263388114644e-02
21.6	   6.710029907745e-01  -2.899700922548e-02
21.7	   7.227015378102e-01   2.270153781017e-02
21.8	   7.812100306076e-01   8.121003060762e-02
21.9	   8.122282752795e-01   1.122282752795e-01
22	   7.955417588953e-01   9.554175889527e-02
22.1	   7.484629790011e-01   4.846297900106e-02
22.2	   6.967373823394e-01  -3.262617660562e-03
22.3	   6.549903253375e-01  -4.500967466250e-02
22.4	   6.295446562250e-01  -7.045534377499e-02
22.5	   6.228337453126e-01  -7.716625468736e-02
22.6	   6.351109882622e-01  -6.488901173782e-02
22.7	   6.668102727787e-01  -3.318972722127e-02
22.8	   7.169072123775e-01   1.690721237755e-02
22.9	   7.760526553110e-01   7.605265531098e-02
23	   8.113846747185e-01   1.113846747185e-01
23.1	   7.991167314548e-01   9.911673145478e-02
23.2	   7.537934744720e-01   5.379347447200e-02
23.3	   7.016549889407e-01   1.654988940742e-03
23.4	   6.585269417334e-01  -4.147305826657e-02
23.5	   6.312555151021e-01  -6.874448489791e-02
23.6	   6.226387775721e-01  -7.736122242788e-02
23.7	   6.330175974395e-01  -6.698240256046e-02
23.8	   6.627630838449e-01  -3.723691615510e-02
23.9	   7.112148635032e-01   1.121486350322e-02
24	   7.704634152581e-01   7.046341525812e-02
24.1	   8.100127396051e-01   1.100127396051e-01
24.2	   8.023041814383e-01   1.023041814383e-01
24.3	   7.590617791818e-01   5.906177918177e-02
24.4	   7.066849175198e-01   6.684917519756e-03
24.5	   6.622218717908e-01  -3.777812820919e-02
24.6	   6.331698938482e-01  -6.683010615183e-02
24.7	   6.226566204303e-01  -7.734337956973e-02
24.8	   6.311368574591e-01  -6.886314254090e-02
24.9	   6.589470206400e-01  -4.105297936003e-02
25	   7.056921329351e-01   5.692132935103e-03
25.1	   7.646376816891e-01   6.463768168906e-02
25.2	   8.081250739749e-01   1.081250739749e-01
25.3	   8.050896945072e-01   1.050896945072e-01
25.4	   7.641809359250e-01   6.418093592497e-02
25.5	   7.117514327883e-01   1.175143278832e-02
25.6	   6.660301298917e-01  -3.396987010831e-02
25.7	   6.352644717657e-01  -6.473552823433e-02
25.8	   6.228397474554e-01  -7.716025254464e-02
25.9	   6.293888965190e-01  -7.061110348104e-02
26	   6.552494593824e-01  -4.475054061757e-02
26.1	   7.002042206947e-01   2.042206946973e-04
26.2	   7.587941108925e-01   5.879411089251e-02
26.3	   8.056946493729e-01   1.056946493729e-01
26.4	   8.074977503454e-01   1.074977503454e-01
26.5	   7.691907115006e-01   6.919071150061e-02
26.6	   7.168888202097e-01   1.688882020970e-02
26.7	   6.700273078513e-01  -2.997269214869e-02
26.8	   6.375627072759e-01  -6.243729272408e-02
26.9	   6.232198342745e-01  -7.678016572550e-02
27	   6.278368634377e-01  -7.216313656233e-02
27.1	   6.517625716447e-01  -4.823742835531e-02
27.2	   6.948642537507e-01  -5.135746249312e-03
27.3	   7.528898690934e-01   5.288986909337e-02
27.4	   8.027370457253e-01   1.027370457253e-01
27.5	   8.095009954912e-01   1.095009954912e-01
27.6	   7.740786339779e-01   7.407863397790e-02
27.7	   7.220831466949e-01   2.208314669489e-02
27.8	   6.741743765712e-01  -2.582562342881e-02
27.9	   6.400477688044e-01  -5.995223119564e-02
28	   6.238378546593e-01  -7.616214534067e-02
