                 0.1	(   5.750000000000e+00   3.500000000000e+00  6.999866566015e-01) 
0.2	(   5.750000000000e+00   3.500000000000e+00  6.999544273662e-01) 
0.3	(   5.750000000000e+00   3.500000000000e+00  7.000363982160e-01) 
0.4	(   5.750000000000e+00   3.500000000000e+00  7.003797134185e-01) 
0.5	(   5.750000000000e+00   3.500000000000e+00  7.010180755307e-01) 
0.6	(   5.750000000000e+00   3.500000000000e+00  7.018227195931e-01) 
0.7	(   5.750000000000e+00   3.500000000000e+00  7.025802894417e-01) 
0.8	(   5.750000000000e+00   3.500000000000e+00  7.031092847802e-01) 
0.9	(   5.750000000000e+00   3.500000000000e+00  7.031380246175e-01) 
1	(   5.750000000000e+00   3.500000000000e+00  7.022519301046e-01) 
1.1	(   5.750000000000e+00   3.500000000000e+00  7.001442276808e-01) 
1.2	(   5.750000000000e+00   3.500000000000e+00  6.969984141922e-01) 
1.3	(   5.750000000000e+00   3.500000000000e+00  6.937457590630e-01) 
1.4	(   5.750000000000e+00   3.500000000000e+00  6.916818546146e-01) 
1.5	(   5.750000000000e+00   3.500000000000e+00  6.919224749854e-01) 
1.6	(   5.750000000000e+00   3.500000000000e+00  6.949200754572e-01) 
1.7	(   5.750000000000e+00   3.500000000000e+00  7.003147670625e-01) 
1.8	(   5.750000000000e+00   3.500000000000e+00  7.069198766131e-01) 
1.9	(   5.750000000000e+00   3.500000000000e+00  7.128052879948e-01) 
2	(   5.750000000000e+00   3.500000000000e+00  7.154865571216e-01) 
2.1	(   5.750000000000e+00   3.500000000000e+00  7.131396106008e-01) 
2.2	(   5.750000000000e+00   3.500000000000e+00  7.058010803977e-01) 
2.3	(   5.750000000000e+00   3.500000000000e+00  6.956431978480e-01) 
2.4	(   5.750000000000e+00   3.500000000000e+00  6.861153726853e-01) 
2.5	(   5.750000000000e+00   3.500000000000e+00  6.803770097295e-01) 
2.6	(   5.750000000000e+00   3.500000000000e+00  6.803579845416e-01) 
2.7	(   5.750000000000e+00   3.500000000000e+00  6.865021436625e-01) 
2.8	(   5.750000000000e+00   3.500000000000e+00  6.980971748847e-01) 
2.9	(   5.750000000000e+00   3.500000000000e+00  7.124616134217e-01) 
3	(   5.750000000000e+00   3.500000000000e+00  7.252029449904e-01) 
3.1	(   5.750000000000e+00   3.500000000000e+00  7.307826755189e-01) 
3.2	(   5.750000000000e+00   3.500000000000e+00  7.259939827434e-01) 
3.3	(   5.750000000000e+00   3.500000000000e+00  7.121376382503e-01) 
3.4	(   5.750000000000e+00   3.500000000000e+00  6.942750579972e-01) 
3.5	(   5.750000000000e+00   3.500000000000e+00  6.783224103915e-01) 
3.6	(   5.750000000000e+00   3.500000000000e+00  6.686891538245e-01) 
3.7	(   5.750000000000e+00   3.500000000000e+00  6.678372817223e-01) 
3.8	(   5.750000000000e+00   3.500000000000e+00  6.766111923389e-01) 
3.9	(   5.750000000000e+00   3.500000000000e+00  6.940655111942e-01) 
4	(   5.750000000000e+00   3.500000000000e+00  7.169345762236e-01) 
4.1	(   5.750000000000e+00   3.500000000000e+00  7.380878190794e-01) 
4.2	(   5.750000000000e+00   3.500000000000e+00  7.473804418164e-01) 
4.3	(   5.750000000000e+00   3.500000000000e+00  7.394389467411e-01) 
4.4	(   5.750000000000e+00   3.500000000000e+00  7.185517345248e-01) 
4.5	(   5.750000000000e+00   3.500000000000e+00  6.934542881930e-01) 
4.6	(   5.750000000000e+00   3.500000000000e+00  6.718633608320e-01) 
4.7	(   5.750000000000e+00   3.500000000000e+00  6.589426661219e-01) 
4.8	(   5.750000000000e+00   3.500000000000e+00  6.572392571845e-01) 
4.9	(   5.750000000000e+00   3.500000000000e+00  6.677182355971e-01) 
5	(   5.750000000000e+00   3.500000000000e+00  6.899175866018e-01) 
5.1	(   5.750000000000e+00   3.500000000000e+00  7.207795651608e-01) 
5.2	(   5.750000000000e+00   3.500000000000e+00  7.507537205495e-01) 
5.3	(   5.750000000000e+00   3.500000000000e+00  7.639446026742e-01) 
5.4	(   5.750000000000e+00   3.500000000000e+00  7.528223067469e-01) 
5.5	(   5.750000000000e+00   3.500000000000e+00  7.249498628905e-01) 
5.6	(   5.750000000000e+00   3.500000000000e+00  6.927963652598e-01) 
5.7	(   5.750000000000e+00   3.500000000000e+00  6.658204696892e-01) 
5.8	(   5.750000000000e+00   3.500000000000e+00  6.494506443930e-01) 
5.9	(   5.750000000000e+00   3.500000000000e+00  6.462932615575e-01) 
6	(   5.750000000000e+00   3.500000000000e+00  6.575194506788e-01) 
6.1	(   5.750000000000e+00   3.500000000000e+00  6.836469879052e-01) 
6.2	(   5.750000000000e+00   3.500000000000e+00  7.226856769380e-01) 
6.3	(   5.750000000000e+00   3.500000000000e+00  7.631699710110e-01) 
6.4	(   5.750000000000e+00   3.500000000000e+00  7.813535866020e-01) 
6.5	(   5.750000000000e+00   3.500000000000e+00  7.664824454465e-01) 
6.6	(   5.750000000000e+00   3.500000000000e+00  7.312807521277e-01) 
6.7	(   5.750000000000e+00   3.500000000000e+00  6.925037243727e-01) 
6.8	(   5.750000000000e+00   3.500000000000e+00  6.606789746896e-01) 
6.9	(   5.750000000000e+00   3.500000000000e+00  6.415358393818e-01) 
7	(   5.750000000000e+00   3.500000000000e+00  6.373740002496e-01) 
7.1	(   5.750000000000e+00   3.500000000000e+00  6.495276646332e-01) 
7.2	(   5.750000000000e+00   3.500000000000e+00  6.790676597647e-01) 
7.3	(   5.750000000000e+00   3.500000000000e+00  7.253860402590e-01) 
7.4	(   5.750000000000e+00   3.500000000000e+00  7.760440851444e-01) 
7.5	(   5.750000000000e+00   3.500000000000e+00  7.981639364882e-01) 
7.6	(   5.750000000000e+00   3.500000000000e+00  7.782345582060e-01) 
7.7	(   5.750000000000e+00   3.500000000000e+00  7.350555902509e-01) 
7.8	(   5.750000000000e+00   3.500000000000e+00  6.896796195704e-01) 
7.9	(   5.750000000000e+00   3.500000000000e+00  6.536807999976e-01) 
8	(   5.750000000000e+00   3.500000000000e+00  6.323431982685e-01) 
8.1	(   5.750000000000e+00   3.500000000000e+00  6.274424577066e-01) 
8.2	(   5.750000000000e+00   3.500000000000e+00  6.402392561161e-01) 
8.3	(   5.750000000000e+00   3.500000000000e+00  6.725972280567e-01) 
8.4	(   5.750000000000e+00   3.500000000000e+00  7.252601725433e-01) 
8.5	(   5.750000000000e+00   3.500000000000e+00  7.862845697610e-01) 
8.6	(   5.750000000000e+00   3.500000000000e+00  8.130029905213e-01) 
8.7	(   5.750000000000e+00   3.500000000000e+00  7.882117155300e-01) 
8.8	(   5.750000000000e+00   3.500000000000e+00  7.380589199454e-01) 
8.9	(   5.750000000000e+00   3.500000000000e+00  6.880692595843e-01) 
9	(   5.750000000000e+00   3.500000000000e+00  6.497717505919e-01) 
9.1	(   5.750000000000e+00   3.500000000000e+00  6.276205067254e-01) 
9.2	(   5.750000000000e+00   3.500000000000e+00  6.228562772276e-01) 
9.3	(   5.750000000000e+00   3.500000000000e+00  6.361365037805e-01) 
9.4	(   5.750000000000e+00   3.500000000000e+00  6.689093780942e-01) 
9.5	(   5.750000000000e+00   3.500000000000e+00  7.213378645964e-01) 
9.6	(   5.750000000000e+00   3.500000000000e+00  7.824542105281e-01) 
9.7	(   5.750000000000e+00   3.500000000000e+00  8.123954311895e-01) 
9.8	(   5.750000000000e+00   3.500000000000e+00  7.911939080949e-01) 
9.9	(   5.750000000000e+00   3.500000000000e+00  7.419912678411e-01) 
10	(   5.750000000000e+00   3.500000000000e+00  6.911451970658e-01) 
10.1	(   5.750000000000e+00   3.500000000000e+00  6.515389646953e-01) 
10.2	(   5.750000000000e+00   3.500000000000e+00  6.282743124550e-01) 
10.3	(   5.750000000000e+00   3.500000000000e+00  6.228442221843e-01) 
10.4	(   5.750000000000e+00   3.500000000000e+00  6.355690684219e-01) 
10.5	(   5.750000000000e+00   3.500000000000e+00  6.674613974120e-01) 
10.6	(   5.750000000000e+00   3.500000000000e+00  7.182765064440e-01) 
10.7	(   5.750000000000e+00   3.500000000000e+00  7.786000701403e-01) 
10.8	(   5.750000000000e+00   3.500000000000e+00  8.118955942471e-01) 
10.9	(   5.750000000000e+00   3.500000000000e+00  7.951224341117e-01) 
11	(   5.750000000000e+00   3.500000000000e+00  7.474825155143e-01) 
11.1	(   5.750000000000e+00   3.500000000000e+00  6.958541582647e-01) 
11.2	(   5.750000000000e+00   3.500000000000e+00  6.546442589149e-01) 
11.3	(   5.750000000000e+00   3.500000000000e+00  6.296007868432e-01) 
11.4	(   5.750000000000e+00   3.500000000000e+00  6.226529632256e-01) 
11.5	(   5.750000000000e+00   3.500000000000e+00  6.340415231775e-01) 
11.6	(   5.750000000000e+00   3.500000000000e+00  6.645382607584e-01) 
11.7	(   5.750000000000e+00   3.500000000000e+00  7.138400560591e-01) 
11.8	(   5.750000000000e+00   3.500000000000e+00  7.738354888695e-01) 
11.9	(   5.750000000000e+00   3.500000000000e+00  8.108174951136e-01) 
12	(   5.750000000000e+00   3.500000000000e+00  7.986367786108e-01) 
12.1	(   5.750000000000e+00   3.500000000000e+00  7.529860259842e-01) 
12.2	(   5.750000000000e+00   3.500000000000e+00  7.009327184317e-01) 
12.3	(   5.750000000000e+00   3.500000000000e+00  6.582272120130e-01) 
12.4	(   5.750000000000e+00   3.500000000000e+00  6.313306843912e-01) 
12.5	(   5.750000000000e+00   3.500000000000e+00  6.226527853155e-01) 
12.6	(   5.750000000000e+00   3.500000000000e+00  6.324580628912e-01) 
12.7	(   5.750000000000e+00   3.500000000000e+00  6.613642368541e-01) 
12.8	(   5.750000000000e+00   3.500000000000e+00  7.091200852592e-01) 
12.9	(   5.750000000000e+00   3.500000000000e+00  7.686234827352e-01) 
13	(   5.750000000000e+00   3.500000000000e+00  8.093309531333e-01) 
13.1	(   5.750000000000e+00   3.500000000000e+00  8.018244236991e-01) 
13.2	(   5.750000000000e+00   3.500000000000e+00  7.583746295249e-01) 
13.3	(   5.750000000000e+00   3.500000000000e+00  7.060358966699e-01) 
13.4	(   5.750000000000e+00   3.500000000000e+00  6.618705563386e-01) 
13.5	(   5.750000000000e+00   3.500000000000e+00  6.331386897217e-01) 
13.6	(   5.750000000000e+00   3.500000000000e+00  6.226694041106e-01) 
13.7	(   5.750000000000e+00   3.500000000000e+00  6.308223249188e-01) 
13.8	(   5.750000000000e+00   3.500000000000e+00  6.580929383836e-01) 
13.9	(   5.750000000000e+00   3.500000000000e+00  7.043190868872e-01) 
14	(   5.750000000000e+00   3.500000000000e+00  7.633422287591e-01) 
14.1	(   5.750000000000e+00   3.500000000000e+00  8.075645661833e-01) 
14.2	(   5.750000000000e+00   3.500000000000e+00  8.047505656508e-01) 
14.3	(   5.750000000000e+00   3.500000000000e+00  7.637033616634e-01) 
14.4	(   5.750000000000e+00   3.500000000000e+00  7.112442312290e-01) 
14.5	(   5.750000000000e+00   3.500000000000e+00  6.656819235528e-01) 
14.6	(   5.750000000000e+00   3.500000000000e+00  6.351402752206e-01) 
14.7	(   5.750000000000e+00   3.500000000000e+00  6.228138687238e-01) 
14.8	(   5.750000000000e+00   3.500000000000e+00  6.292174635387e-01) 
14.9	(   5.750000000000e+00   3.500000000000e+00  6.547656097552e-01) 
15	(   5.750000000000e+00   3.500000000000e+00  6.993631639351e-01) 
15.1	(   5.750000000000e+00   3.500000000000e+00  7.579500080530e-01) 
15.2	(   5.750000000000e+00   3.500000000000e+00  8.053212495964e-01) 
15.3	(   5.750000000000e+00   3.500000000000e+00  8.072920271097e-01) 
15.4	(   5.750000000000e+00   3.500000000000e+00  7.688649865115e-01) 
15.5	(   5.750000000000e+00   3.500000000000e+00  7.164799997202e-01) 
15.6	(   5.750000000000e+00   3.500000000000e+00  6.696738031657e-01) 
15.7	(   5.750000000000e+00   3.500000000000e+00  6.373650419460e-01) 
15.8	(   5.750000000000e+00   3.500000000000e+00  6.231449282845e-01) 
15.9	(   5.750000000000e+00   3.500000000000e+00  6.277362896191e-01) 
16	(   5.750000000000e+00   3.500000000000e+00  6.515039214603e-01) 
16.1	(   5.750000000000e+00   3.500000000000e+00  6.943696788042e-01) 
16.2	(   5.750000000000e+00   3.500000000000e+00  7.523188792191e-01) 
16.3	(   5.750000000000e+00   3.500000000000e+00  8.024578407823e-01) 
16.4	(   5.750000000000e+00   3.500000000000e+00  8.093996665559e-01) 
16.5	(   5.750000000000e+00   3.500000000000e+00  7.738982489986e-01) 
16.6	(   5.750000000000e+00   3.500000000000e+00  7.218026372273e-01) 
16.7	(   5.750000000000e+00   3.500000000000e+00  6.738807788038e-01) 
16.8	(   5.750000000000e+00   3.500000000000e+00  6.398400414449e-01) 
16.9	(   5.750000000000e+00   3.500000000000e+00  6.237182537998e-01) 
17	(   5.750000000000e+00   3.500000000000e+00  6.264430641047e-01) 
17.1	(   5.750000000000e+00   3.500000000000e+00  6.483249158884e-01) 
17.2	(   5.750000000000e+00   3.500000000000e+00  6.893627305415e-01) 
17.3	(   5.750000000000e+00   3.500000000000e+00  7.463481570122e-01) 
17.4	(   5.750000000000e+00   3.500000000000e+00  7.989429148743e-01) 
17.5	(   5.750000000000e+00   3.500000000000e+00  8.108993778256e-01) 
17.6	(   5.750000000000e+00   3.500000000000e+00  7.786761414755e-01) 
17.7	(   5.750000000000e+00   3.500000000000e+00  7.271354839456e-01) 
17.8	(   5.750000000000e+00   3.500000000000e+00  6.782291789727e-01) 
17.9	(   5.750000000000e+00   3.500000000000e+00  6.425228847907e-01) 
18	(   5.750000000000e+00   3.500000000000e+00  6.245102203744e-01) 
18.1	(   5.750000000000e+00   3.500000000000e+00  6.253466786030e-01) 
18.2	(   5.750000000000e+00   3.500000000000e+00  6.452935424276e-01) 
18.3	(   5.750000000000e+00   3.500000000000e+00  6.845136465913e-01) 
18.4	(   5.750000000000e+00   3.500000000000e+00  7.403116044144e-01) 
18.5	(   5.750000000000e+00   3.500000000000e+00  7.949451688522e-01) 
18.6	(   5.750000000000e+00   3.500000000000e+00  8.119262020595e-01) 
18.7	(   5.750000000000e+00   3.500000000000e+00  7.832445137014e-01) 
18.8	(   5.750000000000e+00   3.500000000000e+00  7.324982532722e-01) 
18.9	(   5.750000000000e+00   3.500000000000e+00  6.827241051045e-01) 
19	(   5.750000000000e+00   3.500000000000e+00  6.454051161451e-01) 
19.1	(   5.750000000000e+00   3.500000000000e+00  6.255046032489e-01) 
19.2	(   5.750000000000e+00   3.500000000000e+00  6.244528789796e-01) 
19.3	(   5.750000000000e+00   3.500000000000e+00  6.424506335608e-01) 
19.4	(   5.750000000000e+00   3.500000000000e+00  6.798416324015e-01) 
19.5	(   5.750000000000e+00   3.500000000000e+00  7.343747402259e-01) 
19.6	(   5.750000000000e+00   3.500000000000e+00  7.905793520464e-01) 
19.7	(   5.750000000000e+00   3.500000000000e+00  8.125033041039e-01) 
19.8	(   5.750000000000e+00   3.500000000000e+00  7.875865323061e-01) 
19.9	(   5.750000000000e+00   3.500000000000e+00  7.378264750123e-01) 
20	(   5.750000000000e+00   3.500000000000e+00  6.872923699989e-01) 
20.1	(   5.750000000000e+00   3.500000000000e+00  6.484329093098e-01) 
20.2	(   5.750000000000e+00   3.500000000000e+00  6.266695991509e-01) 
20.3	(   5.750000000000e+00   3.500000000000e+00  6.237224099270e-01) 
20.4	(   5.750000000000e+00   3.500000000000e+00  6.397812914394e-01) 
20.5	(   5.750000000000e+00   3.500000000000e+00  6.753092338401e-01) 
20.6	(   5.750000000000e+00   3.500000000000e+00  7.285223155074e-01) 
20.7	(   5.750000000000e+00   3.500000000000e+00  7.859974325082e-01) 
20.8	(   5.750000000000e+00   3.500000000000e+00  8.126066944293e-01) 
20.9	(   5.750000000000e+00   3.500000000000e+00  7.916843991777e-01) 
21	(   5.750000000000e+00   3.500000000000e+00  7.431501066714e-01) 
21.1	(   5.750000000000e+00   3.500000000000e+00  6.919722486882e-01) 
21.2	(   5.750000000000e+00   3.500000000000e+00  6.516404057228e-01) 
21.3	(   5.750000000000e+00   3.500000000000e+00  6.280267207359e-01) 
21.4	(   5.750000000000e+00   3.500000000000e+00  6.231988928638e-01) 
21.5	(   5.750000000000e+00   3.500000000000e+00  6.373661188536e-01) 
21.6	(   5.750000000000e+00   3.500000000000e+00  6.710029907745e-01) 
21.7	(   5.750000000000e+00   3.500000000000e+00  7.227015378102e-01) 
21.8	(   5.750000000000e+00   3.500000000000e+00  7.812100306076e-01) 
21.9	(   5.750000000000e+00   3.500000000000e+00  8.122282752795e-01) 
22	(   5.750000000000e+00   3.500000000000e+00  7.955417588953e-01) 
22.1	(   5.750000000000e+00   3.500000000000e+00  7.484629790011e-01) 
22.2	(   5.750000000000e+00   3.500000000000e+00  6.967373823394e-01) 
22.3	(   5.750000000000e+00   3.500000000000e+00  6.549903253375e-01) 
22.4	(   5.750000000000e+00   3.500000000000e+00  6.295446562250e-01) 
22.5	(   5.750000000000e+00   3.500000000000e+00  6.228337453126e-01) 
22.6	(   5.750000000000e+00   3.500000000000e+00  6.351109882622e-01) 
22.7	(   5.750000000000e+00   3.500000000000e+00  6.668102727787e-01) 
22.8	(   5.750000000000e+00   3.500000000000e+00  7.169072123775e-01) 
22.9	(   5.750000000000e+00   3.500000000000e+00  7.760526553110e-01) 
23	(   5.750000000000e+00   3.500000000000e+00  8.113846747185e-01) 
23.1	(   5.750000000000e+00   3.500000000000e+00  7.991167314548e-01) 
23.2	(   5.750000000000e+00   3.500000000000e+00  7.537934744720e-01) 
23.3	(   5.750000000000e+00   3.500000000000e+00  7.016549889407e-01) 
23.4	(   5.750000000000e+00   3.500000000000e+00  6.585269417334e-01) 
23.5	(   5.750000000000e+00   3.500000000000e+00  6.312555151021e-01) 
23.6	(   5.750000000000e+00   3.500000000000e+00  6.226387775721e-01) 
23.7	(   5.750000000000e+00   3.500000000000e+00  6.330175974395e-01) 
23.8	(   5.750000000000e+00   3.500000000000e+00  6.627630838449e-01) 
23.9	(   5.750000000000e+00   3.500000000000e+00  7.112148635032e-01) 
24	(   5.750000000000e+00   3.500000000000e+00  7.704634152581e-01) 
24.1	(   5.750000000000e+00   3.500000000000e+00  8.100127396051e-01) 
24.2	(   5.750000000000e+00   3.500000000000e+00  8.023041814383e-01) 
24.3	(   5.750000000000e+00   3.500000000000e+00  7.590617791818e-01) 
24.4	(   5.750000000000e+00   3.500000000000e+00  7.066849175198e-01) 
24.5	(   5.750000000000e+00   3.500000000000e+00  6.622218717908e-01) 
24.6	(   5.750000000000e+00   3.500000000000e+00  6.331698938482e-01) 
24.7	(   5.750000000000e+00   3.500000000000e+00  6.226566204303e-01) 
24.8	(   5.750000000000e+00   3.500000000000e+00  6.311368574591e-01) 
24.9	(   5.750000000000e+00   3.500000000000e+00  6.589470206400e-01) 
25	(   5.750000000000e+00   3.500000000000e+00  7.056921329351e-01) 
25.1	(   5.750000000000e+00   3.500000000000e+00  7.646376816891e-01) 
25.2	(   5.750000000000e+00   3.500000000000e+00  8.081250739749e-01) 
25.3	(   5.750000000000e+00   3.500000000000e+00  8.050896945072e-01) 
25.4	(   5.750000000000e+00   3.500000000000e+00  7.641809359250e-01) 
25.5	(   5.750000000000e+00   3.500000000000e+00  7.117514327883e-01) 
25.6	(   5.750000000000e+00   3.500000000000e+00  6.660301298917e-01) 
25.7	(   5.750000000000e+00   3.500000000000e+00  6.352644717657e-01) 
25.8	(   5.750000000000e+00   3.500000000000e+00  6.228397474554e-01) 
25.9	(   5.750000000000e+00   3.500000000000e+00  6.293888965190e-01) 
26	(   5.750000000000e+00   3.500000000000e+00  6.552494593824e-01) 
26.1	(   5.750000000000e+00   3.500000000000e+00  7.002042206947e-01) 
26.2	(   5.750000000000e+00   3.500000000000e+00  7.587941108925e-01) 
26.3	(   5.750000000000e+00   3.500000000000e+00  8.056946493729e-01) 
26.4	(   5.750000000000e+00   3.500000000000e+00  8.074977503454e-01) 
26.5	(   5.750000000000e+00   3.500000000000e+00  7.691907115006e-01) 
26.6	(   5.750000000000e+00   3.500000000000e+00  7.168888202097e-01) 
26.7	(   5.750000000000e+00   3.500000000000e+00  6.700273078513e-01) 
26.8	(   5.750000000000e+00   3.500000000000e+00  6.375627072759e-01) 
26.9	(   5.750000000000e+00   3.500000000000e+00  6.232198342745e-01) 
27	(   5.750000000000e+00   3.500000000000e+00  6.278368634377e-01) 
27.1	(   5.750000000000e+00   3.500000000000e+00  6.517625716447e-01) 
27.2	(   5.750000000000e+00   3.500000000000e+00  6.948642537507e-01) 
27.3	(   5.750000000000e+00   3.500000000000e+00  7.528898690934e-01) 
27.4	(   5.750000000000e+00   3.500000000000e+00  8.027370457253e-01) 
27.5	(   5.750000000000e+00   3.500000000000e+00  8.095009954912e-01) 
27.6	(   5.750000000000e+00   3.500000000000e+00  7.740786339779e-01) 
27.7	(   5.750000000000e+00   3.500000000000e+00  7.220831466949e-01) 
27.8	(   5.750000000000e+00   3.500000000000e+00  6.741743765712e-01) 
27.9	(   5.750000000000e+00   3.500000000000e+00  6.400477688044e-01) 
28	(   5.750000000000e+00   3.500000000000e+00  6.238378546593e-01) 
