                 0.1	   7.000356180503e-01   3.561805034613e-05
0.2	   7.000713215487e-01   7.132154874911e-05
0.3	   7.001011487295e-01   1.011487294577e-04
0.4	   7.001142005362e-01   1.142005362382e-04
0.5	   7.000826786186e-01   8.267861861022e-05
0.6	   6.999765434989e-01  -2.345650105040e-05
0.7	   6.997883720432e-01  -2.116279567754e-04
0.8	   6.995475586199e-01  -4.524413800828e-04
0.9	   6.993120612468e-01  -6.879387531507e-04
1	   6.991501050099e-01  -8.498949901488e-04
1.1	   6.991130634272e-01  -8.869365727515e-04
1.2	   6.992304123474e-01  -7.695876526410e-04
1.3	   6.995063429831e-01  -4.936570169480e-04
1.4	   6.999283596726e-01  -7.164032739637e-05
1.5	   7.004631917229e-01   4.631917229481e-04
1.6	   7.010460601926e-01   1.046060192552e-03
1.7	   7.015798815761e-01   1.579881576124e-03
1.8	   7.019445433186e-01   1.944543318623e-03
1.9	   7.019993785192e-01   1.999378519188e-03
2	   7.016282981535e-01   1.628298153548e-03
2.1	   7.007829746452e-01   7.829746451966e-04
2.2	   6.995444948420e-01  -4.555051580406e-04
2.3	   6.981559505981e-01  -1.844049401890e-03
2.4	   6.969901322792e-01  -3.009867720820e-03
2.5	   6.964586751526e-01  -3.541324847354e-03
2.6	   6.968898954024e-01  -3.110104597592e-03
2.7	   6.984081582390e-01  -1.591841761017e-03
2.8	   7.007888820392e-01   7.888820391730e-04
2.9	   7.034747779962e-01   3.474777996245e-03
3	   7.056452048004e-01   5.645204800352e-03
3.1	   7.064497299227e-01   6.449729922700e-03
3.2	   7.053399153313e-01   5.339915331268e-03
3.3	   7.023832046343e-01   2.383204634302e-03
3.4	   6.983535531355e-01  -1.646446864497e-03
3.5	   6.944488236717e-01  -5.551176328311e-03
3.6	   6.919145687486e-01  -8.085431251424e-03
3.7	   6.916595685506e-01  -8.340431449362e-03
3.8	   6.940395350686e-01  -5.960464931431e-03
3.9	   6.986864111060e-01  -1.313588893973e-03
4	   7.044579841834e-01   4.457984183355e-03
4.1	   7.096239983584e-01   9.623998358442e-03
4.2	   7.122924501882e-01   1.229245018818e-02
4.3	   7.111349895860e-01   1.113498958599e-02
4.4	   7.062777218086e-01   6.277721808585e-03
4.5	   6.992845659554e-01  -7.154340446103e-04
4.6	   6.924096931998e-01  -7.590306800154e-03
4.7	   6.877681171617e-01  -1.223188283835e-02
4.8	   6.867376029144e-01  -1.326239708565e-02
4.9	   6.899217182967e-01  -1.007828170332e-02
5	   6.968301403447e-01  -3.169859655345e-03
5.1	   7.057481587601e-01   5.748158760055e-03
5.2	   7.140243838814e-01   1.402438388137e-02
5.3	   7.185049162067e-01   1.850491620674e-02
5.4	   7.171574536251e-01   1.715745362509e-02
5.5	   7.102809023765e-01   1.028090237648e-02
5.6	   7.002992762689e-01   2.992762688550e-04
5.7	   6.904936436039e-01  -9.506356396075e-03
5.8	   6.836876436810e-01  -1.631235631904e-02
5.9	   6.817300913847e-01  -1.826990861534e-02
6	   6.854229382580e-01  -1.457706174198e-02
6.1	   6.943413955022e-01  -5.658604497770e-03
6.2	   7.063459317798e-01   6.345931779837e-03
6.3	   7.178824299837e-01   1.788242998371e-02
6.4	   7.243319849974e-01   2.433198499744e-02
6.5	   7.227678012325e-01   2.276780123253e-02
6.6	   7.138238732336e-01   1.382387323361e-02
6.7	   7.010072548687e-01   1.007254868738e-03
6.8	   6.885387448601e-01  -1.146125513987e-02
6.9	   6.797703478126e-01  -2.022965218741e-02
7	   6.769315575497e-01  -2.306844245027e-02
7.1	   6.809992782805e-01  -1.900072171948e-02
7.2	   6.916178021484e-01  -8.382197851648e-03
7.3	   7.065008945288e-01   6.500894528836e-03
7.4	   7.213006684530e-01   2.130066845298e-02
7.5	   7.298954593201e-01   2.989545932006e-02
7.6	   7.284007651052e-01   2.840076510525e-02
7.7	   7.177217554290e-01   1.772175542895e-02
7.8	   7.023713115236e-01   2.371311523619e-03
7.9	   6.874766434733e-01  -1.252335652670e-02
8	   6.768680502591e-01  -2.313194974086e-02
8.1	   6.731056157387e-01  -2.689438426134e-02
8.2	   6.773909191496e-01  -2.260908085035e-02
8.3	   6.894934648860e-01  -1.050653511398e-02
8.4	   7.070809472734e-01   7.080947273402e-03
8.5	   7.250272784352e-01   2.502727843521e-02
8.6	   7.357286964831e-01   3.572869648312e-02
8.7	   7.343075662111e-01   3.430756621111e-02
8.8	   7.219315278165e-01   2.193152781651e-02
8.9	   7.041485146628e-01   4.148514662804e-03
9	   6.868887177924e-01  -1.311128220763e-02
9.1	   6.744141079612e-01  -2.558589203884e-02
9.2	   6.694938996589e-01  -3.050610034109e-02
9.3	   6.734525418636e-01  -2.654745813636e-02
9.4	   6.861692711426e-01  -1.383072885744e-02
9.5	   7.053921248188e-01   5.392124818784e-03
9.6	   7.255584211402e-01   2.555842114016e-02
9.7	   7.381773476745e-01   3.817734767446e-02
9.8	   7.375982895755e-01   3.759828957550e-02
9.9	   7.250118858209e-01   2.501188582089e-02
10	   7.064452689889e-01   6.445268988907e-03
10.1	   6.881515423866e-01  -1.184845761342e-02
10.2	   6.746486052495e-01  -2.535139475047e-02
10.3	   6.688110251773e-01  -3.118897482275e-02
10.4	   6.720525671612e-01  -2.794743283880e-02
10.5	   6.843317085728e-01  -1.566829142724e-02
10.6	   7.034613702424e-01   3.461370242383e-03
10.7	   7.239257585586e-01   2.392575855862e-02
10.8	   7.373256697353e-01   3.732566973535e-02
10.9	   7.378686142829e-01   3.786861428289e-02
11	   7.263516168094e-01   2.635161680941e-02
11.1	   7.084321984491e-01   8.432198449089e-03
11.2	   6.901883421361e-01  -9.811657863945e-03
11.3	   6.762769496414e-01  -2.372305035865e-02
11.4	   6.696840391888e-01  -3.031596081122e-02
11.5	   6.719682553137e-01  -2.803174468627e-02
11.6	   6.832347209788e-01  -1.676527902125e-02
11.7	   7.014959215504e-01   1.495921550443e-03
11.8	   7.215998048739e-01   2.159980487386e-02
11.9	   7.355647982633e-01   3.556479826330e-02
12	   7.374437049972e-01   3.744370499718e-02
12.1	   7.273672340949e-01   2.736723409487e-02
12.2	   7.104086973344e-01   1.040869733443e-02
12.3	   6.924282218150e-01  -7.571778184988e-03
12.4	   6.782212867767e-01  -2.177871322334e-02
12.5	   6.709024043319e-01  -2.909759566809e-02
12.6	   6.721884876378e-01  -2.781151236220e-02
12.7	   6.823444902657e-01  -1.765550973428e-02
12.8	   6.996169740890e-01  -3.830259109516e-04
12.9	   7.192513588771e-01   1.925135887707e-02
13	   7.336896554242e-01   3.368965542416e-02
13.1	   7.368101900510e-01   3.681019005104e-02
13.2	   7.281169299445e-01   2.811692994450e-02
13.3	   7.121330430648e-01   1.213304306484e-02
13.4	   6.944964706958e-01  -5.503529304229e-03
13.5	   6.801081480553e-01  -1.989185194472e-02
13.6	   6.721912852870e-01  -2.780871471305e-02
13.7	   6.725875434025e-01  -2.741245659752e-02
13.8	   6.816983398599e-01  -1.830166014009e-02
13.9	   6.979893698144e-01  -2.010630185624e-03
14	   7.170964708232e-01   1.709647082324e-02
14.1	   7.318986210579e-01   3.189862105791e-02
14.2	   7.361311105978e-01   3.613111059783e-02
14.3	   7.287277801952e-01   2.872778019523e-02
14.4	   7.136709299613e-01   1.367092996134e-02
14.5	   6.964008376133e-01  -3.599162386732e-03
14.6	   6.818706769702e-01  -1.812932302982e-02
14.7	   6.734103638759e-01  -2.658963612409e-02
14.8	   6.729684227239e-01  -2.703157727606e-02
14.9	   6.810692916330e-01  -1.893070836697e-02
15	   6.963853585932e-01  -3.614641406797e-03
15.1	   7.149364174422e-01   1.493641744218e-02
15.2	   7.300485934311e-01   3.004859343109e-02
15.3	   7.353414718323e-01   3.534147183229e-02
15.4	   7.292290559039e-01   2.922905590395e-02
15.5	   7.151309872019e-01   1.513098720189e-02
15.6	   6.982757374475e-01  -1.724262552501e-03
15.7	   6.836327143190e-01  -1.636728568097e-02
15.8	   6.746403281975e-01  -2.535967180252e-02
15.9	   6.733572769161e-01  -2.664272308394e-02
16	   6.804377144531e-01  -1.956228554691e-02
16.1	   6.947700485995e-01  -5.229951400489e-03
16.2	   7.127455125011e-01   1.274551250107e-02
16.3	   7.281334273380e-01   2.813342733799e-02
16.4	   7.344704154265e-01   3.447041542647e-02
16.5	   7.296531976551e-01   2.965319765513e-02
16.6	   7.165500324285e-01   1.655003242850e-02
16.7	   7.001600689851e-01   1.600689850687e-04
16.8	   6.854275153072e-01  -1.457248469276e-02
16.9	   6.759044435848e-01  -2.409555641517e-02
17	   6.737737802692e-01  -2.622621973076e-02
17.1	   6.798288372324e-01  -2.017116276756e-02
17.2	   6.931745330976e-01  -6.825466902417e-03
17.3	   7.105625253357e-01   1.056252533566e-02
17.4	   7.261860102695e-01   2.618601026948e-02
17.5	   7.335429084533e-01   3.354290845325e-02
17.6	   7.300177242098e-01   3.001772420978e-02
17.7	   7.179259761567e-01   1.792597615666e-02
17.8	   7.020241348867e-01   2.024134886740e-03
17.9	   6.872163722717e-01  -1.278362772833e-02
18	   6.771731725349e-01  -2.282682746509e-02
18.1	   6.742108940624e-01  -2.578910593756e-02
18.2	   6.792636883217e-01  -2.073631167834e-02
18.3	   6.916550974077e-01  -8.344902592255e-03
18.4	   7.084640814619e-01   8.464081461932e-03
18.5	   7.242764243764e-01   2.427642437644e-02
18.6	   7.325968199827e-01   3.259681998269e-02
18.7	   7.303292114211e-01   3.032921142115e-02
18.8	   7.192474826979e-01   1.924748269794e-02
18.9	   7.038520161230e-01   3.852016122976e-03
19	   6.889875600118e-01  -1.101243998823e-02
19.1	   6.784418109459e-01  -2.155818905410e-02
19.2	   6.746657281682e-01  -2.533427183181e-02
19.3	   6.787336305615e-01  -2.126636943852e-02
19.4	   6.901798434921e-01  -9.820156507879e-03
19.5	   7.063947802316e-01   6.394780231579e-03
19.6	   7.223427420991e-01   2.234274209913e-02
19.7	   7.315841833161e-01   3.158418331614e-02
19.8	   7.305639220475e-01   3.056392204752e-02
19.9	   7.205052966684e-01   2.050529666842e-02
20	   7.056376825357e-01   5.637682535652e-03
20.1	   6.907411406532e-01  -9.258859346778e-03
20.2	   6.797215107390e-01  -2.027848926105e-02
20.3	   6.751609275517e-01  -2.483907244827e-02
20.4	   6.782761896204e-01  -2.172381037964e-02
20.5	   6.888033337205e-01  -1.119666627952e-02
20.6	   7.044160827633e-01   4.416082763280e-03
20.7	   7.204376270701e-01   2.043762707013e-02
20.8	   7.305312021052e-01   3.053120210518e-02
20.9	   7.307149249205e-01   3.071492492054e-02
21	   7.216745189684e-01   2.167451896843e-02
21.1	   7.073606984724e-01   7.360698472423e-03
21.2	   6.924700098103e-01  -7.529990189653e-03
21.3	   6.810127144532e-01  -1.898728554682e-02
21.4	   6.756986042057e-01  -2.430139579432e-02
21.5	   6.778900460058e-01  -2.210995399418e-02
21.6	   6.875118243886e-01  -1.248817561140e-02
21.7	   7.025158087424e-01   2.515808742374e-03
21.8	   7.185530490872e-01   1.855304908715e-02
21.9	   7.294297528869e-01   2.942975288693e-02
22	   7.307789705432e-01   3.077897054317e-02
22.1	   7.227606633912e-01   2.276066339122e-02
22.2	   7.090363510710e-01   9.036351070953e-03
22.3	   6.941927568935e-01  -5.807243106525e-03
22.4	   6.823311216454e-01  -1.766887835464e-02
22.5	   6.762886423702e-01  -2.371135762978e-02
22.6	   6.775767735515e-01  -2.242322644852e-02
22.7	   6.862998365625e-01  -1.370016343749e-02
22.8	   7.006725993881e-01   6.725993881245e-04
22.9	   7.166621413538e-01   1.666214135377e-02
23	   7.282612316038e-01   2.826123160383e-02
23.1	   7.307491383484e-01   3.074913834836e-02
23.2	   7.237632169689e-01   2.376321696890e-02
23.3	   7.106469495989e-01   1.064694959891e-02
23.4	   6.958842372716e-01  -4.115762728388e-03
23.5	   6.836545023811e-01  -1.634549761894e-02
23.6	   6.769181130747e-01  -2.308188692528e-02
23.7	   6.773336443967e-01  -2.266635560331e-02
23.8	   6.851761160382e-01  -1.482388396181e-02
23.9	   6.989046636039e-01  -1.095336396078e-03
24	   7.147935663412e-01   1.479356634117e-02
24.1	   7.270483183399e-01   2.704831833991e-02
24.2	   7.306376053927e-01   3.063760539270e-02
24.3	   7.246919056059e-01   2.469190560589e-02
24.4	   7.122116193388e-01   1.221161933882e-02
24.5	   6.975709666278e-01  -2.429033372245e-03
24.6	   6.850079761496e-01  -1.499202385041e-02
24.7	   6.776047747219e-01  -2.239522527813e-02
24.8	   6.771688933570e-01  -2.283110664300e-02
24.9	   6.841458476036e-01  -1.585415239640e-02
25	   6.972315600785e-01  -2.768439921459e-03
25.1	   7.129715166707e-01   1.297151667066e-02
25.2	   7.258059559447e-01   2.580595594466e-02
25.3	   7.304422181209e-01   3.044221812092e-02
25.4	   7.255150575471e-01   2.551505754707e-02
25.5	   7.136780357105e-01   1.367803571047e-02
25.6	   6.991917220397e-01  -8.082779602633e-04
25.7	   6.863354384825e-01  -1.366456151748e-02
25.8	   6.783092182354e-01  -2.169078176460e-02
25.9	   6.770616741488e-01  -2.293832585119e-02
26	   6.831932468875e-01  -1.680675311253e-02
26.1	   6.956182322247e-01  -4.381767775275e-03
26.2	   7.111639138746e-01   1.116391387460e-02
26.3	   7.245119042158e-01   2.451190421585e-02
26.4	   7.301620831144e-01   3.016208311442e-02
26.5	   7.262680495055e-01   2.626804950549e-02
26.6	   7.151124374990e-01   1.511243749896e-02
26.7	   7.008226504583e-01   8.226504583357e-04
26.8	   6.877043009853e-01  -1.229569901468e-02
26.9	   6.790769682153e-01  -2.092303178473e-02
27	   6.770313504289e-01  -2.296864957114e-02
27.1	   6.823231368230e-01  -1.767686317705e-02
27.2	   6.940742521406e-01  -5.925747859436e-03
27.3	   7.093755867715e-01   9.375586771475e-03
27.4	   7.231645092398e-01   2.316450923976e-02
27.5	   7.297861191148e-01   2.978611911478e-02
27.6	   7.269209028364e-01   2.692090283642e-02
27.7	   7.164627012115e-01   1.646270121151e-02
27.8	   7.024103194978e-01   2.410319497763e-03
27.9	   6.890705973467e-01  -1.092940265331e-02
28	   6.798799606379e-01  -2.012003936215e-02
