                 0.1	(   5.750000000000e+00   3.500000000000e+00  7.000356180503e-01) 
0.2	(   5.750000000000e+00   3.500000000000e+00  7.000713215487e-01) 
0.3	(   5.750000000000e+00   3.500000000000e+00  7.001011487295e-01) 
0.4	(   5.750000000000e+00   3.500000000000e+00  7.001142005362e-01) 
0.5	(   5.750000000000e+00   3.500000000000e+00  7.000826786186e-01) 
0.6	(   5.750000000000e+00   3.500000000000e+00  6.999765434989e-01) 
0.7	(   5.750000000000e+00   3.500000000000e+00  6.997883720432e-01) 
0.8	(   5.750000000000e+00   3.500000000000e+00  6.995475586199e-01) 
0.9	(   5.750000000000e+00   3.500000000000e+00  6.993120612468e-01) 
1	(   5.750000000000e+00   3.500000000000e+00  6.991501050099e-01) 
1.1	(   5.750000000000e+00   3.500000000000e+00  6.991130634272e-01) 
1.2	(   5.750000000000e+00   3.500000000000e+00  6.992304123474e-01) 
1.3	(   5.750000000000e+00   3.500000000000e+00  6.995063429831e-01) 
1.4	(   5.750000000000e+00   3.500000000000e+00  6.999283596726e-01) 
1.5	(   5.750000000000e+00   3.500000000000e+00  7.004631917229e-01) 
1.6	(   5.750000000000e+00   3.500000000000e+00  7.010460601926e-01) 
1.7	(   5.750000000000e+00   3.500000000000e+00  7.015798815761e-01) 
1.8	(   5.750000000000e+00   3.500000000000e+00  7.019445433186e-01) 
1.9	(   5.750000000000e+00   3.500000000000e+00  7.019993785192e-01) 
2	(   5.750000000000e+00   3.500000000000e+00  7.016282981535e-01) 
2.1	(   5.750000000000e+00   3.500000000000e+00  7.007829746452e-01) 
2.2	(   5.750000000000e+00   3.500000000000e+00  6.995444948420e-01) 
2.3	(   5.750000000000e+00   3.500000000000e+00  6.981559505981e-01) 
2.4	(   5.750000000000e+00   3.500000000000e+00  6.969901322792e-01) 
2.5	(   5.750000000000e+00   3.500000000000e+00  6.964586751526e-01) 
2.6	(   5.750000000000e+00   3.500000000000e+00  6.968898954024e-01) 
2.7	(   5.750000000000e+00   3.500000000000e+00  6.984081582390e-01) 
2.8	(   5.750000000000e+00   3.500000000000e+00  7.007888820392e-01) 
2.9	(   5.750000000000e+00   3.500000000000e+00  7.034747779962e-01) 
3	(   5.750000000000e+00   3.500000000000e+00  7.056452048004e-01) 
3.1	(   5.750000000000e+00   3.500000000000e+00  7.064497299227e-01) 
3.2	(   5.750000000000e+00   3.500000000000e+00  7.053399153313e-01) 
3.3	(   5.750000000000e+00   3.500000000000e+00  7.023832046343e-01) 
3.4	(   5.750000000000e+00   3.500000000000e+00  6.983535531355e-01) 
3.5	(   5.750000000000e+00   3.500000000000e+00  6.944488236717e-01) 
3.6	(   5.750000000000e+00   3.500000000000e+00  6.919145687486e-01) 
3.7	(   5.750000000000e+00   3.500000000000e+00  6.916595685506e-01) 
3.8	(   5.750000000000e+00   3.500000000000e+00  6.940395350686e-01) 
3.9	(   5.750000000000e+00   3.500000000000e+00  6.986864111060e-01) 
4	(   5.750000000000e+00   3.500000000000e+00  7.044579841834e-01) 
4.1	(   5.750000000000e+00   3.500000000000e+00  7.096239983584e-01) 
4.2	(   5.750000000000e+00   3.500000000000e+00  7.122924501882e-01) 
4.3	(   5.750000000000e+00   3.500000000000e+00  7.111349895860e-01) 
4.4	(   5.750000000000e+00   3.500000000000e+00  7.062777218086e-01) 
4.5	(   5.750000000000e+00   3.500000000000e+00  6.992845659554e-01) 
4.6	(   5.750000000000e+00   3.500000000000e+00  6.924096931998e-01) 
4.7	(   5.750000000000e+00   3.500000000000e+00  6.877681171617e-01) 
4.8	(   5.750000000000e+00   3.500000000000e+00  6.867376029144e-01) 
4.9	(   5.750000000000e+00   3.500000000000e+00  6.899217182967e-01) 
5	(   5.750000000000e+00   3.500000000000e+00  6.968301403447e-01) 
5.1	(   5.750000000000e+00   3.500000000000e+00  7.057481587601e-01) 
5.2	(   5.750000000000e+00   3.500000000000e+00  7.140243838814e-01) 
5.3	(   5.750000000000e+00   3.500000000000e+00  7.185049162067e-01) 
5.4	(   5.750000000000e+00   3.500000000000e+00  7.171574536251e-01) 
5.5	(   5.750000000000e+00   3.500000000000e+00  7.102809023765e-01) 
5.6	(   5.750000000000e+00   3.500000000000e+00  7.002992762689e-01) 
5.7	(   5.750000000000e+00   3.500000000000e+00  6.904936436039e-01) 
5.8	(   5.750000000000e+00   3.500000000000e+00  6.836876436810e-01) 
5.9	(   5.750000000000e+00   3.500000000000e+00  6.817300913847e-01) 
6	(   5.750000000000e+00   3.500000000000e+00  6.854229382580e-01) 
6.1	(   5.750000000000e+00   3.500000000000e+00  6.943413955022e-01) 
6.2	(   5.750000000000e+00   3.500000000000e+00  7.063459317798e-01) 
6.3	(   5.750000000000e+00   3.500000000000e+00  7.178824299837e-01) 
6.4	(   5.750000000000e+00   3.500000000000e+00  7.243319849974e-01) 
6.5	(   5.750000000000e+00   3.500000000000e+00  7.227678012325e-01) 
6.6	(   5.750000000000e+00   3.500000000000e+00  7.138238732336e-01) 
6.7	(   5.750000000000e+00   3.500000000000e+00  7.010072548687e-01) 
6.8	(   5.750000000000e+00   3.500000000000e+00  6.885387448601e-01) 
6.9	(   5.750000000000e+00   3.500000000000e+00  6.797703478126e-01) 
7	(   5.750000000000e+00   3.500000000000e+00  6.769315575497e-01) 
7.1	(   5.750000000000e+00   3.500000000000e+00  6.809992782805e-01) 
7.2	(   5.750000000000e+00   3.500000000000e+00  6.916178021484e-01) 
7.3	(   5.750000000000e+00   3.500000000000e+00  7.065008945288e-01) 
7.4	(   5.750000000000e+00   3.500000000000e+00  7.213006684530e-01) 
7.5	(   5.750000000000e+00   3.500000000000e+00  7.298954593201e-01) 
7.6	(   5.750000000000e+00   3.500000000000e+00  7.284007651052e-01) 
7.7	(   5.750000000000e+00   3.500000000000e+00  7.177217554290e-01) 
7.8	(   5.750000000000e+00   3.500000000000e+00  7.023713115236e-01) 
7.9	(   5.750000000000e+00   3.500000000000e+00  6.874766434733e-01) 
8	(   5.750000000000e+00   3.500000000000e+00  6.768680502591e-01) 
8.1	(   5.750000000000e+00   3.500000000000e+00  6.731056157387e-01) 
8.2	(   5.750000000000e+00   3.500000000000e+00  6.773909191496e-01) 
8.3	(   5.750000000000e+00   3.500000000000e+00  6.894934648860e-01) 
8.4	(   5.750000000000e+00   3.500000000000e+00  7.070809472734e-01) 
8.5	(   5.750000000000e+00   3.500000000000e+00  7.250272784352e-01) 
8.6	(   5.750000000000e+00   3.500000000000e+00  7.357286964831e-01) 
8.7	(   5.750000000000e+00   3.500000000000e+00  7.343075662111e-01) 
8.8	(   5.750000000000e+00   3.500000000000e+00  7.219315278165e-01) 
8.9	(   5.750000000000e+00   3.500000000000e+00  7.041485146628e-01) 
9	(   5.750000000000e+00   3.500000000000e+00  6.868887177924e-01) 
9.1	(   5.750000000000e+00   3.500000000000e+00  6.744141079612e-01) 
9.2	(   5.750000000000e+00   3.500000000000e+00  6.694938996589e-01) 
9.3	(   5.750000000000e+00   3.500000000000e+00  6.734525418636e-01) 
9.4	(   5.750000000000e+00   3.500000000000e+00  6.861692711426e-01) 
9.5	(   5.750000000000e+00   3.500000000000e+00  7.053921248188e-01) 
9.6	(   5.750000000000e+00   3.500000000000e+00  7.255584211402e-01) 
9.7	(   5.750000000000e+00   3.500000000000e+00  7.381773476745e-01) 
9.8	(   5.750000000000e+00   3.500000000000e+00  7.375982895755e-01) 
9.9	(   5.750000000000e+00   3.500000000000e+00  7.250118858209e-01) 
10	(   5.750000000000e+00   3.500000000000e+00  7.064452689889e-01) 
10.1	(   5.750000000000e+00   3.500000000000e+00  6.881515423866e-01) 
10.2	(   5.750000000000e+00   3.500000000000e+00  6.746486052495e-01) 
10.3	(   5.750000000000e+00   3.500000000000e+00  6.688110251773e-01) 
10.4	(   5.750000000000e+00   3.500000000000e+00  6.720525671612e-01) 
10.5	(   5.750000000000e+00   3.500000000000e+00  6.843317085728e-01) 
10.6	(   5.750000000000e+00   3.500000000000e+00  7.034613702424e-01) 
10.7	(   5.750000000000e+00   3.500000000000e+00  7.239257585586e-01) 
10.8	(   5.750000000000e+00   3.500000000000e+00  7.373256697353e-01) 
10.9	(   5.750000000000e+00   3.500000000000e+00  7.378686142829e-01) 
11	(   5.750000000000e+00   3.500000000000e+00  7.263516168094e-01) 
11.1	(   5.750000000000e+00   3.500000000000e+00  7.084321984491e-01) 
11.2	(   5.750000000000e+00   3.500000000000e+00  6.901883421361e-01) 
11.3	(   5.750000000000e+00   3.500000000000e+00  6.762769496414e-01) 
11.4	(   5.750000000000e+00   3.500000000000e+00  6.696840391888e-01) 
11.5	(   5.750000000000e+00   3.500000000000e+00  6.719682553137e-01) 
11.6	(   5.750000000000e+00   3.500000000000e+00  6.832347209788e-01) 
11.7	(   5.750000000000e+00   3.500000000000e+00  7.014959215504e-01) 
11.8	(   5.750000000000e+00   3.500000000000e+00  7.215998048739e-01) 
11.9	(   5.750000000000e+00   3.500000000000e+00  7.355647982633e-01) 
12	(   5.750000000000e+00   3.500000000000e+00  7.374437049972e-01) 
12.1	(   5.750000000000e+00   3.500000000000e+00  7.273672340949e-01) 
12.2	(   5.750000000000e+00   3.500000000000e+00  7.104086973344e-01) 
12.3	(   5.750000000000e+00   3.500000000000e+00  6.924282218150e-01) 
12.4	(   5.750000000000e+00   3.500000000000e+00  6.782212867767e-01) 
12.5	(   5.750000000000e+00   3.500000000000e+00  6.709024043319e-01) 
12.6	(   5.750000000000e+00   3.500000000000e+00  6.721884876378e-01) 
12.7	(   5.750000000000e+00   3.500000000000e+00  6.823444902657e-01) 
12.8	(   5.750000000000e+00   3.500000000000e+00  6.996169740890e-01) 
12.9	(   5.750000000000e+00   3.500000000000e+00  7.192513588771e-01) 
13	(   5.750000000000e+00   3.500000000000e+00  7.336896554242e-01) 
13.1	(   5.750000000000e+00   3.500000000000e+00  7.368101900510e-01) 
13.2	(   5.750000000000e+00   3.500000000000e+00  7.281169299445e-01) 
13.3	(   5.750000000000e+00   3.500000000000e+00  7.121330430648e-01) 
13.4	(   5.750000000000e+00   3.500000000000e+00  6.944964706958e-01) 
13.5	(   5.750000000000e+00   3.500000000000e+00  6.801081480553e-01) 
13.6	(   5.750000000000e+00   3.500000000000e+00  6.721912852870e-01) 
13.7	(   5.750000000000e+00   3.500000000000e+00  6.725875434025e-01) 
13.8	(   5.750000000000e+00   3.500000000000e+00  6.816983398599e-01) 
13.9	(   5.750000000000e+00   3.500000000000e+00  6.979893698144e-01) 
14	(   5.750000000000e+00   3.500000000000e+00  7.170964708232e-01) 
14.1	(   5.750000000000e+00   3.500000000000e+00  7.318986210579e-01) 
14.2	(   5.750000000000e+00   3.500000000000e+00  7.361311105978e-01) 
14.3	(   5.750000000000e+00   3.500000000000e+00  7.287277801952e-01) 
14.4	(   5.750000000000e+00   3.500000000000e+00  7.136709299613e-01) 
14.5	(   5.750000000000e+00   3.500000000000e+00  6.964008376133e-01) 
14.6	(   5.750000000000e+00   3.500000000000e+00  6.818706769702e-01) 
14.7	(   5.750000000000e+00   3.500000000000e+00  6.734103638759e-01) 
14.8	(   5.750000000000e+00   3.500000000000e+00  6.729684227239e-01) 
14.9	(   5.750000000000e+00   3.500000000000e+00  6.810692916330e-01) 
15	(   5.750000000000e+00   3.500000000000e+00  6.963853585932e-01) 
15.1	(   5.750000000000e+00   3.500000000000e+00  7.149364174422e-01) 
15.2	(   5.750000000000e+00   3.500000000000e+00  7.300485934311e-01) 
15.3	(   5.750000000000e+00   3.500000000000e+00  7.353414718323e-01) 
15.4	(   5.750000000000e+00   3.500000000000e+00  7.292290559039e-01) 
15.5	(   5.750000000000e+00   3.500000000000e+00  7.151309872019e-01) 
15.6	(   5.750000000000e+00   3.500000000000e+00  6.982757374475e-01) 
15.7	(   5.750000000000e+00   3.500000000000e+00  6.836327143190e-01) 
15.8	(   5.750000000000e+00   3.500000000000e+00  6.746403281975e-01) 
15.9	(   5.750000000000e+00   3.500000000000e+00  6.733572769161e-01) 
16	(   5.750000000000e+00   3.500000000000e+00  6.804377144531e-01) 
16.1	(   5.750000000000e+00   3.500000000000e+00  6.947700485995e-01) 
16.2	(   5.750000000000e+00   3.500000000000e+00  7.127455125011e-01) 
16.3	(   5.750000000000e+00   3.500000000000e+00  7.281334273380e-01) 
16.4	(   5.750000000000e+00   3.500000000000e+00  7.344704154265e-01) 
16.5	(   5.750000000000e+00   3.500000000000e+00  7.296531976551e-01) 
16.6	(   5.750000000000e+00   3.500000000000e+00  7.165500324285e-01) 
16.7	(   5.750000000000e+00   3.500000000000e+00  7.001600689851e-01) 
16.8	(   5.750000000000e+00   3.500000000000e+00  6.854275153072e-01) 
16.9	(   5.750000000000e+00   3.500000000000e+00  6.759044435848e-01) 
17	(   5.750000000000e+00   3.500000000000e+00  6.737737802692e-01) 
17.1	(   5.750000000000e+00   3.500000000000e+00  6.798288372324e-01) 
17.2	(   5.750000000000e+00   3.500000000000e+00  6.931745330976e-01) 
17.3	(   5.750000000000e+00   3.500000000000e+00  7.105625253357e-01) 
17.4	(   5.750000000000e+00   3.500000000000e+00  7.261860102695e-01) 
17.5	(   5.750000000000e+00   3.500000000000e+00  7.335429084533e-01) 
17.6	(   5.750000000000e+00   3.500000000000e+00  7.300177242098e-01) 
17.7	(   5.750000000000e+00   3.500000000000e+00  7.179259761567e-01) 
17.8	(   5.750000000000e+00   3.500000000000e+00  7.020241348867e-01) 
17.9	(   5.750000000000e+00   3.500000000000e+00  6.872163722717e-01) 
18	(   5.750000000000e+00   3.500000000000e+00  6.771731725349e-01) 
18.1	(   5.750000000000e+00   3.500000000000e+00  6.742108940624e-01) 
18.2	(   5.750000000000e+00   3.500000000000e+00  6.792636883217e-01) 
18.3	(   5.750000000000e+00   3.500000000000e+00  6.916550974077e-01) 
18.4	(   5.750000000000e+00   3.500000000000e+00  7.084640814619e-01) 
18.5	(   5.750000000000e+00   3.500000000000e+00  7.242764243764e-01) 
18.6	(   5.750000000000e+00   3.500000000000e+00  7.325968199827e-01) 
18.7	(   5.750000000000e+00   3.500000000000e+00  7.303292114211e-01) 
18.8	(   5.750000000000e+00   3.500000000000e+00  7.192474826979e-01) 
18.9	(   5.750000000000e+00   3.500000000000e+00  7.038520161230e-01) 
19	(   5.750000000000e+00   3.500000000000e+00  6.889875600118e-01) 
19.1	(   5.750000000000e+00   3.500000000000e+00  6.784418109459e-01) 
19.2	(   5.750000000000e+00   3.500000000000e+00  6.746657281682e-01) 
19.3	(   5.750000000000e+00   3.500000000000e+00  6.787336305615e-01) 
19.4	(   5.750000000000e+00   3.500000000000e+00  6.901798434921e-01) 
19.5	(   5.750000000000e+00   3.500000000000e+00  7.063947802316e-01) 
19.6	(   5.750000000000e+00   3.500000000000e+00  7.223427420991e-01) 
19.7	(   5.750000000000e+00   3.500000000000e+00  7.315841833161e-01) 
19.8	(   5.750000000000e+00   3.500000000000e+00  7.305639220475e-01) 
19.9	(   5.750000000000e+00   3.500000000000e+00  7.205052966684e-01) 
20	(   5.750000000000e+00   3.500000000000e+00  7.056376825357e-01) 
20.1	(   5.750000000000e+00   3.500000000000e+00  6.907411406532e-01) 
20.2	(   5.750000000000e+00   3.500000000000e+00  6.797215107390e-01) 
20.3	(   5.750000000000e+00   3.500000000000e+00  6.751609275517e-01) 
20.4	(   5.750000000000e+00   3.500000000000e+00  6.782761896204e-01) 
20.5	(   5.750000000000e+00   3.500000000000e+00  6.888033337205e-01) 
20.6	(   5.750000000000e+00   3.500000000000e+00  7.044160827633e-01) 
20.7	(   5.750000000000e+00   3.500000000000e+00  7.204376270701e-01) 
20.8	(   5.750000000000e+00   3.500000000000e+00  7.305312021052e-01) 
20.9	(   5.750000000000e+00   3.500000000000e+00  7.307149249205e-01) 
21	(   5.750000000000e+00   3.500000000000e+00  7.216745189684e-01) 
21.1	(   5.750000000000e+00   3.500000000000e+00  7.073606984724e-01) 
21.2	(   5.750000000000e+00   3.500000000000e+00  6.924700098103e-01) 
21.3	(   5.750000000000e+00   3.500000000000e+00  6.810127144532e-01) 
21.4	(   5.750000000000e+00   3.500000000000e+00  6.756986042057e-01) 
21.5	(   5.750000000000e+00   3.500000000000e+00  6.778900460058e-01) 
21.6	(   5.750000000000e+00   3.500000000000e+00  6.875118243886e-01) 
21.7	(   5.750000000000e+00   3.500000000000e+00  7.025158087424e-01) 
21.8	(   5.750000000000e+00   3.500000000000e+00  7.185530490872e-01) 
21.9	(   5.750000000000e+00   3.500000000000e+00  7.294297528869e-01) 
22	(   5.750000000000e+00   3.500000000000e+00  7.307789705432e-01) 
22.1	(   5.750000000000e+00   3.500000000000e+00  7.227606633912e-01) 
22.2	(   5.750000000000e+00   3.500000000000e+00  7.090363510710e-01) 
22.3	(   5.750000000000e+00   3.500000000000e+00  6.941927568935e-01) 
22.4	(   5.750000000000e+00   3.500000000000e+00  6.823311216454e-01) 
22.5	(   5.750000000000e+00   3.500000000000e+00  6.762886423702e-01) 
22.6	(   5.750000000000e+00   3.500000000000e+00  6.775767735515e-01) 
22.7	(   5.750000000000e+00   3.500000000000e+00  6.862998365625e-01) 
22.8	(   5.750000000000e+00   3.500000000000e+00  7.006725993881e-01) 
22.9	(   5.750000000000e+00   3.500000000000e+00  7.166621413538e-01) 
23	(   5.750000000000e+00   3.500000000000e+00  7.282612316038e-01) 
23.1	(   5.750000000000e+00   3.500000000000e+00  7.307491383484e-01) 
23.2	(   5.750000000000e+00   3.500000000000e+00  7.237632169689e-01) 
23.3	(   5.750000000000e+00   3.500000000000e+00  7.106469495989e-01) 
23.4	(   5.750000000000e+00   3.500000000000e+00  6.958842372716e-01) 
23.5	(   5.750000000000e+00   3.500000000000e+00  6.836545023811e-01) 
23.6	(   5.750000000000e+00   3.500000000000e+00  6.769181130747e-01) 
23.7	(   5.750000000000e+00   3.500000000000e+00  6.773336443967e-01) 
23.8	(   5.750000000000e+00   3.500000000000e+00  6.851761160382e-01) 
23.9	(   5.750000000000e+00   3.500000000000e+00  6.989046636039e-01) 
24	(   5.750000000000e+00   3.500000000000e+00  7.147935663412e-01) 
24.1	(   5.750000000000e+00   3.500000000000e+00  7.270483183399e-01) 
24.2	(   5.750000000000e+00   3.500000000000e+00  7.306376053927e-01) 
24.3	(   5.750000000000e+00   3.500000000000e+00  7.246919056059e-01) 
24.4	(   5.750000000000e+00   3.500000000000e+00  7.122116193388e-01) 
24.5	(   5.750000000000e+00   3.500000000000e+00  6.975709666278e-01) 
24.6	(   5.750000000000e+00   3.500000000000e+00  6.850079761496e-01) 
24.7	(   5.750000000000e+00   3.500000000000e+00  6.776047747219e-01) 
24.8	(   5.750000000000e+00   3.500000000000e+00  6.771688933570e-01) 
24.9	(   5.750000000000e+00   3.500000000000e+00  6.841458476036e-01) 
25	(   5.750000000000e+00   3.500000000000e+00  6.972315600785e-01) 
25.1	(   5.750000000000e+00   3.500000000000e+00  7.129715166707e-01) 
25.2	(   5.750000000000e+00   3.500000000000e+00  7.258059559447e-01) 
25.3	(   5.750000000000e+00   3.500000000000e+00  7.304422181209e-01) 
25.4	(   5.750000000000e+00   3.500000000000e+00  7.255150575471e-01) 
25.5	(   5.750000000000e+00   3.500000000000e+00  7.136780357105e-01) 
25.6	(   5.750000000000e+00   3.500000000000e+00  6.991917220397e-01) 
25.7	(   5.750000000000e+00   3.500000000000e+00  6.863354384825e-01) 
25.8	(   5.750000000000e+00   3.500000000000e+00  6.783092182354e-01) 
25.9	(   5.750000000000e+00   3.500000000000e+00  6.770616741488e-01) 
26	(   5.750000000000e+00   3.500000000000e+00  6.831932468875e-01) 
26.1	(   5.750000000000e+00   3.500000000000e+00  6.956182322247e-01) 
26.2	(   5.750000000000e+00   3.500000000000e+00  7.111639138746e-01) 
26.3	(   5.750000000000e+00   3.500000000000e+00  7.245119042158e-01) 
26.4	(   5.750000000000e+00   3.500000000000e+00  7.301620831144e-01) 
26.5	(   5.750000000000e+00   3.500000000000e+00  7.262680495055e-01) 
26.6	(   5.750000000000e+00   3.500000000000e+00  7.151124374990e-01) 
26.7	(   5.750000000000e+00   3.500000000000e+00  7.008226504583e-01) 
26.8	(   5.750000000000e+00   3.500000000000e+00  6.877043009853e-01) 
26.9	(   5.750000000000e+00   3.500000000000e+00  6.790769682153e-01) 
27	(   5.750000000000e+00   3.500000000000e+00  6.770313504289e-01) 
27.1	(   5.750000000000e+00   3.500000000000e+00  6.823231368230e-01) 
27.2	(   5.750000000000e+00   3.500000000000e+00  6.940742521406e-01) 
27.3	(   5.750000000000e+00   3.500000000000e+00  7.093755867715e-01) 
27.4	(   5.750000000000e+00   3.500000000000e+00  7.231645092398e-01) 
27.5	(   5.750000000000e+00   3.500000000000e+00  7.297861191148e-01) 
27.6	(   5.750000000000e+00   3.500000000000e+00  7.269209028364e-01) 
27.7	(   5.750000000000e+00   3.500000000000e+00  7.164627012115e-01) 
27.8	(   5.750000000000e+00   3.500000000000e+00  7.024103194978e-01) 
27.9	(   5.750000000000e+00   3.500000000000e+00  6.890705973467e-01) 
28	(   5.750000000000e+00   3.500000000000e+00  6.798799606379e-01) 
