# Motion State      
# Angle Units       : radians
# Time              	centreOfRotation	centreOfMass	rotation	velocity	omega
0.1                 	(5.750156678169e+00 2.374997253408e+00 5.954123483721e-01)	(5.750156678169e+00 2.374997253408e+00 5.954123483721e-01)	(9.959924049144e-05 1.517204360769e-03 -4.112640400377e-07)	(3.356119140596e-03 -4.976873404437e-05 -1.982911628697e-01)	(3.177062036896e-03 3.811138607603e-02 -1.958985483930e-05)
0.2                 	(5.750590523462e+00 2.374993347636e+00 5.812954015058e-01)	(5.750590523462e+00 2.374993347636e+00 5.812954015058e-01)	(6.082911988947e-04 6.808988577102e-03 -7.591691649718e-06)	(4.937330372919e-03 -2.375966692315e-05 -8.018432826540e-02)	(6.770450029137e-03 6.210702200440e-02 -1.077056938357e-04)
0.3                 	(5.751096213990e+00 2.374990284644e+00 5.795182187419e-01)	(5.751096213990e+00 2.374990284644e+00 5.795182187419e-01)	(1.404936456791e-03 1.277317627331e-02 -2.966246263917e-05)	(5.067525861900e-03 -6.317555304384e-05 4.242426803911e-02)	(8.896534892780e-03 5.173437961735e-02 -1.997638828366e-04)
0.4                 	(5.751594102882e+00 2.374975313729e+00 5.891054711290e-01)	(5.751594102882e+00 2.374975313729e+00 5.891054711290e-01)	(2.333813922482e-03 1.669567057694e-02 -5.615824465889e-05)	(4.842308518450e-03 -2.532660010352e-04 1.430068844719e-01)	(9.383406928485e-03 2.502015209504e-02 -1.813925673419e-04)
0.5                 	(5.752041517235e+00 2.374939273213e+00 6.062474290263e-01)	(5.752041517235e+00 2.374939273213e+00 6.062474290263e-01)	(3.228622265252e-03 1.733697227108e-02 -7.607496892632e-05)	(3.963158901618e-03 -4.561685975662e-04 1.889738818365e-01)	(8.280781829329e-03 -1.360400499991e-02 -2.117313534727e-04)
0.6                 	(5.752361848262e+00 2.374889120099e+00 6.246632911655e-01)	(5.752361848262e+00 2.374889120099e+00 6.246632911655e-01)	(3.955085537315e-03 1.393771904249e-02 -9.250533665345e-05)	(2.367821458298e-03 -5.114230717161e-04 1.689988417573e-01)	(6.109243979506e-03 -5.282686156698e-02 -3.689596302943e-04)
0.7                 	(5.752527049842e+00 2.374844309752e+00 6.385203724076e-01)	(5.752527049842e+00 2.374844309752e+00 6.385203724076e-01)	(4.427557517939e-03 7.632686357218e-03 -1.055656977507e-04)	(1.163911640660e-03 -3.520626546863e-04 1.024424462517e-01)	(3.247052169312e-03 -6.781140507048e-02 -3.998497530272e-04)
0.8                 	(5.752647753829e+00 2.374824826424e+00 6.442535548343e-01)	(5.752647753829e+00 2.374824826424e+00 6.442535548343e-01)	(4.594255316548e-03 1.286042224248e-03 -1.137672441703e-04)	(1.530983064919e-03 -1.387284644358e-05 9.683551538221e-03)	(7.823392502875e-05 -5.533106827318e-02 -3.272251831585e-04)
0.9                 	(5.752889232516e+00 2.374842003755e+00 6.404827653033e-01)	(5.752889232516e+00 2.374842003755e+00 6.404827653033e-01)	(4.453781992655e-03 -2.827867678412e-03 -1.205180757017e-04)	(3.457735463062e-03 3.399422926377e-04 -8.187781792572e-02)	(-2.777730403104e-03 -2.488952884952e-02 -1.770269874026e-04)
1                   	(5.753346075353e+00 2.374887399676e+00 6.291506091387e-01)	(5.753346075353e+00 2.374887399676e+00 6.291506091387e-01)	(4.065131146885e-03 -3.339716336977e-03 -1.274553919772e-04)	(5.534869110121e-03 5.372053673607e-04 -1.363631995994e-01)	(-4.847975333646e-03 1.539751513828e-02 -9.796718868227e-06)
1.1                 	(5.753931512221e+00 2.374946049666e+00 6.149223780392e-01)	(5.753931512221e+00 2.374946049666e+00 6.149223780392e-01)	(3.513082352445e-03 -2.749135146168e-05 -1.329575467412e-04)	(5.719715430434e-03 6.217484559833e-04 -1.402765860516e-01)	(-6.044078948477e-03 4.738216788385e-02 1.363717833571e-04)
1.2                 	(5.754395749036e+00 2.375008224864e+00 6.024383886359e-01)	(5.754395749036e+00 2.375008224864e+00 6.024383886359e-01)	(2.890388961641e-03 5.196443929449e-03 -1.356159491258e-04)	(3.140104101197e-03 6.009862906316e-04 -1.038528563742e-01)	(-6.223555633063e-03 5.207421665419e-02 1.285963162846e-04)
1.3                 	(5.754493332148e+00 2.375063298855e+00 5.950638833626e-01)	(5.754493332148e+00 2.375063298855e+00 5.950638833626e-01)	(2.301418678737e-03 9.646813803969e-03 -1.367079340686e-04)	(-1.418274474284e-03 4.896148590122e-04 -4.035385371537e-02)	(-5.411456608963e-03 3.454097644839e-02 7.495249536697e-05)
1.4                 	(5.754092516294e+00 2.375105351666e+00 5.946108346169e-01)	(5.754092516294e+00 2.375105351666e+00 5.946108346169e-01)	(1.834340567011e-03 1.178650020123e-02 -1.367106734447e-04)	(-6.625520374791e-03 3.559109810823e-04 3.010621114481e-02)	(-3.824232149751e-03 7.184474177142e-03 2.454004217207e-05)
1.5                 	(5.753175519493e+00 2.375136058883e+00 6.004170615579e-01)	(5.753175519493e+00 2.375136058883e+00 6.004170615579e-01)	(1.550326452384e-03 1.103594512568e-02 -1.324723759414e-04)	(-1.159961433634e-02 2.661099495955e-04 8.116267998934e-02)	(-1.816198806807e-03 -2.127701928772e-02 5.171610990841e-05)
1.6                 	(5.751820700392e+00 2.375159773228e+00 6.097692987240e-01)	(5.751820700392e+00 2.375159773228e+00 6.097692987240e-01)	(1.472408095725e-03 8.046991342383e-03 -1.183117164826e-04)	(-1.513537023820e-02 2.126844299918e-04 1.004719488672e-01)	(2.428100866201e-04 -3.450966518443e-02 1.480370088452e-04)
1.7                 	(5.750243613326e+00 2.375179530064e+00 6.194579155070e-01)	(5.750243613326e+00 2.375179530064e+00 6.194579155070e-01)	(1.590025904084e-03 4.986704963058e-03 -9.350174027008e-05)	(-1.579598577331e-02 1.832110535561e-04 8.817757214173e-02)	(2.053548538111e-03 -2.277714835879e-02 2.441674317262e-04)
1.8                 	(5.748791117949e+00 2.375196545032e+00 6.264715192039e-01)	(5.748791117949e+00 2.375196545032e+00 6.264715192039e-01)	(1.868645775655e-03 4.030390296581e-03 -6.469014983142e-05)	(-1.258263985874e-02 1.557601171006e-04 4.831259378256e-02)	(3.441641753135e-03 5.331522606930e-03 2.875679847675e-04)
1.9                 	(5.747848870641e+00 2.375211003270e+00 6.287017383383e-01)	(5.747848870641e+00 2.375211003270e+00 6.287017383383e-01)	(2.259947419086e-03 6.199651969100e-03 -4.200269478306e-05)	(-5.738919284749e-03 1.391256419163e-04 -3.763958158637e-03)	(4.277075171180e-03 3.786823907757e-02 2.495620518015e-04)
2                   	(5.747722125739e+00 2.375226380734e+00 6.260917483268e-01)	(5.747722125739e+00 2.375226380734e+00 6.260917483268e-01)	(2.698355747358e-03 1.129826057081e-02 -3.186058437630e-05)	(3.481665674045e-03 1.781062576170e-04 -4.516203096103e-02)	(4.371413241796e-03 6.111041574571e-02 2.036470745860e-04)
2.1                 	(5.748568794191e+00 2.375248229836e+00 6.204564334443e-01)	(5.748568794191e+00 2.375248229836e+00 6.204564334443e-01)	(3.110461435515e-03 1.752586692314e-02 -3.176140566250e-05)	(1.346269474767e-02 2.605718452001e-04 -6.327181175323e-02)	(3.767597544685e-03 5.805227633491e-02 1.557351496378e-04)
2.2                 	(5.750395147318e+00 2.375277353737e+00 6.143275028063e-01)	(5.750395147318e+00 2.375277353737e+00 6.143275028063e-01)	(3.435165860161e-03 2.185199885496e-02 -3.646439935764e-05)	(2.287898683934e-02 3.109275829674e-04 -5.488199300371e-02)	(2.659219878207e-03 2.405949036543e-02 1.622230919023e-05)
2.3                 	(5.753084419592e+00 2.375308021000e+00 6.102562426114e-01)	(5.753084419592e+00 2.375308021000e+00 6.102562426114e-01)	(3.632123641511e-03 2.172577191546e-02 -4.288469515153e-05)	(3.044049932925e-02 2.925622553887e-04 -2.364897686279e-02)	(1.239747502888e-03 -2.828724893588e-02 -1.488700715761e-04)
2.4                 	(5.756357182302e+00 2.375334864342e+00 6.098793322775e-01)	(5.756357182302e+00 2.375334864342e+00 6.098793322775e-01)	(3.679215052635e-03 1.610540114312e-02 -4.388742723783e-05)	(3.415655119928e-02 2.419147824722e-04 1.595985220289e-02)	(-2.952632293612e-04 -8.339288565870e-02 -2.785283199047e-04)
2.5                 	(5.759715403978e+00 2.375356369435e+00 6.131597553752e-01)	(5.759715403978e+00 2.375356369435e+00 6.131597553752e-01)	(3.578816876322e-03 5.535413164306e-03 -3.778771151869e-05)	(3.189222541590e-02 1.928080896408e-04 4.716405444400e-02)	(-1.668241661543e-03 -1.238265197022e-01 -3.466119588595e-04)
2.6                 	(5.762503896765e+00 2.375374611245e+00 6.186752860488e-01)	(5.762503896765e+00 2.375374611245e+00 6.186752860488e-01)	(3.356765415230e-03 -7.555441256917e-03 -2.875944129209e-05)	(2.275135170467e-02 1.785035211128e-04 5.941619260237e-02)	(-2.702965266590e-03 -1.316755477370e-01 -3.738264755916e-04)
2.7                 	(5.764064774484e+00 2.375393548603e+00 6.242082548758e-01)	(5.764064774484e+00 2.375393548603e+00 6.242082548758e-01)	(3.054110067475e-03 -1.953273338422e-02 -2.641081911325e-05)	(7.648215883820e-03 2.063318694854e-04 4.689605612729e-02)	(-3.262694144880e-03 -1.019946367602e-01 -3.304868370152e-04)
2.8                 	(5.763913134713e+00 2.375415947118e+00 6.272640524156e-01)	(5.763913134713e+00 2.375415947118e+00 6.272640524156e-01)	(2.723308467765e-03 -2.692604137515e-02 -3.010244835048e-05)	(-1.095146931538e-02 2.388135389283e-04 1.107787518891e-02)	(-3.251905397299e-03 -4.142478632671e-02 -1.628531541261e-04)
2.9                 	(5.761870371260e+00 2.375440676155e+00 6.260416776036e-01)	(5.761870371260e+00 2.375440676155e+00 6.260416776036e-01)	(2.421517123443e-03 -2.715356420704e-02 -3.444585600758e-05)	(-2.966170165601e-02 2.516545325737e-04 -3.600282263434e-02)	(-2.693805512037e-03 3.853987544754e-02 4.993816583543e-05)
3                   	(5.758076440972e+00 2.375466378457e+00 6.202598875586e-01)	(5.758076440972e+00 2.375466378457e+00 6.202598875586e-01)	(2.199623492309e-03 -1.927393563235e-02 -4.039676883496e-05)	(-4.554462641622e-02 2.661821786542e-04 -7.725929957675e-02)	(-1.686069918189e-03 1.165854293126e-01 1.748049316407e-04)
3.1                 	(5.752948489697e+00 2.375494322619e+00 6.113048460534e-01)	(5.752948489697e+00 2.375494322619e+00 6.113048460534e-01)	(2.091914170683e-03 -4.700577677559e-03 -5.136946132672e-05)	(-5.587938416230e-02 2.884226585564e-04 -9.730675257512e-02)	(-4.397655293341e-04 1.692305939102e-01 2.215080744365e-04)
3.2                 	(5.747184839303e+00 2.375522320123e+00 6.018470288570e-01)	(5.747184839303e+00 2.375522320123e+00 6.018470288570e-01)	(2.113527797426e-03 1.330648970544e-02 -6.759426510803e-05)	(-5.773001094680e-02 2.618099920946e-04 -8.629207818654e-02)	(8.618639867503e-04 1.842300927923e-01 2.059835789539e-04)
3.3                 	(5.741775888035e+00 2.375545420919e+00 5.950909097882e-01)	(5.741775888035e+00 2.375545420919e+00 5.950909097882e-01)	(2.258750596124e-03 3.082341390235e-02 -8.638404935282e-05)	(-4.843004915277e-02 1.984365080061e-04 -4.438829550267e-02)	(1.982318023797e-03 1.597060630856e-01 1.749534702585e-04)
3.4                 	(5.737910233428e+00 2.375562296402e+00 5.936033836616e-01)	(5.737910233428e+00 2.375562296402e+00 5.936033836616e-01)	(2.497525636692e-03 4.408462355188e-02 -1.030922297156e-04)	(-2.692150569785e-02 1.422344106899e-04 1.644894112493e-02)	(2.698440651994e-03 1.007126603402e-01 1.094854034777e-04)
3.5                 	(5.736724483962e+00 2.375573914911e+00 5.984607860630e-01)	(5.736724483962e+00 2.375573914911e+00 5.984607860630e-01)	(2.782204031560e-03 5.026705232104e-02 -1.143690543273e-04)	(4.391020846335e-03 8.840514796846e-05 7.957655421541e-02)	(2.894995210519e-03 2.089461554920e-02 -3.659837429360e-05)
3.6                 	(5.738916551292e+00 2.375579809586e+00 6.090208117484e-01)	(5.738916551292e+00 2.375579809586e+00 6.090208117484e-01)	(3.060217654534e-03 4.810328241400e-02 -1.216940951800e-04)	(3.926925230400e-02 3.210617258802e-05 1.276320353241e-01)	(2.572615860773e-03 -6.387079241051e-02 -2.318213287343e-04)
3.7                 	(5.744404254038e+00 2.375580911396e+00 6.229191289426e-01)	(5.744404254038e+00 2.375580911396e+00 6.229191289426e-01)	(3.283185655307e-03 3.775743079091e-02 -1.172731761960e-04)	(6.911499677889e-02 -3.897112198270e-06 1.442691968285e-01)	(1.840631404109e-03 -1.408515638414e-01 -3.104518597501e-04)
3.8                 	(5.752346868743e+00 2.375580197164e+00 6.366091093861e-01)	(5.752346868743e+00 2.375580197164e+00 6.366091093861e-01)	(3.420320955149e-03 2.055513795239e-02 -9.017621604506e-05)	(8.740351759499e-02 -5.926760919397e-06 1.234482116173e-01)	(8.994492768377e-04 -1.991450962038e-01 -2.953509968519e-04)
3.9                 	(5.761362515954e+00 2.375580141889e+00 6.465150978546e-01)	(5.761362515954e+00 2.375580141889e+00 6.465150978546e-01)	(3.461351059342e-03 -1.098324842858e-03 -4.320410841912e-05)	(9.010197806602e-02 6.547190996524e-06 6.999977288579e-02)	(-5.933767981339e-05 -2.282843238986e-01 -2.486997880599e-04)
4                   	(5.769808083839e+00 2.375582339587e+00 6.498974477277e-01)	(5.769808083839e+00 2.375582339587e+00 6.498974477277e-01)	(3.412006592750e-03 -2.380040466039e-02 1.477360384567e-05)	(7.614108370674e-02 4.223185756676e-05 -4.565853572713e-03)	(-9.179500211589e-04 -2.185920186344e-01 -1.472754912774e-04)
4.1                 	(5.776102737984e+00 2.375589799367e+00 6.454886670579e-01)	(5.776102737984e+00 2.375589799367e+00 6.454886670579e-01)	(3.287762615562e-03 -4.330298009564e-02 6.908023105338e-05)	(4.765541976304e-02 1.124014569193e-04 -8.240959654921e-02)	(-1.557994881077e-03 -1.638073945852e-01 -9.506618174432e-05)
4.2                 	(5.779009116650e+00 2.375605423850e+00 6.340086259200e-01)	(5.779009116650e+00 2.375605423850e+00 6.340086259200e-01)	(3.114056025279e-03 -5.518815751403e-02 9.712452386814e-05)	(9.252766114628e-03 1.979410767332e-04 -1.427720170884e-01)	(-1.888065465931e-03 -6.829525854945e-02 -1.007254286851e-04)
4.3                 	(5.777810547966e+00 2.375627686573e+00 6.180329715505e-01)	(5.777810547966e+00 2.375627686573e+00 6.180329715505e-01)	(2.923182708187e-03 -5.621901670621e-02 9.303263771791e-05)	(-3.343302275257e-02 2.329346955261e-04 -1.705553961006e-01)	(-1.860419469753e-03 4.924954457781e-02 -4.156505335445e-05)
4.4                 	(5.772398524198e+00 2.375649425020e+00 6.012100702742e-01)	(5.772398524198e+00 2.375649425020e+00 6.012100702742e-01)	(2.751807339034e-03 -4.544689336567e-02 6.116878390767e-05)	(-7.378287193000e-02 1.903595680779e-04 -1.593569306007e-01)	(-1.482513154980e-03 1.635393731763e-01 6.673221952416e-06)
4.5                 	(5.763394340230e+00 2.375664684242e+00 5.873978357583e-01)	(5.763394340230e+00 2.375664684242e+00 5.873978357583e-01)	(2.630384149820e-03 -2.445075437786e-02 9.686273606081e-06)	(-1.039653909341e-01 1.158568257787e-04 -1.114377734283e-01)	(-8.914926067015e-04 2.500888367567e-01 9.316280456121e-05)
4.6                 	(5.752200330058e+00 2.375673655333e+00 5.797861600721e-01)	(5.752200330058e+00 2.375673655333e+00 5.797861600721e-01)	(2.571721672693e-03 3.074986764696e-03 -4.832260314986e-05)	(-1.163218046866e-01 6.917190355107e-05 -3.783511102396e-02)	(-2.732254785792e-04 2.920659418089e-01 1.597929104055e-04)
4.7                 	(5.740900613069e+00 2.375679270565e+00 5.801216675616e-01)	(5.740900613069e+00 2.375679270565e+00 5.801216675616e-01)	(2.574220060817e-03 3.210432181776e-02 -1.076583870729e-04)	(-1.057102223924e-01 4.311557478216e-05 4.446674415979e-02)	(2.910945972027e-04 2.789625842560e-01 1.275986103947e-04)
4.8                 	(5.731828037433e+00 2.375682010033e+00 5.883993240467e-01)	(5.731828037433e+00 2.375682010033e+00 5.883993240467e-01)	(2.630466284496e-03 5.702130983434e-02 -1.663071807922e-04)	(-7.225805309669e-02 1.021548617470e-05 1.181853719105e-01)	(7.554608514159e-04 2.109298114503e-01 -2.067402747233e-05)
4.9                 	(5.727016392000e+00 2.375680992170e+00 6.029212963453e-01)	(5.727016392000e+00 2.375680992170e+00 6.029212963453e-01)	(2.724929961679e-03 7.285012178026e-02 -2.201267953887e-04)	(-2.191400957107e-02 -2.901170210608e-05 1.670157880753e-01)	(1.027893214024e-03 9.997973665697e-02 -2.185029354993e-04)
5                   	(5.727680033245e+00 2.375676610229e+00 6.206236872858e-01)	(5.727680033245e+00 2.375676610229e+00 6.206236872858e-01)	(2.835645498437e-03 7.622550052061e-02 -2.634470186996e-04)	(3.537605086426e-02 -5.593191576418e-05 1.807724517941e-01)	(1.087789545229e-03 -3.467738274696e-02 -4.548642830836e-04)
5.1                 	(5.733918335158e+00 2.375670473201e+00 6.378093483155e-01)	(5.733918335158e+00 2.375670473201e+00 6.378093483155e-01)	(2.941981578068e-03 6.585629010863e-02 -2.862686641704e-04)	(8.771459941170e-02 -6.330697680249e-05 1.570209584602e-01)	(9.809476148384e-04 -1.711454304924e-01 -5.572685371719e-04)
5.2                 	(5.744701499809e+00 2.375664750295e+00 6.509622043807e-01)	(5.744701499809e+00 2.375664750295e+00 6.509622043807e-01)	(3.028972755163e-03 4.269654130656e-02 -2.669399917470e-04)	(1.247692408130e-01 -4.624102119087e-05 1.016375186215e-01)	(7.607364068279e-04 -2.867282537139e-01 -4.188264648548e-04)
5.3                 	(5.758108696973e+00 2.375661943297e+00 6.574870565494e-01)	(5.758108696973e+00 2.375661943297e+00 6.574870565494e-01)	(3.088640413037e-03 9.999221047952e-03 -1.981340984105e-04)	(1.392482347622e-01 -9.595544807249e-06 2.690084308539e-02)	(4.612955033237e-04 -3.577231199775e-01 -1.931225486783e-04)
5.4                 	(5.771687192764e+00 2.375662637212e+00 6.562293668417e-01)	(5.771687192764e+00 2.375662637212e+00 6.562293668417e-01)	(3.120063014906e-03 -2.660041167015e-02 -9.157452610594e-05)	(1.280361002212e-01 2.260561067936e-05 -5.118397933729e-02)	(1.488706084463e-04 -3.619281344383e-01 3.971395928859e-05)
5.5                 	(5.782894779813e+00 2.375665659202e+00 6.476386962483e-01)	(5.782894779813e+00 2.375665659202e+00 6.476386962483e-01)	(3.125297423389e-03 -5.961407660223e-02 2.567053268444e-05)	(9.220742496548e-02 3.414694475278e-05 -1.175988429510e-01)	(-1.368010153412e-04 -2.863792991083e-01 2.311102101849e-04)
5.6                 	(5.789485081085e+00 2.375669326310e+00 6.334982977364e-01)	(5.789485081085e+00 2.375669326310e+00 6.334982977364e-01)	(3.106401315569e-03 -8.159061873815e-02 1.265905290855e-04)	(3.697891024664e-02 4.177808063429e-05 -1.607117508171e-01)	(-3.822129957568e-04 -1.440769856176e-01 4.129069591763e-04)
5.7                 	(5.789946872896e+00 2.375673086067e+00 6.164848276637e-01)	(5.789946872896e+00 2.375673086067e+00 6.164848276637e-01)	(3.064794752615e-03 -8.717415135115e-02 1.934229834139e-04)	(-2.855588628270e-02 3.208740355132e-05 -1.744331560178e-01)	(-5.500010961411e-04 3.556440182007e-02 5.587062022224e-04)
5.8                 	(5.783819944711e+00 2.375676571729e+00 5.996306534690e-01)	(5.783819944711e+00 2.375676571729e+00 5.996306534690e-01)	(3.004652750275e-03 -7.454799886525e-02 2.168385163574e-04)	(-9.268672187307e-02 4.116931272353e-05 -1.578029799935e-01)	(-6.894441888531e-04 2.134576767977e-01 6.656350522595e-04)
5.9                 	(5.771887541569e+00 2.375680629586e+00 5.858506470370e-01)	(5.771887541569e+00 2.375680629586e+00 5.858506470370e-01)	(2.931322845142e-03 -4.581419716487e-02 1.996995022569e-04)	(-1.426119284641e-01 3.452906627608e-05 -1.137649014428e-01)	(-7.328064549629e-04 3.517267748067e-01 6.454440704292e-04)
6                   	(5.756122761085e+00 2.375682478680e+00 5.775549318140e-01)	(5.756122761085e+00 2.375682478680e+00 5.775549318140e-01)	(2.860447399409e-03 -6.540992786755e-03 1.411429774033e-04)	(-1.678458840538e-01 3.093886736275e-07 -4.949747810270e-02)	(-6.367054640433e-04 4.206729056944e-01 4.471439826298e-04)
6.1                 	(5.739360176337e+00 2.375681354826e+00 5.763071313654e-01)	(5.739360176337e+00 2.375681354826e+00 5.763071313654e-01)	(2.805615617854e-03 3.555849984576e-02 5.376079670239e-05)	(-1.619424222723e-01 -2.007294878464e-05 2.550847896046e-02)	(-4.789444354658e-04 4.076306534259e-01 1.766846491972e-04)
6.2                 	(5.724828007489e+00 2.375678800096e+00 5.826429443286e-01)	(5.724828007489e+00 2.375678800096e+00 5.826429443286e-01)	(2.773413149876e-03 7.238296175101e-02 -4.652544818515e-05)	(-1.233589911277e-01 -2.861376574768e-05 1.000951508483e-01)	(-2.715543905239e-04 3.172431936418e-01 -1.212247041772e-04)
6.3                 	(5.715643611416e+00 2.375675879176e+00 5.958722534044e-01)	(5.715643611416e+00 2.375675879176e+00 5.958722534044e-01)	(2.763948369166e-03 9.707111016708e-02 -1.401272705131e-04)	(-5.636712357353e-02 -2.897576711165e-05 1.611328634054e-01)	(-8.946411849007e-05 1.692731127483e-01 -3.764900778420e-04)
6.4                 	(5.714111269301e+00 2.375673270546e+00 6.139926545524e-01)	(5.714111269301e+00 2.375673270546e+00 6.139926545524e-01)	(2.768183018214e-03 1.052495254672e-01 -2.153887499686e-04)	(2.688924292534e-02 -2.460337404453e-05 1.958375196461e-01)	(5.350706389548e-06 -8.327181827531e-03 -6.770443982087e-04)
6.5                 	(5.720962037953e+00 2.375670567826e+00 6.338366726747e-01)	(5.720962037953e+00 2.375670567826e+00 6.338366726747e-01)	(2.776792300372e-03 9.530056336438e-02 -2.709231000098e-04)	(1.082879897568e-01 -3.083855419859e-05 1.947342010196e-01)	(5.339527588018e-05 -1.888504017602e-01 -9.474116285407e-04)
6.6                 	(5.735124317669e+00 2.375666964385e+00 6.516752892840e-01)	(5.735124317669e+00 2.375666964385e+00 6.516752892840e-01)	(2.787523959007e-03 6.812986193241e-02 -2.913632257079e-04)	(1.705099543088e-01 -4.225969344907e-05 1.560840020394e-01)	(1.392225025960e-04 -3.494262722789e-01 -9.102885531086e-04)
6.7                 	(5.753998982151e+00 2.375662037212e+00 6.640183093051e-01)	(5.753998982151e+00 2.375662037212e+00 6.640183093051e-01)	(2.806372667243e-03 2.686778995983e-02 -2.535209032845e-04)	(2.008834224890e-01 -5.581691323028e-05 8.657048327734e-02)	(2.752150662726e-04 -4.659428831019e-01 -6.161651994192e-04)
6.8                 	(5.774022983004e+00 2.375656140546e+00 6.683933741344e-01)	(5.774022983004e+00 2.375656140546e+00 6.683933741344e-01)	(2.841526544932e-03 -2.251713530818e-02 -1.583954637938e-04)	(1.932137792792e-01 -5.853748165136e-05 -7.967111319309e-04)	(4.271619713314e-04 -5.065618574706e-01 -2.693303258134e-04)
6.9                 	(5.791409960352e+00 2.375650512719e+00 6.637673326891e-01)	(5.791409960352e+00 2.375650512719e+00 6.637673326891e-01)	(2.897444948347e-03 -7.110061006203e-02 -3.055805179979e-05)	(1.489475528550e-01 -5.575044196144e-05 -9.083787555796e-02)	(5.652479065834e-04 -4.469394042787e-01 1.825331042424e-05)
7                   	(5.802869411690e+00 2.375645617822e+00 6.506503722958e-01)	(5.802869411690e+00 2.375645617822e+00 6.506503722958e-01)	(2.969449148178e-03 -1.083944437328e-01 9.450835926813e-05)	(7.663266357879e-02 -4.265112539595e-05 -1.681453005864e-01)	(6.408107684174e-04 -2.830152538409e-01 2.679963623574e-04)
7.1                 	(5.806258951417e+00 2.375641924212e+00 6.310447697296e-01)	(5.806258951417e+00 2.375641924212e+00 6.310447697296e-01)	(3.044486194233e-03 -1.251669755005e-01 1.811863543561e-04)	(-1.001023563775e-02 -3.169904695099e-05 -2.183795732772e-01)	(6.361143893320e-04 -4.383678536697e-02 4.389870324241e-04)
7.2                 	(5.800878716642e+00 2.375639593178e+00 6.082468010371e-01)	(5.800878716642e+00 2.375639593178e+00 6.082468010371e-01)	(3.105514322333e-03 -1.164328990445e-01 2.038120167437e-04)	(-9.624063705011e-02 -1.319369918412e-05 -2.305116483567e-01)	(5.079927327823e-04 2.167033871874e-01 5.406611462028e-04)
7.3                 	(5.787477010188e+00 2.375639078877e+00 5.863949584335e-01)	(5.787477010188e+00 2.375639078877e+00 5.863949584335e-01)	(3.140241178156e-03 -8.322907003590e-02 1.549828612021e-04)	(-1.681741168899e-01 1.681795823667e-07 -1.992166391264e-01)	(2.634699498508e-04 4.352802683637e-01 5.426227115591e-04)
7.4                 	(5.768155599049e+00 2.375638294987e+00 5.697971075524e-01)	(5.768155599049e+00 2.375638294987e+00 5.697971075524e-01)	(3.146382122414e-03 -3.252163169030e-02 4.287302390160e-05)	(-2.127207347390e-01 -2.133641455788e-05 -1.266313383067e-01)	(-1.380670733787e-05 5.601326562720e-01 4.016275458755e-04)
7.5                 	(5.746198176647e+00 2.375635076558e+00 5.620876493887e-01)	(5.746198176647e+00 2.375635076558e+00 5.620876493887e-01)	(3.129085236955e-03 2.484418471699e-02 -1.011640707038e-04)	(-2.193987919847e-01 -4.025350634133e-05 -2.376631481702e-02)	(-3.340466108321e-04 5.673684048509e-01 3.390822564252e-04)
7.6                 	(5.725740358769e+00 2.375630904345e+00 5.654555030423e-01)	(5.725740358769e+00 2.375630904345e+00 5.654555030423e-01)	(3.084703012244e-03 7.716531441688e-02 -2.342474528966e-04)	(-1.822562794077e-01 -4.050735349997e-05 9.144129707404e-02)	(-6.913296860725e-04 4.620302262542e-01 2.308034476154e-04)
7.7                 	(5.711161128938e+00 2.375627105613e+00 5.800273049737e-01)	(5.711161128938e+00 2.375627105613e+00 5.800273049737e-01)	(3.009221692832e-03 1.143766112724e-01 -3.392179023694e-04)	(-1.031955527577e-01 -3.994978743928e-05 1.961319281552e-01)	(-1.008160232703e-03 2.713838991842e-01 -8.488450294756e-05)
7.8                 	(5.706023521247e+00 2.375622152183e+00 6.035044421431e-01)	(5.706023521247e+00 2.375622152183e+00 6.035044421431e-01)	(2.905294077849e-03 1.300911991208e-01 -4.151026579309e-04)	(3.221724112076e-03 -6.053674265045e-05 2.658598831674e-01)	(-1.236392727120e-03 3.966247151103e-02 -4.706491627373e-04)
7.9                 	(5.711896069237e+00 2.375615094595e+00 6.314315474747e-01)	(5.711896069237e+00 2.375615094595e+00 6.314315474747e-01)	(2.780165156358e-03 1.222305045027e-01 -4.484993423234e-04)	(1.123682508891e-01 -7.750314754930e-05 2.829612328991e-01)	(-1.315114135663e-03 -1.947592485542e-01 -5.804790003091e-04)
8                   	(5.727722723298e+00 2.375607522231e+00 6.581169096418e-01)	(5.727722723298e+00 2.375607522231e+00 6.581169096418e-01)	(2.650963889882e-03 9.194665872292e-02 -4.196263745040e-04)	(1.988767932092e-01 -7.246657679629e-05 2.413718948091e-01)	(-1.157014207753e-03 -4.049086073365e-01 -4.561949562431e-04)
8.1                 	(5.750378186358e+00 2.375599846134e+00 6.780578257459e-01)	(5.750378186358e+00 2.375599846134e+00 6.780578257459e-01)	(2.549833835167e-03 4.289846637677e-02 -3.247307497126e-04)	(2.467912567667e-01 -8.695220939252e-05 1.506467847131e-01)	(-7.041092274549e-04 -5.651455532647e-01 -1.630487318793e-04)
8.2                 	(5.775487847750e+00 2.375590139156e+00 6.872353668382e-01)	(5.775487847750e+00 2.375590139156e+00 6.872353668382e-01)	(2.507215898897e-03 -1.818603395116e-02 -1.676541248149e-04)	(2.471993755222e-01 -1.040846673880e-04 2.974326873979e-02)	(-9.862566967001e-05 -6.388762932730e-01 2.221519001006e-04)
8.3                 	(5.798225560399e+00 2.375579642932e+00 6.837613893144e-01)	(5.798225560399e+00 2.375579642932e+00 6.837613893144e-01)	(2.539253197268e-03 -8.078616385545e-02 2.751756224139e-05)	(2.002390970214e-01 -1.038851856027e-04 -9.857640491490e-02)	(5.379770805899e-04 -5.904782155699e-01 4.952258524287e-04)
8.4                 	(5.814307068237e+00 2.375569795659e+00 6.680573478466e-01)	(5.814307068237e+00 2.375569795659e+00 6.680573478466e-01)	(2.642308689198e-03 -1.316942532068e-01 2.138804093136e-04)	(1.167020013235e-01 -9.024535807643e-05 -2.107712447896e-01)	(1.109986546219e-03 -4.060810703881e-01 5.494085895250e-04)
8.5                 	(5.820894583032e+00 2.375561931706e+00 6.428858478164e-01)	(5.820894583032e+00 2.375561931706e+00 6.428858478164e-01)	(2.793896777529e-03 -1.584290883065e-01 3.397402578509e-04)	(1.318127210213e-02 -6.497525523520e-05 -2.847552734734e-01)	(1.516099516142e-03 -1.157105747747e-01 4.793728727012e-04)
8.6                 	(5.816832276106e+00 2.375557524640e+00 6.128832686747e-01)	(5.816832276106e+00 2.375557524640e+00 6.128832686747e-01)	(2.959486985688e-03 -1.535388239207e-01 3.676641526829e-04)	(-9.370731230210e-02 -2.381272003383e-05 -3.057528535779e-01)	(1.666099040517e-03 2.131504118573e-01 3.607195748766e-04)
8.7                 	(5.802552955210e+00 2.375556073277e+00 5.836855325714e-01)	(5.802552955210e+00 2.375556073277e+00 5.836855325714e-01)	(3.112217052167e-03 -1.172328373199e-01 2.859459160223e-04)	(-1.883971200705e-01 -1.331300525172e-05 -2.685342741161e-01)	(1.552756120056e-03 4.992492564849e-01 2.339701215236e-04)
8.8                 	(5.780116463353e+00 2.375554311189e+00 5.609695144424e-01)	(5.780116463353e+00 2.375554311189e+00 5.609695144424e-01)	(3.233324531485e-03 -5.751891261333e-02 1.149835413385e-04)	(-2.541623663003e-01 -2.515072923498e-05 -1.780254172479e-01)	(1.115034117457e-03 6.719169458572e-01 1.655145021073e-04)
8.9                 	(5.753201826102e+00 2.375550760831e+00 5.493275317230e-01)	(5.753201826102e+00 2.375550760831e+00 5.493275317230e-01)	(3.307017928947e-03 1.218643327324e-02 -1.002278381460e-04)	(-2.756800548315e-01 -4.420295687290e-05 -5.040406740979e-02)	(4.182052056849e-04 6.973424117306e-01 8.546607176288e-05)
9                   	(5.726798868529e+00 2.375545678566e+00 5.513915155783e-01)	(5.726798868529e+00 2.375545678566e+00 5.513915155783e-01)	(3.317969606022e-03 7.733326415347e-02 -3.193467003405e-04)	(-2.430643593102e-01 -5.625205775059e-05 9.187123587665e-02)	(-4.068461404922e-04 5.849012494680e-01 -1.886630601232e-04)
9.1                 	(5.706382979185e+00 2.375539694193e+00 5.672606445325e-01)	(5.706382979185e+00 2.375539694193e+00 5.672606445325e-01)	(3.256797571666e-03 1.256705363505e-01 -5.197543154876e-04)	(-1.571449238505e-01 -6.061388363331e-05 2.208617900567e-01)	(-1.224167212051e-03 3.687563665540e-01 -6.158663714242e-04)
9.2                 	(5.696626406790e+00 2.375533555170e+00 5.941631959497e-01)	(5.696626406790e+00 2.375533555170e+00 5.941631959497e-01)	(3.118580099201e-03 1.494555357088e-01 -6.700589403323e-04)	(-3.375484687367e-02 -6.028431395217e-05 3.080882083026e-01)	(-1.922702199868e-03 1.032659674793e-01 -7.631631519699e-04)
9.3                 	(5.699950599683e+00 2.375528085445e+00 6.267637352445e-01)	(5.699950599683e+00 2.375528085445e+00 6.267637352445e-01)	(2.909777180622e-03 1.463073892412e-01 -7.255978607880e-04)	(9.923123169267e-02 -4.859405398414e-05 3.325759344923e-01)	(-2.375735993679e-03 -1.635080027146e-01 -4.570193648796e-04)
9.4                 	(5.715727853125e+00 2.375524620044e+00 6.583829808592e-01)	(5.715727853125e+00 2.375524620044e+00 6.583829808592e-01)	(2.657015469108e-03 1.175795731426e-01 -6.664915997199e-04)	(2.105124538134e-01 -1.936574113272e-05 2.889170968832e-01)	(-2.430473799101e-03 -4.052564549053e-01 3.826691273417e-05)
9.5                 	(5.740620547986e+00 2.375523429097e+00 6.826371609810e-01)	(5.740620547986e+00 2.375523429097e+00 6.826371609810e-01)	(2.418650498252e-03 6.677673135337e-02 -5.087835781076e-04)	(2.791317849477e-01 -1.226249172702e-05 1.884081024505e-01)	(-1.979900370669e-03 -6.007816594101e-01 5.347446343933e-04)
9.6                 	(5.769762854872e+00 2.375521441359e+00 6.949434035156e-01)	(5.769762854872e+00 2.375521441359e+00 6.949434035156e-01)	(2.252802622546e-03 2.258079145289e-04 -2.791484098887e-04)	(2.943541798918e-01 -2.823753863753e-05 5.438389234041e-02)	(-1.128148233014e-03 -7.123613323337e-01 9.240799115394e-04)
9.7                 	(5.797614472229e+00 2.375518044729e+00 6.932754263384e-01)	(5.797614472229e+00 2.375518044729e+00 6.932754263384e-01)	(2.202640760198e-03 -7.151582913911e-02 -1.844163205899e-05)	(2.537412335397e-01 -3.827098708167e-05 -8.688695993288e-02)	(-4.438326222203e-05 -6.985362122296e-01 1.058997439447e-03)
9.8                 	(5.818959775749e+00 2.375513902955e+00 6.781346382993e-01)	(5.818959775749e+00 2.375513902955e+00 6.781346382993e-01)	(2.279213593486e-03 -1.343908117539e-01 2.246184946909e-04)	(1.671169364558e-01 -4.395601033154e-05 -2.109418766721e-01)	(1.060085155202e-03 -5.334248885918e-01 9.439945102200e-04)
9.9                 	(5.830136607936e+00 2.375509270088e+00 6.524227549667e-01)	(5.830136607936e+00 2.375509270088e+00 6.524227549667e-01)	(2.460749606545e-03 -1.736839913184e-01 4.031161479509e-04)	(5.384522853522e-02 -5.083302643540e-05 -2.949218182242e-01)	(1.967418501388e-03 -2.343839018985e-01 7.207047681152e-04)
10                  	(5.829463852865e+00 2.375504852052e+00 6.209957813948e-01)	(5.829463852865e+00 2.375504852052e+00 6.209957813948e-01)	(2.700331076825e-03 -1.789805786197e-01 4.754510029992e-04)	(-6.693550860328e-02 -3.240147372069e-05 -3.237297206901e-01)	(2.499792686658e-03 1.323512011788e-01 4.470998968290e-04)
10.1                	(5.817088832458e+00 2.375502739952e+00 5.896888135119e-01)	(5.817088832458e+00 2.375502739952e+00 5.896888135119e-01)	(2.951352058584e-03 -1.480386009074e-01 4.199201858270e-04)	(-1.774041140990e-01 -1.143762033317e-05 -2.925638749435e-01)	(2.628460633494e-03 4.743933512201e-01 2.371664708828e-04)
10.2                	(5.794928327166e+00 2.375501882748e+00 5.643306846615e-01)	(5.794928327166e+00 2.375501882748e+00 5.643306846615e-01)	(3.183903680272e-03 -8.788722655488e-02 2.504029287966e-04)	(-2.596434940533e-01 -7.930556280643e-06 -2.065295621017e-01)	(2.349845027218e-03 7.043124966701e-01 1.090661523792e-04)
10.3                	(5.766668370079e+00 2.375500342561e+00 5.496945423490e-01)	(5.766668370079e+00 2.375500342561e+00 5.496945423490e-01)	(3.377261138546e-03 -1.264426627484e-02 5.579158247237e-06)	(-2.968405047934e-01 -2.425673438762e-05 -8.141451873305e-02)	(1.692351754850e-03 7.720078841233e-01 -7.602845936691e-05)
10.4                	(5.737443104894e+00 2.375497413255e+00 5.486431405508e-01)	(5.737443104894e+00 2.375497413255e+00 5.486431405508e-01)	(3.504444197294e-03 6.107681372707e-02 -2.698648249505e-04)	(-2.778548938763e-01 -3.226952571109e-05 6.110588554218e-02)	(6.512303064614e-04 6.774422972296e-01 -3.799294263267e-04)
10.5                	(5.713018392946e+00 2.375494428847e+00 5.616393076978e-01)	(5.713018392946e+00 2.375494428847e+00 5.616393076978e-01)	(3.531032255662e-03 1.186194585089e-01 -5.332645395155e-04)	(-2.017281104017e-01 -2.711330484818e-05 1.949449752371e-01)	(-6.187380823543e-04 4.571685501084e-01 -8.100657494425e-04)
10.6                	(5.698574045616e+00 2.375491995590e+00 5.864048167352e-01)	(5.698574045616e+00 2.375491995590e+00 5.864048167352e-01)	(3.432998231187e-03 1.503332398089e-01 -7.428586040879e-04)	(-8.174625625834e-02 -1.914195542528e-05 2.920710821102e-01)	(-1.891067640690e-03 1.720538412909e-01 -1.048296944083e-03)
10.7                	(5.697240323510e+00 2.375491252593e+00 6.180608479121e-01)	(5.697240323510e+00 2.375491252593e+00 6.180608479121e-01)	(3.205883545731e-03 1.529973364406e-01 -8.488807995257e-04)	(5.549601827026e-02 7.728063351712e-06 3.300911132301e-01)	(-2.922767471071e-03 -1.152980732182e-01 -7.705039103937e-04)
10.8                	(5.709169207820e+00 2.375494465070e+00 6.501577693386e-01)	(5.709169207820e+00 2.375494465070e+00 6.501577693386e-01)	(2.876819001498e-03 1.284978549187e-01 -8.200593319722e-04)	(1.782455428995e-01 6.146321287322e-05 3.007529257424e-01)	(-3.480546315413e-03 -3.671032918411e-01 -1.141433600415e-04)
10.9                	(5.731573267431e+00 2.375503279334e+00 6.762327371338e-01)	(5.731573267431e+00 2.375503279334e+00 6.762327371338e-01)	(2.515894994121e-03 8.135739223309e-02 -6.708760724463e-04)	(2.620174115651e-01 1.046392095785e-04 2.124520417276e-01)	(-3.306645136947e-03 -5.653629700728e-01 5.418149487155e-04)
11                  	(5.759819329329e+00 2.375513889893e+00 6.913953217412e-01)	(5.759819329329e+00 2.375513889893e+00 6.913953217412e-01)	(2.210045992900e-03 1.803868839983e-02 -4.402311568368e-04)	(2.936008713041e-01 1.041498354646e-04 8.669036334725e-02)	(-2.484332274130e-03 -6.850386226194e-01 1.052500365300e-03)
11.1                	(5.788401442695e+00 2.375523390480e+00 6.931710280974e-01)	(5.788401442695e+00 2.375523390480e+00 6.931710280974e-01)	(2.027703857913e-03 -5.192094028149e-02 -1.723491407395e-04)	(2.688330218245e-01 8.471660078167e-05 -5.116360942198e-02)	(-1.202817123402e-03 -6.929223245226e-01 1.306877692502e-03)
11.2                	(5.811915213040e+00 2.375530771812e+00 6.815457855550e-01)	(5.811915213040e+00 2.375530771812e+00 6.815457855550e-01)	(2.002631821774e-03 -1.159487254196e-01 8.845286504301e-05)	(1.944082634334e-01 6.214398511453e-05 -1.775245513093e-01)	(2.691779700226e-04 -5.641219130353e-01 1.282728587811e-03)
11.3                	(5.826228337890e+00 2.375535664904e+00 6.588284874303e-01)	(5.826228337890e+00 2.375535664904e+00 6.588284874303e-01)	(2.129952670060e-03 -1.603704999443e-01 3.012665795266e-04)	(8.804237634514e-02 3.635995973199e-05 -2.695503347026e-01)	(1.645546434025e-03 -3.058179085281e-01 1.100436907532e-03)
11.4                	(5.829092744560e+00 2.375537929090e+00 6.293344547907e-01)	(5.829092744560e+00 2.375537929090e+00 6.293344547907e-01)	(2.370192376138e-03 -1.744874627743e-01 4.323527454869e-04)	(-3.145812346857e-02 1.066382274116e-05 -3.111009340849e-01)	(2.639314178655e-03 3.026031645115e-02 8.546056968448e-04)
11.5                	(5.820099225162e+00 2.375538394703e+00 5.985238876983e-01)	(5.820099225162e+00 2.375538394703e+00 5.985238876983e-01)	(2.667793138916e-03 -1.543525069831e-01 4.552589909005e-04)	(-1.460508799750e-01 8.279297624852e-07 -2.953865448203e-01)	(3.147129361113e-03 3.652342548830e-01 6.323131050380e-04)
11.6                	(5.800644944857e+00 2.375537789774e+00 5.720835684706e-01)	(5.800644944857e+00 2.375537789774e+00 5.720835684706e-01)	(2.975712729184e-03 -1.041844572487e-01 3.644432184019e-04)	(-2.375601896232e-01 -1.241941211634e-05 -2.250276506525e-01)	(3.156045799384e-03 6.186916219604e-01 4.096009439514e-04)
11.7                	(5.773947554334e+00 2.375535915802e+00 5.549109398397e-01)	(5.773947554334e+00 2.375535915802e+00 5.549109398397e-01)	(3.257926238001e-03 -3.527063665985e-02 1.769886638347e-04)	(-2.882011961519e-01 -2.790283666263e-05 -1.130063243896e-01)	(2.668601642002e-03 7.340466652532e-01 1.371509699102e-04)
11.8                	(5.744805640858e+00 2.375532194818e+00 5.502119263560e-01)	(5.744805640858e+00 2.375532194818e+00 5.502119263560e-01)	(3.483416437616e-03 3.748892200414e-02 -7.299805183060e-05)	(-2.849633009098e-01 -4.520373419007e-05 2.088194340608e-02)	(1.755891866742e-03 6.969021604830e-01 -2.311446291596e-04)
11.9                	(5.718879515503e+00 2.375527295237e+00 5.590141784118e-01)	(5.718879515503e+00 2.375527295237e+00 5.590141784118e-01)	(3.615758376808e-03 9.969103658844e-02 -3.401811438277e-04)	(-2.242636346173e-01 -5.059817220843e-05 1.527421796958e-01)	(4.703224127997e-04 5.285943950174e-01 -6.799901163210e-04)
12                  	(5.701588088904e+00 2.375522442849e+00 5.798397246477e-01)	(5.701588088904e+00 2.375522442849e+00 5.798397246477e-01)	(3.619280625282e-03 1.403450576971e-01 -5.772374557715e-04)	(-1.152134993888e-01 -4.487131663627e-05 2.568315778155e-01)	(-9.840546849336e-04 2.750272578695e-01 -1.029831267092e-03)
12.1                	(5.696692749410e+00 2.375519310740e+00 6.086660458776e-01)	(5.696692749410e+00 2.375519310740e+00 6.086660458776e-01)	(3.473622757765e-03 1.537637977748e-01 -7.345744217344e-04)	(1.904180099309e-02 -1.324508582450e-05 3.097796784103e-01)	(-2.353730425227e-03 -7.178264185583e-03 -1.041189195189e-03)
12.2                	(5.705198496012e+00 2.375520254953e+00 6.396915902818e-01)	(5.705198496012e+00 2.375520254953e+00 6.396915902818e-01)	(3.193174663160e-03 1.394507426305e-01 -7.751099390161e-04)	(1.475690949292e-01 3.647344546648e-05 3.001338466546e-01)	(-3.265587655142e-03 -2.739652012861e-01 -6.526613399638e-04)
12.3                	(5.725084245867e+00 2.375526605056e+00 6.667164866664e-01)	(5.725084245867e+00 2.375526605056e+00 6.667164866664e-01)	(2.843115405874e-03 1.003145006071e-01 -6.967211302257e-04)	(2.431112952935e-01 8.494887553744e-05 2.318027922742e-01)	(-3.434933099228e-03 -5.006399945488e-01 -1.230744289099e-04)
12.4                	(5.752172396836e+00 2.375535669673e+00 6.846800004789e-01)	(5.752172396836e+00 2.375535669673e+00 6.846800004789e-01)	(2.505120229113e-03 4.148595068302e-02 -5.222779991193e-04)	(2.895494252182e-01 9.216765805864e-05 1.224934585140e-01)	(-2.985038482430e-03 -6.618085491448e-01 4.526778655863e-04)
12.5                	(5.781124280656e+00 2.375544458477e+00 6.906172119231e-01)	(5.781124280656e+00 2.375544458477e+00 6.906172119231e-01)	(2.251453413915e-03 -2.852664767740e-02 -2.897795391926e-04)	(2.801841490256e-01 7.949298058753e-05 -4.848945876675e-03)	(-1.983402743372e-03 -7.178173302782e-01 8.423730269110e-04)
12.6                	(5.806449045940e+00 2.375551233954e+00 6.838405413610e-01)	(5.806449045940e+00 2.375551233954e+00 6.838405413610e-01)	(2.133680597916e-03 -9.745686977178e-02 -4.634931902898e-05)	(2.184912438663e-01 5.440460037564e-05 -1.284045133051e-01)	(-6.455061420823e-04 -6.362257167030e-01 9.652289308189e-04)
12.7                	(5.823588968799e+00 2.375554761904e+00 6.657471593420e-01)	(5.823588968799e+00 2.375554761904e+00 6.657471593420e-01)	(2.167088942257e-03 -1.508858733616e-01 1.639488420322e-04)	(1.197693372023e-01 1.229874969872e-05 -2.278814206408e-01)	(7.797387364735e-04 -4.104019187300e-01 9.145102358249e-04)
12.8                	(5.829812459017e+00 2.375553981500e+00 6.396489109760e-01)	(5.829812459017e+00 2.375553981500e+00 6.396489109760e-01)	(2.333285989020e-03 -1.760818113296e-01 3.096661711540e-04)	(3.309073250242e-03 -2.540864999565e-05 -2.860977651261e-01)	(2.009139375098e-03 -8.216061301728e-02 8.313942677392e-04)
12.9                	(5.824264756236e+00 2.375550551531e+00 6.102501893314e-01)	(5.824264756236e+00 2.375550551531e+00 6.102501893314e-01)	(2.588094586248e-03 -1.664996568378e-01 3.634590655953e-04)	(-1.128021262367e-01 -3.586280425789e-05 -2.928990183820e-01)	(2.811941046583e-03 2.705837040375e-01 7.192845579564e-04)
13                  	(5.807840204177e+00 2.375547616869e+00 5.828529161148e-01)	(5.807840204177e+00 2.375547616869e+00 5.828529161148e-01)	(2.880673590684e-03 -1.240640966789e-01 3.135066420225e-04)	(-2.112219949900e-01 -2.237726089594e-05 -2.465221919176e-01)	(3.090118335491e-03 5.612541392735e-01 6.189880709302e-04)
13.1                	(5.783192321225e+00 2.375546014942e+00 5.624759995375e-01)	(5.783192321225e+00 2.375546014942e+00 5.624759995375e-01)	(3.168204926682e-03 -5.862401402589e-02 1.679184386950e-04)	(-2.745183122158e-01 -1.180736655963e-05 -1.545813826609e-01)	(2.832155785228e-03 7.222903294957e-01 4.263345585045e-04)
13.2                	(5.754589236332e+00 2.375544756309e+00 5.529209564058e-01)	(5.754589236332e+00 2.375544756309e+00 5.529209564058e-01)	(3.413840790942e-03 1.507656572902e-02 -4.974316559660e-05)	(-2.885083850321e-01 -1.351949601586e-05 -3.315003751225e-02)	(2.091868919221e-03 7.257884829747e-01 6.995490190931e-05)
13.3                	(5.727375281276e+00 2.375543622592e+00 5.561539598256e-01)	(5.727375281276e+00 2.375543622592e+00 5.561539598256e-01)	(3.580533350633e-03 8.181403380580e-02 -2.972421970109e-04)	(-2.463466231184e-01 -7.203564896388e-06 9.727628041187e-02)	(9.357889024401e-04 5.883417652238e-01 -3.419177372911e-04)
13.4                	(5.707080317587e+00 2.375543335546e+00 5.718643687398e-01)	(5.707080317587e+00 2.375543335546e+00 5.718643687398e-01)	(3.629950441553e-03 1.293910114380e-01 -5.245585004875e-04)	(-1.519467322723e-01 1.439183546332e-06 2.122065565895e-01)	(-4.578907533543e-04 3.513349585875e-01 -7.208316252533e-04)
13.5                	(5.698104266308e+00 2.375544086272e+00 5.972250724248e-01)	(5.698104266308e+00 2.375544086272e+00 5.972250724248e-01)	(3.535608647487e-03 1.506891433254e-01 -6.854447890128e-04)	(-2.417512998281e-02 1.651090592471e-05 2.863996597526e-01)	(-1.859511567190e-03 7.261955091181e-02 -8.756333769781e-04)
13.6                	(5.702405326026e+00 2.375546846422e+00 6.272099440187e-01)	(5.702405326026e+00 2.375546846422e+00 6.272099440187e-01)	(3.299702802799e-03 1.442514370804e-01 -7.438425700507e-04)	(1.084672581210e-01 4.013597781839e-05 3.031764008671e-01)	(-2.948699940356e-03 -1.970549820276e-01 -6.538295591469e-04)
13.7                	(5.718932461002e+00 2.375552701400e+00 6.558481501554e-01)	(5.718932461002e+00 2.375552701400e+00 6.558481501554e-01)	(2.969002262565e-03 1.124746898668e-01 -6.889913804738e-04)	(2.157063853863e-01 7.768382265172e-05 2.602369407391e-01)	(-3.409269917825e-03 -4.309981302697e-01 -2.249433982949e-04)
13.8                	(5.744042546361e+00 2.375561590215e+00 6.776306357306e-01)	(5.744042546361e+00 2.375561590215e+00 6.776306357306e-01)	(2.619936041228e-03 5.986723987063e-02 -5.394305083164e-04)	(2.777790812490e-01 9.350477137848e-05 1.688578349655e-01)	(-3.215043530380e-03 -6.098061358318e-01 2.828693945159e-04)
13.9                	(5.772646302061e+00 2.375570757692e+00 6.886744568153e-01)	(5.772646302061e+00 2.375570757692e+00 6.886744568153e-01)	(2.328484979272e-03 -6.505216764929e-03 -3.264621378247e-04)	(2.849854651500e-01 8.512191487597e-05 4.916061327527e-02)	(-2.412321479722e-03 -6.996916515447e-01 6.755635870357e-04)
14                  	(5.799218658253e+00 2.375577881023e+00 6.872478616464e-01)	(5.799218658253e+00 2.375577881023e+00 6.872478616464e-01)	(2.154910740660e-03 -7.591304612527e-02 -9.277202093734e-05)	(2.380723102554e-01 5.594753831877e-05 -7.707017314826e-02)	(-1.209612402949e-03 -6.652173723777e-01 8.526940301750e-04)
14.1                	(5.818847658980e+00 2.375581609272e+00 6.737139337928e-01)	(5.818847658980e+00 2.375581609272e+00 6.737139337928e-01)	(2.124571991681e-03 -1.347373185011e-01 1.178396244331e-04)	(1.491403237372e-01 1.602571014733e-05 -1.895046983113e-01)	(1.671498556095e-04 -4.878768494881e-01 8.036503886654e-04)
14.2                	(5.828313634124e+00 2.375580909974e+00 6.505003443686e-01)	(5.828313634124e+00 2.375580909974e+00 6.505003443686e-01)	(2.230980592719e-03 -1.694640049007e-01 2.696060843211e-04)	(3.811005322950e-02 -2.783295198526e-05 -2.675659994360e-01)	(1.456902133068e-03 -1.914653281234e-01 6.932625789351e-04)
14.3                	(5.826319420768e+00 2.375576872644e+00 6.218271216452e-01)	(5.826319420768e+00 2.375576872644e+00 6.218271216452e-01)	(2.438865697957e-03 -1.712835246247e-01 3.372373361322e-04)	(-7.734185017012e-02 -4.862590265623e-05 -2.970765901499e-01)	(2.400144949330e-03 1.566580318450e-01 5.715038985633e-04)
14.4                	(5.813274204376e+00 2.375572202053e+00 5.929252881063e-01)	(5.813274204376e+00 2.375572202053e+00 5.929252881063e-01)	(2.705139400370e-03 -1.392896952391e-01 3.075175002486e-04)	(-1.802106653433e-01 -4.188256510472e-05 -2.718744039717e-01)	(2.948121111589e-03 4.703895796008e-01 5.063694432827e-04)
14.5                	(5.791245258120e+00 2.375568546046e+00 5.691832972830e-01)	(5.791245258120e+00 2.375568546046e+00 5.691832972830e-01)	(2.996815400725e-03 -8.088835657647e-02 1.873124293349e-04)	(-2.542453326555e-01 -2.982723831112e-05 -1.953204358103e-01)	(3.065717028272e-03 6.746653109167e-01 4.277222128613e-04)
14.6                	(5.763904110608e+00 2.375566127066e+00 5.551212002909e-01)	(5.763904110608e+00 2.375566127066e+00 5.551212002909e-01)	(3.280483924379e-03 -9.449127974917e-03 -4.191409620151e-06)	(-2.842551856731e-01 -2.083140788945e-05 -8.131125562871e-02)	(2.690384899327e-03 7.281997225949e-01 1.976557969361e-04)
14.7                	(5.736207626675e+00 2.375564335117e+00 5.535204867757e-01)	(5.736207626675e+00 2.375564335117e+00 5.535204867757e-01)	(3.515627476506e-03 5.986005392424e-02 -2.380685798663e-04)	(-2.603102272995e-01 -1.523445103559e-05 5.020230288272e-02)	(1.806508744823e-03 6.359120524902e-01 -1.710875808827e-04)
14.8                	(5.713661391002e+00 2.375563159736e+00 5.649452965798e-01)	(5.713661391002e+00 2.375563159736e+00 5.649452965798e-01)	(3.654164333218e-03 1.139407672429e-01 -4.713410399926e-04)	(-1.822736270976e-01 -9.710567014836e-06 1.749615604430e-01)	(4.929499930373e-04 4.307859211339e-01 -5.829391392685e-04)
14.9                	(5.701106458445e+00 2.375562303677e+00 5.874067250869e-01)	(5.701106458445e+00 2.375562303677e+00 5.874067250869e-01)	(3.652426818248e-03 1.439667657896e-01 -6.556489343619e-04)	(-6.401508444804e-02 -5.607558827685e-06 2.667392494306e-01)	(-1.004570554194e-03 1.645121043896e-01 -8.363289600057e-04)
15                  	(5.701330416695e+00 2.375562415608e+00 6.164921394918e-01)	(5.701330416695e+00 2.375562415608e+00 6.164921394918e-01)	(3.496893020301e-03 1.466360018342e-01 -7.496208539096e-04)	(6.836312885184e-02 8.258587283272e-06 3.050332843630e-01)	(-2.325564023722e-03 -1.088259636912e-01 -7.684993182090e-04)
15.1                	(5.714194612781e+00 2.375564750421e+00 6.463496757584e-01)	(5.714194612781e+00 2.375564750421e+00 6.463496757584e-01)	(3.217410729954e-03 1.231391614351e-01 -7.309817719082e-04)	(1.839365445581e-01 4.364255359034e-05 2.821003842425e-01)	(-3.113754874647e-03 -3.549935074510e-01 -3.967626073896e-04)
15.2                	(5.736765941828e+00 2.375571226409e+00 6.710998263053e-01)	(5.736765941828e+00 2.375571226409e+00 6.710998263053e-01)	(2.882531890657e-03 7.721670715709e-02 -6.065421759499e-04)	(2.596071610780e-01 7.976182143231e-05 2.051729101756e-01)	(-3.221929284434e-03 -5.535764372395e-01 9.798753245585e-05)
15.3                	(5.764384071883e+00 2.375579567203e+00 6.861757711457e-01)	(5.764384071883e+00 2.375579567203e+00 6.861757711457e-01)	(2.572795240409e-03 1.492712832078e-02 -4.024927761298e-04)	(2.835247817651e-01 8.424587524254e-05 9.212192273182e-02)	(-2.689098088361e-03 -6.766762931751e-01 5.637805609303e-04)
15.4                	(5.791643844094e+00 2.375587208163e+00 6.890699582806e-01)	(5.791643844094e+00 2.375587208163e+00 6.890699582806e-01)	(2.356449540991e-03 -5.427462473920e-02 -1.602006679442e-04)	(2.529923479430e-01 6.455241960215e-05 -3.473828787643e-02)	(-1.679773744126e-03 -6.853670360448e-01 8.413266546389e-04)
15.5                	(5.813432089250e+00 2.375591991261e+00 6.794618634534e-01)	(5.813432089250e+00 2.375591991261e+00 6.794618634534e-01)	(2.269917901259e-03 -1.174166338841e-01 7.316947117753e-05)	(1.764482787541e-01 2.830286446725e-05 -1.544370417595e-01)	(-4.271689627569e-04 -5.532386406810e-01 8.569656899997e-04)
15.6                	(5.826023327516e+00 2.375592373091e+00 6.591451667085e-01)	(5.826023327516e+00 2.375592373091e+00 6.591451667085e-01)	(2.316773686181e-03 -1.604962062338e-01 2.530118505773e-04)	(7.241752808139e-02 -2.022109433850e-05 -2.454984390536e-01)	(8.410607764857e-04 -2.899905842997e-01 7.326238596968e-04)
15.7                	(5.827592039115e+00 2.375588618509e+00 6.318594664357e-01)	(5.827592039115e+00 2.375588618509e+00 6.318594664357e-01)	(2.469494991343e-03 -1.728996554225e-01 3.490750995855e-04)	(-4.102974302193e-02 -4.957007165972e-05 -2.916403911488e-01)	(1.826399094644e-03 4.749102942870e-02 5.731163125219e-04)
15.8                	(5.818022829040e+00 2.375583339154e+00 6.026019196335e-01)	(5.818022829040e+00 2.375583339154e+00 6.026019196335e-01)	(2.682828846369e-03 -1.513014968777e-01 3.439943139581e-04)	(-1.477995214020e-01 -5.141332825259e-05 -2.843136128727e-01)	(2.378914309203e-03 3.759753118684e-01 4.667562910569e-04)
15.9                	(5.798811556491e+00 2.375578966731e+00 5.767902937215e-01)	(5.798811556491e+00 2.375578966731e+00 5.767902937215e-01)	(2.918907486391e-03 -1.007011800615e-01 2.447075887999e-04)	(-2.312097945514e-01 -3.681690440426e-05 -2.236033440847e-01)	(2.527434413000e-03 6.157139436177e-01 4.032871928175e-04)
16                  	(5.773073663018e+00 2.375576184329e+00 5.592959483853e-01)	(5.773073663018e+00 2.375576184329e+00 5.592959483853e-01)	(3.152586843073e-03 -3.285505015841e-02 7.225843558927e-05)	(-2.758569641158e-01 -1.929254074094e-05 -1.206295283680e-01)	(2.309241552778e-03 7.160205090831e-01 2.530940978567e-04)
16.1                	(5.745341619929e+00 2.375574892741e+00 5.534455336460e-01)	(5.745341619929e+00 2.375574892741e+00 5.534455336460e-01)	(3.358185705716e-03 3.749251556065e-02 -1.463995264817e-04)	(-2.696918118567e-01 -7.694613295392e-06 5.865816013477e-03)	(1.718500130532e-03 6.678024739588e-01 -6.454285102273e-05)
16.2                	(5.720957115586e+00 2.375574699374e+00 5.605041875851e-01)	(5.720957115586e+00 2.375574699374e+00 5.605041875851e-01)	(3.498149120371e-03 9.660530841795e-02 -3.752638240043e-04)	(-2.092085752473e-01 4.131754755854e-06 1.334465571166e-01)	(7.025636993905e-04 4.974173224832e-01 -4.485311789084e-04)
16.3                	(5.705038133696e+00 2.375575587131e+00 5.793309953939e-01)	(5.705038133696e+00 2.375575587131e+00 5.793309953939e-01)	(3.528234621681e-03 1.344014277556e-01 -5.725509617120e-04)	(-1.032449739104e-01 1.243476666244e-05 2.368092107319e-01)	(-5.851856866411e-04 2.503012872306e-01 -7.742129279108e-04)
16.4                	(5.701097411543e+00 2.375577583571e+00 6.062843703437e-01)	(5.701097411543e+00 2.375577583571e+00 6.062843703437e-01)	(3.422932689602e-03 1.459476293720e-01 -6.976596550714e-04)	(2.591038408842e-02 2.727391010882e-05 2.930408991074e-01)	(-1.836336292551e-03 -1.914273476246e-02 -8.289698146573e-04)
16.5                	(5.709980904279e+00 2.375580887933e+00 6.359672842155e-01)	(5.709980904279e+00 2.375580887933e+00 6.359672842155e-01)	(3.196730316629e-03 1.312093838093e-01 -7.212834358060e-04)	(1.482807694919e-01 4.311889256188e-05 2.906490444707e-01)	(-2.667494700305e-03 -2.708851288737e-01 -5.564736886928e-04)
16.6                	(5.729621048458e+00 2.375586958548e+00 6.625293929817e-01)	(5.729621048458e+00 2.375586958548e+00 6.625293929817e-01)	(2.901785594280e-03 9.302550890011e-02 -6.382037948318e-04)	(2.373442667419e-01 7.682610241254e-05 2.321365456303e-01)	(-2.941038310272e-03 -4.848864965539e-01 -9.319675376505e-05)
16.7                	(5.755820294666e+00 2.375595062728e+00 6.809900221498e-01)	(5.755820294666e+00 2.375595062728e+00 6.809900221498e-01)	(2.608346301152e-03 3.627261640703e-02 -4.651840928493e-04)	(2.777279105336e-01 8.182611488891e-05 1.316915811916e-01)	(-2.609043183137e-03 -6.368279827339e-01 4.174048594217e-04)
16.8                	(5.783358152604e+00 2.375602555145e+00 6.881580950439e-01)	(5.783358152604e+00 2.375602555145e+00 6.881580950439e-01)	(2.386641249020e-03 -3.101329706446e-02 -2.370239530456e-04)	(2.640960972299e-01 6.282464455151e-05 1.003890593912e-02)	(-1.743826518935e-03 -6.888691805736e-01 7.639139044504e-04)
16.9                	(5.806987479706e+00 2.375607104098e+00 6.829985884435e-01)	(5.806987479706e+00 2.375607104098e+00 6.829985884435e-01)	(2.284451987958e-03 -9.700154546805e-02 4.544155407375e-07)	(2.012867242595e-01 2.654241862767e-05 -1.116007141773e-01)	(-5.744446786148e-04 -6.069927995055e-01 8.628190234069e-04)
17                  	(5.822496172694e+00 2.375607576483e+00 6.665273111281e-01)	(5.822496172694e+00 2.375607576483e+00 6.665273111281e-01)	(2.314083682777e-03 -1.477018541195e-01 2.000612031428e-04)	(1.049148906413e-01 -1.876739068911e-05 -2.127956087523e-01)	(6.669272469266e-04 -3.860761950996e-01 7.684471144113e-04)
17.1                	(5.827488389873e+00 2.375603737564e+00 6.417396673967e-01)	(5.827488389873e+00 2.375603737564e+00 6.417396673967e-01)	(2.455987428702e-03 -1.709338902235e-01 3.272314443290e-04)	(-6.037150815181e-03 -5.386745380832e-05 -2.753447736569e-01)	(1.710795835481e-03 -6.804262803439e-02 6.397075057753e-04)
17.2                	(5.821366882689e+00 2.375597874068e+00 6.131409206719e-01)	(5.821366882689e+00 2.375597874068e+00 6.131409206719e-01)	(2.669504948893e-03 -1.606287953512e-01 3.580403383786e-04)	(-1.145517969187e-01 -5.605538650863e-05 -2.875568096982e-01)	(2.385632847225e-03 2.698480229239e-01 5.147255779492e-04)
17.3                	(5.805136461092e+00 2.375593439582e+00 5.860098729802e-01)	(5.805136461092e+00 2.375593439582e+00 5.860098729802e-01)	(2.915391996586e-03 -1.191334503564e-01 2.884171897079e-04)	(-2.056430962715e-01 -3.225359544321e-05 -2.463125468360e-01)	(2.653430054638e-03 5.431034542918e-01 4.325142480619e-04)
17.4                	(5.781353195280e+00 2.375591323930e+00 5.654347083413e-01)	(5.781353195280e+00 2.375591323930e+00 5.654347083413e-01)	(3.163956892224e-03 -5.624761445800e-02 1.341047774322e-04)	(-2.632137930880e-01 -1.121454014004e-05 -1.585794597651e-01)	(2.515081178900e-03 6.907464962081e-01 3.092713017470e-04)
17.5                	(5.754061069580e+00 2.375590810070e+00 5.553138051477e-01)	(5.754061069580e+00 2.375590810070e+00 5.553138051477e-01)	(3.387164154624e-03 1.408537476550e-02 -7.787464679139e-05)	(-2.739835212586e-01 7.084082609483e-08 -4.034151796066e-02)	(1.957757658609e-03 6.919092807268e-01 4.131938369931e-05)
17.6                	(5.728345338455e+00 2.375591441409e+00 5.576934064284e-01)	(5.728345338455e+00 2.375591441409e+00 5.576934064284e-01)	(3.546361377732e-03 7.773587429775e-02 -3.135881316225e-04)	(-2.313853552218e-01 1.325107411176e-05 8.751213121489e-02)	(9.249714419055e-04 5.619178919192e-01 -3.342522478005e-04)
17.7                	(5.709438380279e+00 2.375593457779e+00 5.723227840214e-01)	(5.709438380279e+00 2.375593457779e+00 5.723227840214e-01)	(3.594271872894e-03 1.233016889914e-01 -5.297550436346e-04)	(-1.396438811364e-01 2.460506287832e-05 2.004719137988e-01)	(-4.386984755215e-04 3.380507270136e-01 -6.866064211674e-04)
17.8                	(5.701459800641e+00 2.375596477302e+00 5.964723377108e-01)	(5.701459800641e+00 2.375596477302e+00 5.964723377108e-01)	(3.500128842983e-03 1.440018588769e-01 -6.835721407013e-04)	(-1.698481206117e-02 3.774679780554e-05 2.742409320765e-01)	(-1.829969964954e-03 7.368045015686e-02 -8.236052772335e-04)
17.9                	(5.706207081229e+00 2.375600868761e+00 6.253358113283e-01)	(5.706207081229e+00 2.375600868761e+00 6.253358113283e-01)	(3.268837097922e-03 1.382328835484e-01 -7.386200356692e-04)	(1.099596776391e-01 5.303761313611e-05 2.933382658371e-01)	(-2.871952835910e-03 -1.860444922019e-01 -5.968659528236e-04)
18                  	(5.722560811366e+00 2.375607853681e+00 6.531877903012e-01)	(5.722560811366e+00 2.375607853681e+00 6.531877903012e-01)	(2.947618290406e-03 1.078393437169e-01 -6.813671063482e-04)	(2.110245253605e-01 8.879983934119e-05 2.546428887733e-01)	(-3.295220331571e-03 -4.149688156268e-01 -1.250690515743e-04)
18.1                	(5.746932050034e+00 2.375617727131e+00 6.746814988222e-01)	(5.746932050034e+00 2.375617727131e+00 6.746814988222e-01)	(2.612862501421e-03 5.696869349254e-02 -5.252421531438e-04)	(2.679837367995e-01 1.012165180153e-04 1.686747564363e-01)	(-3.039671882095e-03 -5.917914803105e-01 4.190350925223e-04)
18.2                	(5.774365427278e+00 2.375627359979e+00 6.859810469447e-01)	(5.774365427278e+00 2.375627359979e+00 6.859810469447e-01)	(2.343113234075e-03 -7.567255492986e-03 -3.024283237591e-04)	(2.718091752153e-01 8.507655456051e-05 5.429411444999e-02)	(-2.153429848740e-03 -6.812201478460e-01 8.132672852708e-04)
18.3                	(5.799564799402e+00 2.375633824315e+00 6.852914257298e-01)	(5.799564799402e+00 2.375633824315e+00 6.852914257298e-01)	(2.200192811141e-03 -7.512988256671e-02 -5.886376256868e-05)	(2.242354712986e-01 4.247370822651e-05 -6.772049579698e-02)	(-8.736751347881e-04 -6.470363524124e-01 9.531600551220e-04)
18.4                	(5.817895137980e+00 2.375635870006e+00 6.728527631876e-01)	(5.817895137980e+00 2.375635870006e+00 6.728527631876e-01)	(2.203999076892e-03 -1.322042716101e-01 1.593072139178e-04)	(1.374090894432e-01 -1.507407056711e-06 -1.772176589896e-01)	(4.903295748833e-04 -4.714204306979e-01 8.597392300996e-04)
18.5                	(5.826376132448e+00 2.375633426366e+00 6.509271474723e-01)	(5.826376132448e+00 2.375633426366e+00 6.509271474723e-01)	(2.339496467087e-03 -1.655010313916e-01 3.152227532787e-04)	(3.027180216096e-02 -4.567452393030e-05 -2.546393466089e-01)	(1.714480669193e-03 -1.799517500713e-01 7.214500103215e-04)
18.6                	(5.823884785492e+00 2.375627692663e+00 6.234791537057e-01)	(5.823884785492e+00 2.375627692663e+00 6.234791537057e-01)	(2.570075768460e-03 -1.666211132836e-01 3.830661790611e-04)	(-7.929560670959e-02 -6.413222514175e-05 -2.858347544481e-01)	(2.602114896540e-03 1.582669447996e-01 5.752943359767e-04)
18.7                	(5.810942435197e+00 2.375621893748e+00 5.955523812369e-01)	(5.810942435197e+00 2.375621893748e+00 5.955523812369e-01)	(2.851344760803e-03 -1.351453764396e-01 3.483292617972e-04)	(-1.762270975305e-01 -4.727585908237e-05 -2.638547121017e-01)	(3.044880191996e-03 4.580430201747e-01 4.646069530018e-04)
18.8                	(5.789565576978e+00 2.375618215355e+00 5.723974495329e-01)	(5.789565576978e+00 2.375618215355e+00 5.723974495329e-01)	(3.144296390844e-03 -7.867521499532e-02 2.182945759245e-04)	(-2.454211893264e-01 -2.716952212697e-05 -1.918039795446e-01)	(3.002156229700e-03 6.494704837034e-01 3.351610234136e-04)
18.9                	(5.763276257704e+00 2.375616524443e+00 5.584193998184e-01)	(5.763276257704e+00 2.375616524443e+00 5.584193998184e-01)	(3.412490916916e-03 -9.999023236560e-03 1.600231799325e-05)	(-2.722707172616e-01 -7.869556794699e-06 -8.316811703056e-02)	(2.458261183250e-03 7.000125149230e-01 1.072704500167e-04)
19                  	(5.736848822282e+00 2.375616499990e+00 5.563530616492e-01)	(5.736848822282e+00 2.375616499990e+00 5.563530616492e-01)	(3.618638243450e-03 5.672178134130e-02 -2.257507302280e-04)	(-2.473605449882e-01 6.231513170194e-06 4.280875958325e-02)	(1.472791843763e-03 6.134753750995e-01 -2.596566603880e-04)
19.1                	(5.715531657359e+00 2.375617503939e+00 5.667908732486e-01)	(5.715531657359e+00 2.375617503939e+00 5.667908732486e-01)	(3.721230685812e-03 1.090696141483e-01 -4.646954559145e-04)	(-1.710982411118e-01 1.206428248951e-05 1.627943464147e-01)	(1.321061563415e-04 4.191547590763e-01 -6.448390294897e-04)
19.2                	(5.703902623030e+00 2.375618776745e+00 5.878617887606e-01)	(5.703902623030e+00 2.375618776745e+00 5.878617887606e-01)	(3.683511191598e-03 1.385223769199e-01 -6.537485302758e-04)	(-5.692493939958e-02 1.726187527158e-05 2.515710586755e-01)	(-1.360406033563e-03 1.643686725086e-01 -8.760696708958e-04)
19.3                	(5.704560937819e+00 2.375621407263e+00 6.153849762423e-01)	(5.704560937819e+00 2.375621407263e+00 6.153849762423e-01)	(3.493280358432e-03 1.416514408272e-01 -7.504436040475e-04)	(6.991977912359e-02 3.551030071165e-05 2.894699351406e-01)	(-2.650140660527e-03 -9.975898271643e-02 -7.382281505745e-04)
19.4                	(5.717348730095e+00 2.375626601279e+00 6.438186195841e-01)	(5.717348730095e+00 2.375626601279e+00 6.438186195841e-01)	(3.183881600041e-03 1.193602616248e-01 -7.277627380155e-04)	(1.809439953224e-01 7.020866607338e-05 2.698143696996e-01)	(-3.369599791268e-03 -3.411571232607e-01 -2.635834237372e-04)
19.5                	(5.739416113215e+00 2.375635220656e+00 6.676386696764e-01)	(5.739416113215e+00 2.375635220656e+00 6.676386696764e-01)	(2.828957532358e-03 7.492011865942e-02 -5.935742875692e-04)	(2.526173121681e-01 9.496971195161e-05 1.992355472131e-01)	(-3.362654073805e-03 -5.383315684031e-01 2.808961244174e-04)
19.6                	(5.766166345332e+00 2.375644572787e+00 6.824917271519e-01)	(5.766166345332e+00 2.375644572787e+00 6.824917271519e-01)	(2.508631062332e-03 1.409699397751e-02 -3.798588059862e-04)	(2.733156960367e-01 8.952156833643e-05 9.362734248183e-02)	(-2.760814401914e-03 -6.629268008605e-01 7.152564943595e-04)
19.7                	(5.792309314207e+00 2.375652101623e+00 6.858981267720e-01)	(5.792309314207e+00 2.375652101623e+00 6.858981267720e-01)	(2.288909051349e-03 -5.381164882518e-02 -1.348879158456e-04)	(2.412178651779e-01 5.584678194035e-05 -2.613734217540e-02)	(-1.671131171553e-03 -6.731195270656e-01 8.950527396141e-04)
19.8                	(5.812938897957e+00 2.375655222312e+00 6.774440408310e-01)	(5.812938897957e+00 2.375655222312e+00 6.774440408310e-01)	(2.206701371881e-03 -1.157728346314e-01 9.227377300690e-05)	(1.654287554637e-01 5.464762071440e-06 -1.403326416790e-01)	(-3.407248086325e-04 -5.419613266687e-01 8.209549022074e-04)
19.9                	(5.824538169291e+00 2.375653140237e+00 6.586770057017e-01)	(5.824538169291e+00 2.375653140237e+00 6.586770057017e-01)	(2.262987811841e-03 -1.578570540490e-01 2.613209907277e-04)	(6.391530277290e-02 -4.560394702517e-05 -2.292213883667e-01)	(9.824662420298e-04 -2.818655005873e-01 6.620536986360e-04)
20                  	(5.825453847434e+00 2.375646745780e+00 6.329852397510e-01)	(5.825453847434e+00 2.375646745780e+00 6.329852397510e-01)	(2.433164260802e-03 -1.697117102399e-01 3.489246038176e-04)	(-4.540407973430e-02 -7.658276897296e-05 -2.764868599718e-01)	(2.081659860614e-03 4.988602548744e-02 5.192902188216e-04)
20.1                	(5.815682710116e+00 2.375638837835e+00 6.050666992071e-01)	(5.815682710116e+00 2.375638837835e+00 6.050666992071e-01)	(2.680878636449e-03 -1.482450417873e-01 3.406894379170e-04)	(-1.473820222632e-01 -7.601019335593e-05 -2.730010999894e-01)	(2.826267089965e-03 3.704681578841e-01 4.398546894193e-04)
20.2                	(5.796766035784e+00 2.375632305754e+00 5.801268157126e-01)	(5.796766035784e+00 2.375632305754e+00 5.801268157126e-01)	(2.969588687505e-03 -9.866316420279e-02 2.412527433238e-04)	(-2.258997349214e-01 -5.394271026065e-05 -2.177278737560e-01)	(3.104751115251e-03 6.008401357876e-01 3.864466215999e-04)
20.3                	(5.771765334012e+00 2.375628082504e+00 5.629160718041e-01)	(5.771765334012e+00 2.375628082504e+00 5.629160718041e-01)	(3.261880917998e-03 -3.259531839108e-02 6.655605009857e-05)	(-2.666667280805e-01 -3.066885800563e-05 -1.209028565766e-01)	(2.880015056036e-03 6.963054939530e-01 2.290240954731e-04)
20.4                	(5.745077261983e+00 2.375626015614e+00 5.567612799258e-01)	(5.745077261983e+00 2.375626015614e+00 5.567612799258e-01)	(3.518495352100e-03 3.592879593799e-02 -1.579294973641e-04)	(-2.582200445430e-01 -1.038554690917e-05 1.073124774584e-04)	(2.151060127211e-03 6.524584317048e-01 -9.036244166683e-05)
20.5                	(5.721877434508e+00 2.375625716994e+00 5.630003411186e-01)	(5.721877434508e+00 2.375625716994e+00 5.630003411186e-01)	(3.692326204744e-03 9.387177366271e-02 -3.971005294153e-04)	(-1.973846966715e-01 1.571184601360e-06 1.229551120981e-01)	(9.431578777348e-04 4.895710779188e-01 -4.958633132063e-04)
20.6                	(5.707055990912e+00 2.375625939156e+00 5.805855934157e-01)	(5.707055990912e+00 2.375625939156e+00 5.805855934157e-01)	(3.736672317320e-03 1.312367177959e-01 -6.044187147221e-04)	(-9.315374010086e-02 2.480508659205e-06 2.228480191719e-01)	(-5.512528061650e-04 2.492251159004e-01 -8.061339047835e-04)
20.7                	(5.703940126237e+00 2.375626781712e+00 6.060795334767e-01)	(5.703940126237e+00 2.375626781712e+00 6.060795334767e-01)	(3.626346171830e-03 1.428956754704e-01 -7.341755575450e-04)	(3.224836304327e-02 1.539033410020e-05 2.783116605062e-01)	(-1.968689482610e-03 -1.673436678729e-02 -8.377144564311e-04)
20.8                	(5.713225892445e+00 2.375629039888e+00 6.343811237466e-01)	(5.713225892445e+00 2.375629039888e+00 6.343811237466e-01)	(3.377422622588e-03 1.283363020322e-01 -7.560011358597e-04)	(1.498009599133e-01 3.389937834787e-05 2.781921479795e-01)	(-2.989593714312e-03 -2.700635089615e-01 -5.542631525029e-04)
20.9                	(5.732772572719e+00 2.375634207339e+00 6.599179051122e-01)	(5.732772572719e+00 2.375634207339e+00 6.599179051122e-01)	(3.040256816219e-03 9.013366295324e-02 -6.657283093687e-04)	(2.340317210381e-01 6.830303716201e-05 2.244812728080e-01)	(-3.448948199565e-03 -4.857204146227e-01 -7.786042333293e-05)
21                  	(5.758421204103e+00 2.375641474881e+00 6.779227430794e-01)	(5.758421204103e+00 2.375641474881e+00 6.779227430794e-01)	(2.688968540687e-03 3.335840448147e-02 -4.858617114619e-04)	(2.701382989109e-01 7.305488502881e-05 1.303590148847e-01)	(-3.239583852675e-03 -6.362369820922e-01 4.079905013265e-04)
21.1                	(5.785028607046e+00 2.375647753227e+00 6.852819085863e-01)	(5.785028607046e+00 2.375647753227e+00 6.852819085863e-01)	(2.404792753594e-03 -3.362905928190e-02 -2.574523825061e-04)	(2.534420077432e-01 4.450862719475e-05 1.501175023992e-02)	(-2.353727042551e-03 -6.829937579823e-01 7.299937553886e-04)
21.2                	(5.807539141261e+00 2.375649560227e+00 6.808933746517e-01)	(5.807539141261e+00 2.375649560227e+00 6.808933746517e-01)	(2.247037917134e-03 -9.867146703060e-02 -2.648628285753e-05)	(1.899884928923e-01 -9.511516259068e-06 -1.014079901388e-01)	(-1.064973586454e-03 -5.936803607510e-01 8.233584339938e-04)
21.3                	(5.821974863286e+00 2.375645832750e+00 6.656107330672e-01)	(5.821974863286e+00 2.375645832750e+00 6.656107330672e-01)	(2.234748755723e-03 -1.477317541722e-01 1.634007483224e-04)	(9.516376029608e-02 -6.467662775350e-05 -1.995907409521e-01)	(3.443166499582e-04 -3.672901580764e-01 7.520552242547e-04)
21.4                	(5.826157687672e+00 2.375637144434e+00 6.421885165832e-01)	(5.826157687672e+00 2.375637144434e+00 6.421885165832e-01)	(2.351783964737e-03 -1.690770115360e-01 2.844061443510e-04)	(-1.233572046639e-02 -1.036170861160e-04 -2.617277430058e-01)	(1.565105612427e-03 -5.046473459813e-02 6.676372305312e-04)
21.5                	(5.819638341673e+00 2.375626373361e+00 6.148934164573e-01)	(5.819638341673e+00 2.375626373361e+00 6.148934164573e-01)	(2.560669004724e-03 -1.574593892826e-01 3.180890047190e-04)	(-1.165947249817e-01 -1.051141868719e-04 -2.757023225283e-01)	(2.429845805526e-03 2.779864858540e-01 5.863711183542e-04)
21.6                	(5.803459730338e+00 2.375617005788e+00 5.887887258452e-01)	(5.803459730338e+00 2.375617005788e+00 5.887887258452e-01)	(2.821041644523e-03 -1.158157304352e-01 2.620311256396e-04)	(-2.028179410649e-01 -8.025804590093e-05 -2.379619802424e-01)	(2.846165192062e-03 5.382346605466e-01 5.508563908158e-04)
21.7                	(5.780186335711e+00 2.375610715233e+00 5.688095210320e-01)	(5.780186335711e+00 2.375610715233e+00 5.688095210320e-01)	(3.095974475334e-03 -5.399112109326e-02 1.292371119437e-04)	(-2.559676456466e-01 -4.424818885637e-05 -1.551792569485e-01)	(2.788477064425e-03 6.749746021778e-01 4.469520171354e-04)
21.8                	(5.753790038474e+00 2.375608005146e+00 5.587465643108e-01)	(5.753790038474e+00 2.375608005146e+00 5.587465643108e-01)	(3.347030695885e-03 1.443105095930e-02 -5.867879832264e-05)	(-2.635541806361e-01 -1.182417512951e-05 -4.259131064510e-02)	(2.216770511515e-03 6.709833500803e-01 1.682796602394e-04)
21.9                	(5.729204675300e+00 2.375608079506e+00 5.606149814766e-01)	(5.729204675300e+00 2.375608079506e+00 5.606149814766e-01)	(3.529610270758e-03 7.604296064295e-02 -2.748853606776e-04)	(-2.195366540339e-01 8.844811998999e-06 7.964362809855e-02)	(1.163112723924e-03 5.431112501216e-01 -2.565793148799e-04)
22                  	(5.711472761698e+00 2.375609153684e+00 5.742068668135e-01)	(5.711472761698e+00 2.375609153684e+00 5.742068668135e-01)	(3.600568370513e-03 1.200624594844e-01 -4.790225616623e-04)	(-1.282214551883e-01 9.649694473864e-06 1.879184363202e-01)	(-1.766469654471e-04 3.261439694804e-01 -6.341365053107e-04)
22.1                	(5.704566716854e+00 2.375610315544e+00 5.969943806059e-01)	(5.704566716854e+00 2.375610315544e+00 5.969943806059e-01)	(3.534085798831e-03 1.399251568565e-01 -6.261666333877e-04)	(-7.186918170378e-03 1.545390630242e-05 2.602010279658e-01)	(-1.515747628308e-03 6.821734973791e-02 -8.039918485379e-04)
22.2                	(5.710066706474e+00 2.375612352188e+00 6.245113995606e-01)	(5.710066706474e+00 2.375612352188e+00 6.245113995606e-01)	(3.328133822081e-03 1.337795794975e-01 -6.783164937775e-04)	(1.150244158064e-01 2.829958756645e-05 2.809769330999e-01)	(-2.721645967167e-03 -1.884590439988e-01 -5.932570185977e-04)
22.3                	(5.726666234764e+00 2.375616618849e+00 6.513527878262e-01)	(5.726666234764e+00 2.375616618849e+00 6.513527878262e-01)	(3.008035456940e-03 1.031206043604e-01 -6.227285922027e-04)	(2.105384445246e-01 5.774023589342e-05 2.471963992811e-01)	(-3.406451529091e-03 -4.182284417442e-01 -2.350379618218e-04)
22.4                	(5.750657453535e+00 2.375623231929e+00 6.724096328379e-01)	(5.750657453535e+00 2.375623231929e+00 6.724096328379e-01)	(2.656150869116e-03 5.194576330381e-02 -4.828732801221e-04)	(2.608128457273e-01 6.775335429713e-05 1.674140139746e-01)	(-3.304117861774e-03 -5.938290032515e-01 1.333276424587e-04)
22.5                	(5.777069317203e+00 2.375629024126e+00 6.838454345499e-01)	(5.777069317203e+00 2.375629024126e+00 6.838454345499e-01)	(2.355192544641e-03 -1.260612390385e-02 -2.929835124613e-04)	(2.586336858891e-01 4.131825586957e-05 5.806712690737e-02)	(-2.538369496883e-03 -6.783963641739e-01 4.213069968102e-04)
22.6                	(5.800736806983e+00 2.375630349841e+00 6.837132299764e-01)	(5.800736806983e+00 2.375630349841e+00 6.837132299764e-01)	(2.169901301456e-03 -7.936714590180e-02 -9.104949632653e-05)	(2.072884426935e-01 -1.698342987899e-05 -6.073999960716e-02)	(-1.307660424369e-03 -6.334369896924e-01 5.848891818837e-04)
22.7                	(5.817339885577e+00 2.375625827163e+00 6.720625473459e-01)	(5.817339885577e+00 2.375625827163e+00 6.720625473459e-01)	(2.128457916390e-03 -1.344347963309e-01 8.839630170269e-05)	(1.203609193545e-01 -7.192694160871e-05 -1.688303365260e-01)	(9.859894454893e-05 -4.453787388542e-01 6.159325840365e-04)
22.8                	(5.824256899026e+00 2.375616195284e+00 6.509674395159e-01)	(5.824256899026e+00 2.375616195284e+00 6.509674395159e-01)	(2.222512581889e-03 -1.647351245054e-01 2.171473805291e-04)	(1.678870658760e-02 -1.167667519899e-04 -2.464077646113e-01)	(1.349314606928e-03 -1.475477989905e-01 6.082412220272e-04)
22.9                	(5.820662111329e+00 2.375603797571e+00 6.243008219360e-01)	(5.820662111329e+00 2.375603797571e+00 6.243008219360e-01)	(2.419758299102e-03 -1.627121869130e-01 2.702954009091e-04)	(-8.723508939488e-02 -1.248391844746e-04 -2.784351031329e-01)	(2.364688430489e-03 1.877372034528e-01 5.562068551635e-04)
23                  	(5.807203732020e+00 2.375592652041e+00 5.970507529953e-01)	(5.807203732020e+00 2.375592652041e+00 5.970507529953e-01)	(2.687818145375e-03 -1.289355305892e-01 2.388835361430e-04)	(-1.780277646306e-01 -9.473849283092e-05 -2.576492282892e-01)	(3.016244461831e-03 4.741879380077e-01 5.649065429978e-04)
23.1                	(5.785999159147e+00 2.375584757074e+00 5.744374157565e-01)	(5.785999159147e+00 2.375584757074e+00 5.744374157565e-01)	(2.992024631652e-03 -7.164716017327e-02 1.312335037363e-04)	(-2.401636282831e-01 -6.336117087214e-05 -1.872739753960e-01)	(3.195273468423e-03 6.493316559054e-01 5.357715189877e-04)
23.2                	(5.760557003065e+00 2.375580015938e+00 5.607945084582e-01)	(5.760557003065e+00 2.375580015938e+00 5.607945084582e-01)	(3.291363092260e-03 -3.816256822947e-03 -3.651507880305e-05)	(-2.608132395826e-01 -3.275395591277e-05 -8.110137378157e-02)	(2.816143658855e-03 6.839525641549e-01 3.470811076437e-04)
23.3                	(5.735511025631e+00 2.375578222531e+00 5.587978755462e-01)	(5.735511025631e+00 2.375578222531e+00 5.587978755462e-01)	(3.535510028007e-03 6.075242252383e-02 -2.404480226896e-04)	(-2.315226729041e-01 -4.504443254349e-06 4.194721589723e-02)	(1.843687491805e-03 5.874233845517e-01 -3.420870649908e-05)
23.4                	(5.715890162027e+00 2.375578372195e+00 5.689350142939e-01)	(5.715890162027e+00 2.375578372195e+00 5.689350142939e-01)	(3.668109418234e-03 1.102153858071e-01 -4.447700239582e-04)	(-1.534315768818e-01 4.421723483142e-06 1.575229492433e-01)	(3.974361794806e-04 3.883297635983e-01 -4.589250492948e-04)
23.5                	(5.706023920651e+00 2.375578984954e+00 5.892754933853e-01)	(5.706023920651e+00 2.375578984954e+00 5.892754933853e-01)	(3.646707203458e-03 1.366351223440e-01 -6.051570533707e-04)	(-3.990304172784e-02 1.018536731775e-05 2.424388860779e-01)	(-1.237343793774e-03 1.355793888467e-01 -7.397668465267e-04)
23.6                	(5.708247313138e+00 2.375580594786e+00 6.157990265415e-01)	(5.708247313138e+00 2.375580594786e+00 6.157990265415e-01)	(3.453576619024e-03 1.371412133079e-01 -6.799619018741e-04)	(8.361636584742e-02 2.304844969018e-05 2.791907506451e-01)	(-2.773119783546e-03 -1.237870175721e-01 -6.477135097389e-04)
23.7                	(5.722086098684e+00 2.375584249407e+00 6.432753952144e-01)	(5.722086098684e+00 2.375584249407e+00 6.432753952144e-01)	(3.122547727125e-03 1.125925303437e-01 -6.516642001108e-04)	(1.877005317396e-01 5.346672357720e-05 2.613348422211e-01)	(-3.646883326666e-03 -3.614569071813e-01 -3.719493791267e-04)
23.8                	(5.744412650076e+00 2.375591345084e+00 6.664167812877e-01)	(5.744412650076e+00 2.375591345084e+00 6.664167812877e-01)	(2.736111085542e-03 6.644266221237e-02 -5.354056523020e-04)	(2.508704305320e-01 8.207564224668e-05 1.942733703177e-01)	(-3.769438320462e-03 -5.513527191493e-01 4.135020459568e-06)
23.9                	(5.770560267080e+00 2.375599192722e+00 6.809715467559e-01)	(5.770560267080e+00 2.375599192722e+00 6.809715467559e-01)	(2.373901153134e-03 4.953855241957e-03 -3.605845752808e-04)	(2.632237342703e-01 6.862248410933e-05 9.263794828130e-02)	(-3.234566064772e-03 -6.618267121213e-01 3.411885290806e-04)
24                  	(5.795363126138e+00 2.375603590765e+00 6.844366306799e-01)	(5.795363126138e+00 2.375603590765e+00 6.844366306799e-01)	(2.108750582306e-03 -6.197214687911e-02 -1.650303822257e-04)	(2.249885477565e-01 1.443194770217e-05 -2.420158682697e-02)	(-2.105718102580e-03 -6.542221540608e-01 5.607042166033e-04)
24.1                	(5.814211178993e+00 2.375601866463e+00 6.762722618035e-01)	(5.814211178993e+00 2.375601866463e+00 6.762722618035e-01)	(1.985017839440e-03 -1.211531722530e-01 1.732836201547e-05)	(1.466924281788e-01 -4.776930907924e-05 -1.366485837516e-01)	(-6.783374901257e-04 -5.060366785986e-01 6.359264311679e-04)
24.2                	(5.823979020637e+00 2.375594382552e+00 6.579421039203e-01)	(5.823979020637e+00 2.375594382552e+00 6.579421039203e-01)	(2.010927576176e-03 -1.590700643171e-01 1.580242051146e-04)	(4.652558673477e-02 -1.000038885628e-04 -2.242446704416e-01)	(7.869044642655e-04 -2.362878277839e-01 6.368686553694e-04)
24.3                	(5.823358510231e+00 2.375582695299e+00 6.328190501554e-01)	(5.823358510231e+00 2.375582695299e+00 6.328190501554e-01)	(2.169716997010e-03 -1.664560506716e-01 2.346252506919e-04)	(-5.860490298032e-02 -1.277937628781e-04 -2.703791458245e-01)	(2.094055053827e-03 9.146533207498e-02 5.719127551202e-04)
24.4                	(5.812571328110e+00 2.375570089547e+00 6.055540713230e-01)	(5.812571328110e+00 2.375570089547e+00 6.055540713230e-01)	(2.430618353131e-03 -1.415493639377e-01 2.328901790247e-04)	(-1.541743694957e-01 -1.181542010307e-04 -2.660271821235e-01)	(3.056078739250e-03 3.955387384936e-01 5.561243304780e-04)
24.5                	(5.793319626297e+00 2.375559743352e+00 5.813330531456e-01)	(5.793319626297e+00 2.375559743352e+00 5.813330531456e-01)	(2.754928672967e-03 -9.054008852137e-02 1.550379726066e-04)	(-2.257152243452e-01 -8.909564735372e-05 -2.105926322599e-01)	(3.515593820669e-03 6.046665327754e-01 5.382271247271e-04)
24.6                	(5.768693527735e+00 2.375552402184e+00 5.647724267985e-01)	(5.768693527735e+00 2.375552402184e+00 5.647724267985e-01)	(3.099190757976e-03 -2.512567731323e-02 1.201802491728e-05)	(-2.595200756428e-01 -5.646105166825e-05 -1.153695898514e-01)	(3.442649281298e-03 6.801452259240e-01 4.125950797029e-04)
24.7                	(5.743018163812e+00 2.375548315773e+00 5.590194857112e-01)	(5.743018163812e+00 2.375548315773e+00 5.590194857112e-01)	(3.419010729872e-03 4.102248127192e-02 -1.784906214711e-04)	(-2.454899756402e-01 -2.578875374293e-05 2.358839640924e-03)	(2.803504424223e-03 6.224078988552e-01 6.207003472122e-05)
24.8                	(5.721267626145e+00 2.375546929627e+00 5.652763321706e-01)	(5.721267626145e+00 2.375546929627e+00 5.652763321706e-01)	(3.653310547272e-03 9.568018244979e-02 -3.897028357926e-04)	(-1.816105931579e-01 -5.378652291393e-06 1.208523139601e-01)	(1.486225528855e-03 4.552994936085e-01 -3.958433496481e-04)
24.9                	(5.708054227336e+00 2.375546643194e+00 5.824145490175e-01)	(5.708054227336e+00 2.375546643194e+00 5.824145490175e-01)	(3.738617756372e-03 1.297520518368e-01 -5.756318964611e-04)	(-7.741970227814e-02 4.435333113591e-07 2.162596410366e-01)	(-2.300437206615e-04 2.186193910900e-01 -7.477348229450e-04)
25                  	(5.706376972986e+00 2.375547410310e+00 6.070740547705e-01)	(5.706376972986e+00 2.375547410310e+00 6.070740547705e-01)	(3.647140181142e-03 1.387309550684e-01 -6.922251150858e-04)	(4.461449881786e-02 1.512715044129e-05 2.685261982115e-01)	(-1.880221983485e-03 -3.890003088133e-02 -8.292231001189e-04)
25.1                	(5.716634269720e+00 2.375550243285e+00 6.343361583834e-01)	(5.716634269720e+00 2.375550243285e+00 6.343361583834e-01)	(3.391756143819e-03 1.224897023340e-01 -7.081217392180e-04)	(1.566191208453e-01 4.692960817118e-05 2.676809155301e-01)	(-3.184695913800e-03 -2.817308563612e-01 -5.757156202674e-04)
25.2                	(5.736547579033e+00 2.375557129502e+00 6.589115943239e-01)	(5.736547579033e+00 2.375557129502e+00 6.589115943239e-01)	(3.027367196060e-03 8.358939090824e-02 -6.210279845492e-04)	(2.343437702341e-01 8.802253137698e-05 2.161025947446e-01)	(-3.796220210419e-03 -4.882709163825e-01 -1.695650648670e-04)
25.3                	(5.761884242924e+00 2.375566445991e+00 6.762399633604e-01)	(5.761884242924e+00 2.375566445991e+00 6.762399633604e-01)	(2.637911498967e-03 2.697823596136e-02 -4.568394928082e-04)	(2.636885508555e-01 9.318210796263e-05 1.253229448013e-01)	(-3.694516010700e-03 -6.299416803492e-01 2.368719861620e-04)
25.4                	(5.787561690575e+00 2.375574478661e+00 6.832749844293e-01)	(5.787561690575e+00 2.375574478661e+00 6.832749844293e-01)	(2.304347011819e-03 -3.888335134804e-02 -2.563546470820e-04)	(2.416012553374e-01 6.009081848789e-05 1.351313574066e-02)	(-2.903278870399e-03 -6.667412475015e-01 5.026446959614e-04)
25.5                	(5.808709184370e+00 2.375577718887e+00 6.788817375506e-01)	(5.808709184370e+00 2.375577718887e+00 6.788817375506e-01)	(2.087125616190e-03 -1.018502757237e-01 -6.102546173559e-05)	(1.750782420335e-01 3.785057147719e-06 -1.001175907040e-01)	(-1.662514390986e-03 -5.690302813546e-01 6.145044949391e-04)
25.6                	(5.821646205292e+00 2.375575404095e+00 6.638500714013e-01)	(5.821646205292e+00 2.375575404095e+00 6.638500714013e-01)	(2.011610084490e-03 -1.482068820766e-01 9.717168881608e-05)	(8.056121443180e-02 -4.978476990822e-05 -1.959624213584e-01)	(-2.347329738605e-04 -3.387846086829e-01 6.285936804580e-04)
25.7                	(5.824482446624e+00 2.375568076155e+00 6.408783062929e-01)	(5.824482446624e+00 2.375568076155e+00 6.408783062929e-01)	(2.073831724278e-03 -1.667646513888e-01 1.978386341335e-04)	(-2.435207695646e-02 -9.337709088108e-05 -2.564497026838e-01)	(1.141086804555e-03 -2.417411832010e-02 6.025317472803e-04)
25.8                	(5.816984782045e+00 2.375557860126e+00 6.141681121730e-01)	(5.816984782045e+00 2.375557860126e+00 6.141681121730e-01)	(2.254157641187e-03 -1.528554529989e-01 2.262329939522e-04)	(-1.234989232982e-01 -1.028226735330e-04 -2.689658038129e-01)	(2.327001955633e-03 2.952659413097e-01 5.724526079206e-04)
25.9                	(5.800365929481e+00 2.375548542815e+00 5.887873764073e-01)	(5.800365929481e+00 2.375548542815e+00 5.887873764073e-01)	(2.527621699381e-03 -1.101280499638e-01 1.806664619568e-04)	(-2.043680329814e-01 -8.053577868106e-05 -2.303022924583e-01)	(3.191635785370e-03 5.419172499335e-01 5.747996645014e-04)
26                  	(5.777215767276e+00 2.375542026928e+00 5.695830630849e-01)	(5.777215767276e+00 2.375542026928e+00 5.695830630849e-01)	(2.861723039563e-03 -4.872096632413e-02 6.978729732871e-05)	(-2.521791665324e-01 -5.119897943188e-05 -1.475910276171e-01)	(3.551377390503e-03 6.635581877901e-01 5.036689041511e-04)
26.1                	(5.751423610198e+00 2.375538193343e+00 5.602348160261e-01)	(5.751423610198e+00 2.375538193343e+00 5.602348160261e-01)	(3.206847658848e-03 1.810122342459e-02 -9.429549144599e-05)	(-2.553967841062e-01 -2.665260006858e-05 -3.593484563497e-02)	(3.292586388062e-03 6.519180804291e-01 2.250546330844e-04)
26.2                	(5.727817833007e+00 2.375536581505e+00 5.626731826245e-01)	(5.727817833007e+00 2.375536581505e+00 5.626731826245e-01)	(3.504868207432e-03 7.767865451105e-02 -2.948273644589e-04)	(-2.084192322636e-01 -8.255800368972e-06 8.425562076312e-02)	(2.349812405093e-03 5.224627336046e-01 -2.482720623544e-04)
26.3                	(5.711243923903e+00 2.375535646910e+00 5.765592108339e-01)	(5.711243923903e+00 2.375535646910e+00 5.765592108339e-01)	(3.686716576622e-03 1.197181187463e-01 -4.945008162832e-04)	(-1.163350485466e-01 -1.261451960752e-05 1.889997123000e-01)	(8.251690090258e-04 3.080193636390e-01 -6.739060707260e-04)
26.4                	(5.705415975291e+00 2.375534222635e+00 5.992356528009e-01)	(5.705415975291e+00 2.375534222635e+00 5.992356528009e-01)	(3.704715047594e-03 1.380497123941e-01 -6.455865215573e-04)	(2.277219780846e-03 -1.645939686090e-05 2.567988266196e-01)	(-8.346793465440e-04 5.618866169930e-02 -9.048914716914e-04)
26.5                	(5.711696772571e+00 2.375532547551e+00 6.262107203016e-01)	(5.711696772571e+00 2.375532547551e+00 6.262107203016e-01)	(3.557611690359e-03 1.309966675953e-01 -7.094126620142e-04)	(1.207436164224e-01 -1.110277390763e-05 2.736018448830e-01)	(-2.220370503373e-03 -1.948735514655e-01 -8.174731217240e-04)
26.6                	(5.728635458646e+00 2.375533448217e+00 6.521592252748e-01)	(5.728635458646e+00 2.375533448217e+00 6.521592252748e-01)	(3.277505526655e-03 9.992273548966e-02 -6.685885562110e-04)	(2.116119908465e-01 3.396544465517e-05 2.369934504689e-01)	(-3.195202667506e-03 -4.200895548044e-01 -4.621245931521e-04)
26.7                	(5.752517876490e+00 2.375538801253e+00 6.721284086259e-01)	(5.752517876490e+00 2.375538801253e+00 6.721284086259e-01)	(2.926465767106e-03 4.877592312880e-02 -5.340046735457e-04)	(2.576041957310e-01 6.574411262534e-05 1.562625604627e-01)	(-3.524095539010e-03 -5.915451278777e-01 -2.346170684964e-05)
26.8                	(5.778419673012e+00 2.375545444006e+00 6.825106339921e-01)	(5.778419673012e+00 2.375545444006e+00 6.825106339921e-01)	(2.583222038709e-03 -1.523673973923e-02 -3.422367708621e-04)	(2.519714925813e-01 5.881175237147e-05 4.848588331072e-02)	(-3.169013736077e-03 -6.698649454823e-01 3.157180133929e-04)
26.9                	(5.801318025386e+00 2.375549361381e+00 6.815783539687e-01)	(5.801318025386e+00 2.375549361381e+00 6.815783539687e-01)	(2.317034049770e-03 -8.085790669756e-02 -1.392226718160e-04)	(1.987972204450e-01 1.739053541558e-05 -6.691404948721e-02)	(-2.285901711551e-03 -6.192166824602e-01 5.051456054518e-04)
27                  	(5.817055521290e+00 2.375549020575e+00 6.695330839122e-01)	(5.817055521290e+00 2.375549020575e+00 6.695330839122e-01)	(2.165509328753e-03 -1.343161788363e-01 3.409760226424e-05)	(1.118404098021e-01 -2.383634915917e-05 -1.703583830472e-01)	(-1.084266246675e-03 -4.279155027005e-01 5.357194986342e-04)
27.1                	(5.823170392273e+00 2.375544723366e+00 6.485355633533e-01)	(5.823170392273e+00 2.375544723366e+00 6.485355633533e-01)	(2.139571010314e-03 -1.628678182087e-01 1.498595871369e-04)	(9.293209384413e-03 -5.960211211502e-05 -2.432172278321e-01)	(2.214305547698e-04 -1.307927148826e-01 5.242831239923e-04)
27.2                	(5.818964609044e+00 2.375537869678e+00 6.224079311588e-01)	(5.818964609044e+00 2.375537869678e+00 6.224079311588e-01)	(2.232867594155e-03 -1.594132604975e-01 1.942147021812e-04)	(-9.176275060829e-02 -7.309844640374e-05 -2.708459366964e-01)	(1.478140139101e-03 1.982570928908e-01 5.145523152515e-04)
27.3                	(5.805213614974e+00 2.375531222352e+00 5.960970051948e-01)	(5.805213614974e+00 2.375531222352e+00 5.960970051948e-01)	(2.433890110173e-03 -1.250901566169e-01 1.658994083880e-04)	(-1.795788316188e-01 -5.578722300509e-05 -2.468279792160e-01)	(2.584282129627e-03 4.748803318524e-01 5.433262075781e-04)
27.4                	(5.784000921561e+00 2.375526841600e+00 5.746284897357e-01)	(5.784000921561e+00 2.375526841600e+00 5.746284897357e-01)	(2.727255651039e-03 -6.821403570265e-02 7.419541193143e-05)	(-2.387810861716e-01 -3.026632202717e-05 -1.755992069478e-01)	(3.390223838327e-03 6.405838442875e-01 5.478672313583e-04)
27.5                	(5.758842746625e+00 2.375525145250e+00 5.620996515465e-01)	(5.758842746625e+00 2.375525145250e+00 5.620996515465e-01)	(3.078961864798e-03 -1.629008851333e-03 -7.140537391865e-05)	(-2.566694865874e-01 -8.664412149373e-06 -7.079171641812e-02)	(3.599806607046e-03 6.682116400954e-01 3.653854648966e-04)
27.6                	(5.734311479975e+00 2.375524627631e+00 5.609729796988e-01)	(5.734311479975e+00 2.375524627631e+00 5.609729796988e-01)	(3.419370266246e-03 6.126197761827e-02 -2.585356459886e-04)	(-2.255287556528e-01 -2.946948101637e-06 4.876224533162e-02)	(2.950819780852e-03 5.707674928471e-01 -4.607990557569e-05)
27.7                	(5.715336781014e+00 2.375523856395e+00 5.715753751753e-01)	(5.715336781014e+00 2.375523856395e+00 5.715753751753e-01)	(3.668173638803e-03 1.092829358852e-01 -4.569860316990e-04)	(-1.466648002900e-01 -1.416640268600e-05 1.600086562715e-01)	(1.593938080863e-03 3.769621865894e-01 -4.927913661290e-04)
27.8                	(5.706123732926e+00 2.375521883534e+00 5.919635163763e-01)	(5.706123732926e+00 2.375521883534e+00 5.919635163763e-01)	(3.764918785875e-03 1.349208082107e-01 -6.209963066862e-04)	(-3.389841818500e-02 -2.255425272106e-05 2.409525564207e-01)	(-8.182177579728e-05 1.311633190952e-01 -8.156536340748e-04)
27.9                	(5.708809611156e+00 2.375519767906e+00 6.181405343269e-01)	(5.708809611156e+00 2.375519767906e+00 6.181405343269e-01)	(3.685913276565e-03 1.352777019572e-01 -7.065258061817e-04)	(8.664226414987e-02 -1.697359184377e-05 2.737579850437e-01)	(-1.699208935316e-03 -1.225509323654e-01 -7.941124334281e-04)
28                  	(5.722768133989e+00 2.375519594678e+00 6.448989200094e-01)	(5.722768133989e+00 2.375519594678e+00 6.448989200094e-01)	(3.451606192552e-03 1.110702106987e-01 -6.869478533906e-04)	(1.871363484266e-01 1.879449194934e-05 2.526310259159e-01)	(-2.845844519398e-03 -3.562507358216e-01 -5.060920624764e-04)
