                 0.1	   7.000310936125e-01   3.109361254305e-05
0.2	   7.000580046972e-01   5.800469719175e-05
0.3	   7.000753584496e-01   7.535844956119e-05
0.4	   7.000719231705e-01   7.192317051286e-05
0.5	   7.000212580768e-01   2.125807678655e-05
0.6	   6.998948985923e-01  -1.051014076823e-04
0.7	   6.996871391655e-01  -3.128608344692e-04
0.8	   6.994257178175e-01  -5.742821825192e-04
0.9	   6.991677852988e-01  -8.322147012438e-04
1	   6.989860180447e-01  -1.013981955307e-03
1.1	   6.989410310512e-01  -1.058968948821e-03
1.2	   6.990719030560e-01  -9.280969440060e-04
1.3	   6.993899360313e-01  -6.100639686820e-04
1.4	   6.998898806503e-01  -1.101193496886e-04
1.5	   7.005605582775e-01   5.605582774926e-04
1.6	   7.013730177133e-01   1.373017713321e-03
1.7	   7.022745139021e-01   2.274513902127e-03
1.8	   7.031885017202e-01   3.188501720208e-03
1.9	   7.039948747586e-01   3.994874758640e-03
2	   7.045412947972e-01   4.541294797226e-03
2.1	   7.046791966380e-01   4.679196638048e-03
2.2	   7.042992414907e-01   4.299241490656e-03
2.3	   7.033483371759e-01   3.348337175884e-03
2.4	   7.018529051594e-01   1.852905159431e-03
2.5	   6.999207519594e-01  -7.924804056181e-05
2.6	   6.977218683095e-01  -2.278131690462e-03
2.7	   6.954799910943e-01  -4.520008905699e-03
2.8	   6.934483812049e-01  -6.551618795104e-03
2.9	   6.918914354617e-01  -8.108564538344e-03
3	   6.910292586273e-01  -8.970741372677e-03
3.1	   6.910317764461e-01  -8.968223553919e-03
3.2	   6.919966297942e-01  -8.003370205819e-03
3.3	   6.939077734176e-01  -6.092226582418e-03
3.4	   6.966497043122e-01  -3.350295687810e-03
3.5	   7.000085335328e-01   8.533532801058e-06
3.6	   7.036824475360e-01   3.682447536022e-03
3.7	   7.073087839259e-01   7.308783925935e-03
3.8	   7.105038805523e-01   1.050388055233e-02
3.9	   7.128659243903e-01   1.286592439032e-02
4	   7.140162764271e-01   1.401627642708e-02
4.1	   7.137122966744e-01   1.371229667437e-02
4.2	   7.118790079709e-01   1.187900797091e-02
4.3	   7.086447070451e-01   8.644707045122e-03
4.4	   7.043285743087e-01   4.328574308691e-03
4.5	   6.993999384983e-01  -6.000615017048e-04
4.6	   6.943890374479e-01  -5.610962552114e-03
4.7	   6.898176841033e-01  -1.018231589670e-02
4.8	   6.861358829538e-01  -1.386411704618e-02
4.9	   6.836598284641e-01  -1.634017153586e-02
5	   6.826314172406e-01  -1.736858275938e-02
5.1	   6.831697956716e-01  -1.683020432838e-02
5.2	   6.853125679964e-01  -1.468743200358e-02
5.3	   6.889933622653e-01  -1.100663773470e-02
5.4	   6.939668168957e-01  -6.033183104296e-03
5.5	   6.998724241343e-01  -1.275758656820e-04
5.6	   7.062117662698e-01   6.211766269757e-03
5.7	   7.123920528548e-01   1.239205285482e-02
5.8	   7.177268132249e-01   1.772681322494e-02
5.9	   7.214851951954e-01   2.148519519542e-02
6	   7.230863243991e-01   2.308632439905e-02
6.1	   7.222158190593e-01   2.221581905927e-02
6.2	   7.188757540921e-01   1.887575409214e-02
6.3	   7.134347888040e-01   1.343478880404e-02
6.4	   7.065295619224e-01   6.529561922392e-03
6.5	   6.989489820929e-01  -1.051017907113e-03
6.6	   6.914984412045e-01  -8.501558795488e-03
6.7	   6.849148719949e-01  -1.508512800509e-02
6.8	   6.797321015332e-01  -2.026789846683e-02
6.9	   6.763648564158e-01  -2.363514358417e-02
7	   6.750656199438e-01  -2.493438005619e-02
7.1	   6.759723644958e-01  -2.402763550418e-02
7.2	   6.791269563879e-01  -2.087304361213e-02
7.3	   6.844029574116e-01  -1.559704258835e-02
7.4	   6.915717339252e-01  -8.428266074830e-03
7.5	   7.001231772620e-01   1.231772619747e-04
7.6	   7.093474471608e-01   9.347447160816e-03
7.7	   7.183795227177e-01   1.837952271775e-02
7.8	   7.260556983630e-01   2.605569836302e-02
7.9	   7.312778529413e-01   3.127785294130e-02
8	   7.332164524214e-01   3.321645242140e-02
8.1	   7.315162749549e-01   3.151627495487e-02
8.2	   7.263527544008e-01   2.635275440084e-02
8.3	   7.184075346785e-01   1.840753467846e-02
8.4	   7.087146088187e-01   8.714608818652e-03
8.5	   6.983872969910e-01  -1.612703008991e-03
8.6	   6.885088833023e-01  -1.149111669769e-02
8.7	   6.799295235132e-01  -2.007047648683e-02
8.8	   6.733015644470e-01  -2.669843555303e-02
8.9	   6.690521946332e-01  -3.094780536681e-02
9	   6.674416185664e-01  -3.255838143362e-02
9.1	   6.685893816224e-01  -3.141061837755e-02
9.2	   6.725286968811e-01  -2.747130311891e-02
9.3	   6.791495575147e-01  -2.085044248530e-02
9.4	   6.881274576791e-01  -1.187254232090e-02
9.5	   6.988838945736e-01  -1.116105426435e-03
9.6	   7.104219647181e-01   1.042196471812e-02
9.7	   7.215558635468e-01   2.155586354680e-02
9.8	   7.307288641039e-01   3.072886410394e-02
9.9	   7.365970478774e-01   3.659704787736e-02
10	   7.382650330158e-01   3.826503301580e-02
10.1	   7.355539600738e-01   3.555396007385e-02
10.2	   7.289977750998e-01   2.899777509976e-02
10.3	   7.196523651463e-01   1.965236514630e-02
10.4	   7.088337458359e-01   8.833745835883e-03
10.5	   6.977575085599e-01  -2.242491440142e-03
10.6	   6.875005539028e-01  -1.249944609718e-02
10.7	   6.788345692286e-01  -2.116543077136e-02
10.8	   6.723464751288e-01  -2.765352487118e-02
10.9	   6.683765500686e-01  -3.162344993138e-02
11	   6.671024261897e-01  -3.289757381029e-02
11.1	   6.685770990262e-01  -3.142290097381e-02
11.2	   6.727463153148e-01  -2.725368468519e-02
11.3	   6.794455451011e-01  -2.055445489894e-02
11.4	   6.883760612156e-01  -1.162393878437e-02
11.5	   6.989854801455e-01  -1.014519854521e-03
11.6	   7.103517815311e-01   1.035178153113e-02
11.7	   7.213646601501e-01   2.136466015010e-02
11.8	   7.305363974454e-01   3.053639744541e-02
11.9	   7.365265106260e-01   3.652651062605e-02
12	   7.383960987322e-01   3.839609873218e-02
12.1	   7.358881705150e-01   3.588817051502e-02
12.2	   7.294699632105e-01   2.946996321053e-02
12.3	   7.201364711987e-01   2.013647119866e-02
12.4	   7.091944316741e-01   9.194431674089e-03
12.5	   6.979152127748e-01  -2.084787225186e-03
12.6	   6.874309559451e-01  -1.256904405488e-02
12.7	   6.785802246435e-01  -2.141977535651e-02
12.8	   6.720071205726e-01  -2.799287942741e-02
12.9	   6.680724941082e-01  -3.192750589184e-02
13	   6.669337873565e-01  -3.306621264353e-02
13.1	   6.685934463335e-01  -3.140655366651e-02
13.2	   6.729297517006e-01  -2.707024829941e-02
13.3	   6.797224323289e-01  -2.027756767108e-02
13.4	   6.886594359365e-01  -1.134056406351e-02
13.5	   6.991886154230e-01  -8.113845769753e-04
13.6	   7.104349271848e-01   1.043492718482e-02
13.7	   7.213355851170e-01   2.133558511699e-02
13.8	   7.304323261106e-01   3.043232611056e-02
13.9	   7.363992759128e-01   3.639927591284e-02
14	   7.382895592987e-01   3.828955929875e-02
14.1	   7.358212864416e-01   3.582128644158e-02
14.2	   7.294386851135e-01   2.943868511345e-02
14.3	   7.201435255754e-01   2.014352557544e-02
14.4	   7.092286710970e-01   9.228671097011e-03
14.5	   6.979634847560e-01  -2.036515243984e-03
14.6	   6.874833762833e-01  -1.251662371674e-02
14.7	   6.786326619472e-01  -2.136733805281e-02
14.8	   6.720419500326e-01  -2.795804996740e-02
14.9	   6.680727739337e-01  -3.192722606626e-02
15	   6.668936493513e-01  -3.310635064865e-02
15.1	   6.685132991431e-01  -3.148670085694e-02
15.2	   6.728394162762e-01  -2.716058372376e-02
15.3	   6.796459746768e-01  -2.035402532318e-02
15.4	   6.886060525376e-01  -1.139394746243e-02
15.5	   6.991711515453e-01  -8.288484546560e-04
15.6	   7.104582209203e-01   1.045822092035e-02
15.7	   7.213963022708e-01   2.139630227084e-02
15.8	   7.305219711680e-01   3.052197116799e-02
15.9	   7.365010934972e-01   3.650109349715e-02
16	   7.383893204670e-01   3.838932046701e-02
16.1	   7.359026285424e-01   3.590262854244e-02
16.2	   7.294739583999e-01   2.947395839993e-02
16.3	   7.201202368481e-01   2.012023684811e-02
16.4	   7.091616483726e-01   9.161648372619e-03
16.5	   6.978804710446e-01  -2.119528955443e-03
16.6	   6.874104671032e-01  -1.258953289683e-02
16.7	   6.785821673200e-01  -2.141783268001e-02
16.8	   6.720209908032e-01  -2.797900919682e-02
16.9	   6.680774939270e-01  -3.192250607296e-02
17	   6.669150715307e-01  -3.308492846931e-02
17.1	   6.685382419097e-01  -3.146175809033e-02
17.2	   6.728500711163e-01  -2.714992888369e-02
17.3	   6.796284850511e-01  -2.037151494895e-02
17.4	   6.885616547165e-01  -1.143834528354e-02
17.5	   6.991002243783e-01  -8.997756217253e-04
17.6	   7.103749496603e-01   1.037494966032e-02
17.7	   7.213153101718e-01   2.131531017175e-02
17.8	   7.304609715519e-01   3.046097155186e-02
17.9	   7.364726640400e-01   3.647266403997e-02
18	   7.383901833622e-01   3.839018336221e-02
18.1	   7.359269115691e-01   3.592691156906e-02
18.2	   7.295052173436e-01   2.950521734358e-02
18.3	   7.201368878342e-01   2.013688783420e-02
18.4	   7.091571132310e-01   9.157113230953e-03
18.5	   6.978511597511e-01  -2.148840248862e-03
18.6	   6.873615202796e-01  -1.263847972040e-02
18.7	   6.785233518583e-01  -2.147664814173e-02
18.8	   6.719656570953e-01  -2.803434290471e-02
18.9	   6.680493289618e-01  -3.195067103818e-02
19	   6.669221922270e-01  -3.307780777301e-02
19.1	   6.685807556808e-01  -3.141924431917e-02
19.2	   6.729142528726e-01  -2.708574712737e-02
19.3	   6.796970386125e-01  -2.030296138753e-02
19.4	   6.886126741998e-01  -1.138732580023e-02
19.5	   6.991197943918e-01  -8.802056081911e-04
19.6	   7.103567477264e-01   1.035674772638e-02
19.7	   7.212677101071e-01   2.126771010714e-02
19.8	   7.304059951690e-01   3.040599516898e-02
19.9	   7.364335651723e-01   3.643356517231e-02
20	   7.383804405578e-01   3.838044055784e-02
20.1	   7.359589442172e-01   3.595894421720e-02
20.2	   7.295771594953e-01   2.957715949531e-02
20.3	   7.202372033718e-01   2.023720337175e-02
20.4	   7.092658940685e-01   9.265894068545e-03
20.5	   6.979474873907e-01  -2.052512609311e-03
20.6	   6.874317846663e-01  -1.256821533371e-02
20.7	   6.785652359946e-01  -2.143476400539e-02
20.8	   6.719802812390e-01  -2.801971876096e-02
20.9	   6.680418623838e-01  -3.195813761623e-02
21	   6.669007150627e-01  -3.309928493728e-02
21.1	   6.685583413029e-01  -3.144165869707e-02
21.2	   6.728898051204e-01  -2.711019487963e-02
21.3	   6.796717129563e-01  -2.032828704374e-02
21.4	   6.885759318516e-01  -1.142406814843e-02
21.5	   6.990730602481e-01  -9.269397518529e-04
21.6	   7.102996344454e-01   1.029963444535e-02
21.7	   7.212053682161e-01   2.120536821614e-02
21.8	   7.303438160330e-01   3.034381603298e-02
21.9	   7.363813085829e-01   3.638130858294e-02
22	   7.383531174730e-01   3.835311747298e-02
22.1	   7.359424319928e-01   3.594243199282e-02
22.2	   7.295873169929e-01   2.958731699288e-02
22.3	   7.202674029196e-01   2.026740291957e-02
22.4	   7.093082204012e-01   9.308220401151e-03
22.5	   6.979949369944e-01  -2.005063005555e-03
22.6	   6.874714894604e-01  -1.252851053961e-02
22.7	   6.785883232156e-01  -2.141167678437e-02
22.8	   6.719855393193e-01  -2.801446068070e-02
22.9	   6.680344169445e-01  -3.196558305549e-02
23	   6.668887763736e-01  -3.311122362645e-02
23.1	   6.685455118849e-01  -3.145448811512e-02
23.2	   6.728877174111e-01  -2.711228258893e-02
23.3	   6.796794995787e-01  -2.032050042130e-02
23.4	   6.885931077032e-01  -1.140689229677e-02
23.5	   6.990975544133e-01  -9.024455866963e-04
23.6	   7.103207378634e-01   1.032073786338e-02
23.7	   7.212140436400e-01   2.121404363998e-02
23.8	   7.303334907167e-01   3.033349071673e-02
23.9	   7.363564454254e-01   3.635644542545e-02
24	   7.383249108227e-01   3.832491082267e-02
24.1	   7.359322850329e-01   3.593228503293e-02
24.2	   7.295945373137e-01   2.959453731367e-02
24.3	   7.203009457836e-01   2.030094578358e-02
24.4	   7.093573048408e-01   9.357304840830e-03
24.5	   6.980474404343e-01  -1.952559565709e-03
24.6	   6.875180562219e-01  -1.248194377815e-02
24.7	   6.786170453668e-01  -2.138295463319e-02
24.8	   6.719892719405e-01  -2.801072805951e-02
24.9	   6.680126967665e-01  -3.198730323351e-02
25	   6.668442333563e-01  -3.315576664372e-02
25.1	   6.684842143979e-01  -3.151578560206e-02
25.2	   6.728243782043e-01  -2.717562179574e-02
25.3	   6.796312075491e-01  -2.036879245092e-02
25.4	   6.885774195675e-01  -1.142258043247e-02
25.5	   6.991185021670e-01  -8.814978330312e-04
25.6	   7.103771943879e-01   1.037719438790e-02
25.7	   7.212929424363e-01   2.129294243634e-02
25.8	   7.304190126017e-01   3.041901260167e-02
25.9	   7.364279896669e-01   3.642798966687e-02
26	   7.383636252928e-01   3.836362529279e-02
26.1	   7.359301445385e-01   3.593014453849e-02
26.2	   7.295640010431e-01   2.956400104313e-02
26.3	   7.202597278515e-01   2.025972785148e-02
26.4	   7.093166961440e-01   9.316696143975e-03
26.5	   6.980202160621e-01  -1.979783937909e-03
26.6	   6.875120090937e-01  -1.248799090630e-02
26.7	   6.786350150514e-01  -2.136498494863e-02
26.8	   6.720240292108e-01  -2.797597078917e-02
26.9	   6.680584565090e-01  -3.194154349102e-02
27	   6.668909703472e-01  -3.310902965280e-02
27.1	   6.685220979752e-01  -3.147790202484e-02
27.2	   6.728223476080e-01  -2.717765239198e-02
27.3	   6.795713577899e-01  -2.042864221013e-02
27.4	   6.884674760902e-01  -1.153252390985e-02
27.5	   6.989776076737e-01  -1.022392326304e-03
27.6	   7.102267132864e-01   1.022671328640e-02
27.7	   7.211582903385e-01   2.115829033851e-02
27.8	   7.303233987753e-01   3.032339877534e-02
27.9	   7.363855328769e-01   3.638553287687e-02
28	   7.383785652475e-01   3.837856524750e-02
