                 0.1	(   5.750000000000e+00   3.500000000000e+00  7.000310936125e-01) 
0.2	(   5.750000000000e+00   3.500000000000e+00  7.000580046972e-01) 
0.3	(   5.750000000000e+00   3.500000000000e+00  7.000753584496e-01) 
0.4	(   5.750000000000e+00   3.500000000000e+00  7.000719231705e-01) 
0.5	(   5.750000000000e+00   3.500000000000e+00  7.000212580768e-01) 
0.6	(   5.750000000000e+00   3.500000000000e+00  6.998948985923e-01) 
0.7	(   5.750000000000e+00   3.500000000000e+00  6.996871391655e-01) 
0.8	(   5.750000000000e+00   3.500000000000e+00  6.994257178175e-01) 
0.9	(   5.750000000000e+00   3.500000000000e+00  6.991677852988e-01) 
1	(   5.750000000000e+00   3.500000000000e+00  6.989860180447e-01) 
1.1	(   5.750000000000e+00   3.500000000000e+00  6.989410310512e-01) 
1.2	(   5.750000000000e+00   3.500000000000e+00  6.990719030560e-01) 
1.3	(   5.750000000000e+00   3.500000000000e+00  6.993899360313e-01) 
1.4	(   5.750000000000e+00   3.500000000000e+00  6.998898806503e-01) 
1.5	(   5.750000000000e+00   3.500000000000e+00  7.005605582775e-01) 
1.6	(   5.750000000000e+00   3.500000000000e+00  7.013730177133e-01) 
1.7	(   5.750000000000e+00   3.500000000000e+00  7.022745139021e-01) 
1.8	(   5.750000000000e+00   3.500000000000e+00  7.031885017202e-01) 
1.9	(   5.750000000000e+00   3.500000000000e+00  7.039948747586e-01) 
2	(   5.750000000000e+00   3.500000000000e+00  7.045412947972e-01) 
2.1	(   5.750000000000e+00   3.500000000000e+00  7.046791966380e-01) 
2.2	(   5.750000000000e+00   3.500000000000e+00  7.042992414907e-01) 
2.3	(   5.750000000000e+00   3.500000000000e+00  7.033483371759e-01) 
2.4	(   5.750000000000e+00   3.500000000000e+00  7.018529051594e-01) 
2.5	(   5.750000000000e+00   3.500000000000e+00  6.999207519594e-01) 
2.6	(   5.750000000000e+00   3.500000000000e+00  6.977218683095e-01) 
2.7	(   5.750000000000e+00   3.500000000000e+00  6.954799910943e-01) 
2.8	(   5.750000000000e+00   3.500000000000e+00  6.934483812049e-01) 
2.9	(   5.750000000000e+00   3.500000000000e+00  6.918914354617e-01) 
3	(   5.750000000000e+00   3.500000000000e+00  6.910292586273e-01) 
3.1	(   5.750000000000e+00   3.500000000000e+00  6.910317764461e-01) 
3.2	(   5.750000000000e+00   3.500000000000e+00  6.919966297942e-01) 
3.3	(   5.750000000000e+00   3.500000000000e+00  6.939077734176e-01) 
3.4	(   5.750000000000e+00   3.500000000000e+00  6.966497043122e-01) 
3.5	(   5.750000000000e+00   3.500000000000e+00  7.000085335328e-01) 
3.6	(   5.750000000000e+00   3.500000000000e+00  7.036824475360e-01) 
3.7	(   5.750000000000e+00   3.500000000000e+00  7.073087839259e-01) 
3.8	(   5.750000000000e+00   3.500000000000e+00  7.105038805523e-01) 
3.9	(   5.750000000000e+00   3.500000000000e+00  7.128659243903e-01) 
4	(   5.750000000000e+00   3.500000000000e+00  7.140162764271e-01) 
4.1	(   5.750000000000e+00   3.500000000000e+00  7.137122966744e-01) 
4.2	(   5.750000000000e+00   3.500000000000e+00  7.118790079709e-01) 
4.3	(   5.750000000000e+00   3.500000000000e+00  7.086447070451e-01) 
4.4	(   5.750000000000e+00   3.500000000000e+00  7.043285743087e-01) 
4.5	(   5.750000000000e+00   3.500000000000e+00  6.993999384983e-01) 
4.6	(   5.750000000000e+00   3.500000000000e+00  6.943890374479e-01) 
4.7	(   5.750000000000e+00   3.500000000000e+00  6.898176841033e-01) 
4.8	(   5.750000000000e+00   3.500000000000e+00  6.861358829538e-01) 
4.9	(   5.750000000000e+00   3.500000000000e+00  6.836598284641e-01) 
5	(   5.750000000000e+00   3.500000000000e+00  6.826314172406e-01) 
5.1	(   5.750000000000e+00   3.500000000000e+00  6.831697956716e-01) 
5.2	(   5.750000000000e+00   3.500000000000e+00  6.853125679964e-01) 
5.3	(   5.750000000000e+00   3.500000000000e+00  6.889933622653e-01) 
5.4	(   5.750000000000e+00   3.500000000000e+00  6.939668168957e-01) 
5.5	(   5.750000000000e+00   3.500000000000e+00  6.998724241343e-01) 
5.6	(   5.750000000000e+00   3.500000000000e+00  7.062117662698e-01) 
5.7	(   5.750000000000e+00   3.500000000000e+00  7.123920528548e-01) 
5.8	(   5.750000000000e+00   3.500000000000e+00  7.177268132249e-01) 
5.9	(   5.750000000000e+00   3.500000000000e+00  7.214851951954e-01) 
6	(   5.750000000000e+00   3.500000000000e+00  7.230863243991e-01) 
6.1	(   5.750000000000e+00   3.500000000000e+00  7.222158190593e-01) 
6.2	(   5.750000000000e+00   3.500000000000e+00  7.188757540921e-01) 
6.3	(   5.750000000000e+00   3.500000000000e+00  7.134347888040e-01) 
6.4	(   5.750000000000e+00   3.500000000000e+00  7.065295619224e-01) 
6.5	(   5.750000000000e+00   3.500000000000e+00  6.989489820929e-01) 
6.6	(   5.750000000000e+00   3.500000000000e+00  6.914984412045e-01) 
6.7	(   5.750000000000e+00   3.500000000000e+00  6.849148719949e-01) 
6.8	(   5.750000000000e+00   3.500000000000e+00  6.797321015332e-01) 
6.9	(   5.750000000000e+00   3.500000000000e+00  6.763648564158e-01) 
7	(   5.750000000000e+00   3.500000000000e+00  6.750656199438e-01) 
7.1	(   5.750000000000e+00   3.500000000000e+00  6.759723644958e-01) 
7.2	(   5.750000000000e+00   3.500000000000e+00  6.791269563879e-01) 
7.3	(   5.750000000000e+00   3.500000000000e+00  6.844029574116e-01) 
7.4	(   5.750000000000e+00   3.500000000000e+00  6.915717339252e-01) 
7.5	(   5.750000000000e+00   3.500000000000e+00  7.001231772620e-01) 
7.6	(   5.750000000000e+00   3.500000000000e+00  7.093474471608e-01) 
7.7	(   5.750000000000e+00   3.500000000000e+00  7.183795227177e-01) 
7.8	(   5.750000000000e+00   3.500000000000e+00  7.260556983630e-01) 
7.9	(   5.750000000000e+00   3.500000000000e+00  7.312778529413e-01) 
8	(   5.750000000000e+00   3.500000000000e+00  7.332164524214e-01) 
8.1	(   5.750000000000e+00   3.500000000000e+00  7.315162749549e-01) 
8.2	(   5.750000000000e+00   3.500000000000e+00  7.263527544008e-01) 
8.3	(   5.750000000000e+00   3.500000000000e+00  7.184075346785e-01) 
8.4	(   5.750000000000e+00   3.500000000000e+00  7.087146088187e-01) 
8.5	(   5.750000000000e+00   3.500000000000e+00  6.983872969910e-01) 
8.6	(   5.750000000000e+00   3.500000000000e+00  6.885088833023e-01) 
8.7	(   5.750000000000e+00   3.500000000000e+00  6.799295235132e-01) 
8.8	(   5.750000000000e+00   3.500000000000e+00  6.733015644470e-01) 
8.9	(   5.750000000000e+00   3.500000000000e+00  6.690521946332e-01) 
9	(   5.750000000000e+00   3.500000000000e+00  6.674416185664e-01) 
9.1	(   5.750000000000e+00   3.500000000000e+00  6.685893816224e-01) 
9.2	(   5.750000000000e+00   3.500000000000e+00  6.725286968811e-01) 
9.3	(   5.750000000000e+00   3.500000000000e+00  6.791495575147e-01) 
9.4	(   5.750000000000e+00   3.500000000000e+00  6.881274576791e-01) 
9.5	(   5.750000000000e+00   3.500000000000e+00  6.988838945736e-01) 
9.6	(   5.750000000000e+00   3.500000000000e+00  7.104219647181e-01) 
9.7	(   5.750000000000e+00   3.500000000000e+00  7.215558635468e-01) 
9.8	(   5.750000000000e+00   3.500000000000e+00  7.307288641039e-01) 
9.9	(   5.750000000000e+00   3.500000000000e+00  7.365970478774e-01) 
10	(   5.750000000000e+00   3.500000000000e+00  7.382650330158e-01) 
10.1	(   5.750000000000e+00   3.500000000000e+00  7.355539600738e-01) 
10.2	(   5.750000000000e+00   3.500000000000e+00  7.289977750998e-01) 
10.3	(   5.750000000000e+00   3.500000000000e+00  7.196523651463e-01) 
10.4	(   5.750000000000e+00   3.500000000000e+00  7.088337458359e-01) 
10.5	(   5.750000000000e+00   3.500000000000e+00  6.977575085599e-01) 
10.6	(   5.750000000000e+00   3.500000000000e+00  6.875005539028e-01) 
10.7	(   5.750000000000e+00   3.500000000000e+00  6.788345692286e-01) 
10.8	(   5.750000000000e+00   3.500000000000e+00  6.723464751288e-01) 
10.9	(   5.750000000000e+00   3.500000000000e+00  6.683765500686e-01) 
11	(   5.750000000000e+00   3.500000000000e+00  6.671024261897e-01) 
11.1	(   5.750000000000e+00   3.500000000000e+00  6.685770990262e-01) 
11.2	(   5.750000000000e+00   3.500000000000e+00  6.727463153148e-01) 
11.3	(   5.750000000000e+00   3.500000000000e+00  6.794455451011e-01) 
11.4	(   5.750000000000e+00   3.500000000000e+00  6.883760612156e-01) 
11.5	(   5.750000000000e+00   3.500000000000e+00  6.989854801455e-01) 
11.6	(   5.750000000000e+00   3.500000000000e+00  7.103517815311e-01) 
11.7	(   5.750000000000e+00   3.500000000000e+00  7.213646601501e-01) 
11.8	(   5.750000000000e+00   3.500000000000e+00  7.305363974454e-01) 
11.9	(   5.750000000000e+00   3.500000000000e+00  7.365265106260e-01) 
12	(   5.750000000000e+00   3.500000000000e+00  7.383960987322e-01) 
12.1	(   5.750000000000e+00   3.500000000000e+00  7.358881705150e-01) 
12.2	(   5.750000000000e+00   3.500000000000e+00  7.294699632105e-01) 
12.3	(   5.750000000000e+00   3.500000000000e+00  7.201364711987e-01) 
12.4	(   5.750000000000e+00   3.500000000000e+00  7.091944316741e-01) 
12.5	(   5.750000000000e+00   3.500000000000e+00  6.979152127748e-01) 
12.6	(   5.750000000000e+00   3.500000000000e+00  6.874309559451e-01) 
12.7	(   5.750000000000e+00   3.500000000000e+00  6.785802246435e-01) 
12.8	(   5.750000000000e+00   3.500000000000e+00  6.720071205726e-01) 
12.9	(   5.750000000000e+00   3.500000000000e+00  6.680724941082e-01) 
13	(   5.750000000000e+00   3.500000000000e+00  6.669337873565e-01) 
13.1	(   5.750000000000e+00   3.500000000000e+00  6.685934463335e-01) 
13.2	(   5.750000000000e+00   3.500000000000e+00  6.729297517006e-01) 
13.3	(   5.750000000000e+00   3.500000000000e+00  6.797224323289e-01) 
13.4	(   5.750000000000e+00   3.500000000000e+00  6.886594359365e-01) 
13.5	(   5.750000000000e+00   3.500000000000e+00  6.991886154230e-01) 
13.6	(   5.750000000000e+00   3.500000000000e+00  7.104349271848e-01) 
13.7	(   5.750000000000e+00   3.500000000000e+00  7.213355851170e-01) 
13.8	(   5.750000000000e+00   3.500000000000e+00  7.304323261106e-01) 
13.9	(   5.750000000000e+00   3.500000000000e+00  7.363992759128e-01) 
14	(   5.750000000000e+00   3.500000000000e+00  7.382895592987e-01) 
14.1	(   5.750000000000e+00   3.500000000000e+00  7.358212864416e-01) 
14.2	(   5.750000000000e+00   3.500000000000e+00  7.294386851135e-01) 
14.3	(   5.750000000000e+00   3.500000000000e+00  7.201435255754e-01) 
14.4	(   5.750000000000e+00   3.500000000000e+00  7.092286710970e-01) 
14.5	(   5.750000000000e+00   3.500000000000e+00  6.979634847560e-01) 
14.6	(   5.750000000000e+00   3.500000000000e+00  6.874833762833e-01) 
14.7	(   5.750000000000e+00   3.500000000000e+00  6.786326619472e-01) 
14.8	(   5.750000000000e+00   3.500000000000e+00  6.720419500326e-01) 
14.9	(   5.750000000000e+00   3.500000000000e+00  6.680727739337e-01) 
15	(   5.750000000000e+00   3.500000000000e+00  6.668936493513e-01) 
15.1	(   5.750000000000e+00   3.500000000000e+00  6.685132991431e-01) 
15.2	(   5.750000000000e+00   3.500000000000e+00  6.728394162762e-01) 
15.3	(   5.750000000000e+00   3.500000000000e+00  6.796459746768e-01) 
15.4	(   5.750000000000e+00   3.500000000000e+00  6.886060525376e-01) 
15.5	(   5.750000000000e+00   3.500000000000e+00  6.991711515453e-01) 
15.6	(   5.750000000000e+00   3.500000000000e+00  7.104582209203e-01) 
15.7	(   5.750000000000e+00   3.500000000000e+00  7.213963022708e-01) 
15.8	(   5.750000000000e+00   3.500000000000e+00  7.305219711680e-01) 
15.9	(   5.750000000000e+00   3.500000000000e+00  7.365010934972e-01) 
16	(   5.750000000000e+00   3.500000000000e+00  7.383893204670e-01) 
16.1	(   5.750000000000e+00   3.500000000000e+00  7.359026285424e-01) 
16.2	(   5.750000000000e+00   3.500000000000e+00  7.294739583999e-01) 
16.3	(   5.750000000000e+00   3.500000000000e+00  7.201202368481e-01) 
16.4	(   5.750000000000e+00   3.500000000000e+00  7.091616483726e-01) 
16.5	(   5.750000000000e+00   3.500000000000e+00  6.978804710446e-01) 
16.6	(   5.750000000000e+00   3.500000000000e+00  6.874104671032e-01) 
16.7	(   5.750000000000e+00   3.500000000000e+00  6.785821673200e-01) 
16.8	(   5.750000000000e+00   3.500000000000e+00  6.720209908032e-01) 
16.9	(   5.750000000000e+00   3.500000000000e+00  6.680774939270e-01) 
17	(   5.750000000000e+00   3.500000000000e+00  6.669150715307e-01) 
17.1	(   5.750000000000e+00   3.500000000000e+00  6.685382419097e-01) 
17.2	(   5.750000000000e+00   3.500000000000e+00  6.728500711163e-01) 
17.3	(   5.750000000000e+00   3.500000000000e+00  6.796284850511e-01) 
17.4	(   5.750000000000e+00   3.500000000000e+00  6.885616547165e-01) 
17.5	(   5.750000000000e+00   3.500000000000e+00  6.991002243783e-01) 
17.6	(   5.750000000000e+00   3.500000000000e+00  7.103749496603e-01) 
17.7	(   5.750000000000e+00   3.500000000000e+00  7.213153101718e-01) 
17.8	(   5.750000000000e+00   3.500000000000e+00  7.304609715519e-01) 
17.9	(   5.750000000000e+00   3.500000000000e+00  7.364726640400e-01) 
18	(   5.750000000000e+00   3.500000000000e+00  7.383901833622e-01) 
18.1	(   5.750000000000e+00   3.500000000000e+00  7.359269115691e-01) 
18.2	(   5.750000000000e+00   3.500000000000e+00  7.295052173436e-01) 
18.3	(   5.750000000000e+00   3.500000000000e+00  7.201368878342e-01) 
18.4	(   5.750000000000e+00   3.500000000000e+00  7.091571132310e-01) 
18.5	(   5.750000000000e+00   3.500000000000e+00  6.978511597511e-01) 
18.6	(   5.750000000000e+00   3.500000000000e+00  6.873615202796e-01) 
18.7	(   5.750000000000e+00   3.500000000000e+00  6.785233518583e-01) 
18.8	(   5.750000000000e+00   3.500000000000e+00  6.719656570953e-01) 
18.9	(   5.750000000000e+00   3.500000000000e+00  6.680493289618e-01) 
19	(   5.750000000000e+00   3.500000000000e+00  6.669221922270e-01) 
19.1	(   5.750000000000e+00   3.500000000000e+00  6.685807556808e-01) 
19.2	(   5.750000000000e+00   3.500000000000e+00  6.729142528726e-01) 
19.3	(   5.750000000000e+00   3.500000000000e+00  6.796970386125e-01) 
19.4	(   5.750000000000e+00   3.500000000000e+00  6.886126741998e-01) 
19.5	(   5.750000000000e+00   3.500000000000e+00  6.991197943918e-01) 
19.6	(   5.750000000000e+00   3.500000000000e+00  7.103567477264e-01) 
19.7	(   5.750000000000e+00   3.500000000000e+00  7.212677101071e-01) 
19.8	(   5.750000000000e+00   3.500000000000e+00  7.304059951690e-01) 
19.9	(   5.750000000000e+00   3.500000000000e+00  7.364335651723e-01) 
20	(   5.750000000000e+00   3.500000000000e+00  7.383804405578e-01) 
20.1	(   5.750000000000e+00   3.500000000000e+00  7.359589442172e-01) 
20.2	(   5.750000000000e+00   3.500000000000e+00  7.295771594953e-01) 
20.3	(   5.750000000000e+00   3.500000000000e+00  7.202372033718e-01) 
20.4	(   5.750000000000e+00   3.500000000000e+00  7.092658940685e-01) 
20.5	(   5.750000000000e+00   3.500000000000e+00  6.979474873907e-01) 
20.6	(   5.750000000000e+00   3.500000000000e+00  6.874317846663e-01) 
20.7	(   5.750000000000e+00   3.500000000000e+00  6.785652359946e-01) 
20.8	(   5.750000000000e+00   3.500000000000e+00  6.719802812390e-01) 
20.9	(   5.750000000000e+00   3.500000000000e+00  6.680418623838e-01) 
21	(   5.750000000000e+00   3.500000000000e+00  6.669007150627e-01) 
21.1	(   5.750000000000e+00   3.500000000000e+00  6.685583413029e-01) 
21.2	(   5.750000000000e+00   3.500000000000e+00  6.728898051204e-01) 
21.3	(   5.750000000000e+00   3.500000000000e+00  6.796717129563e-01) 
21.4	(   5.750000000000e+00   3.500000000000e+00  6.885759318516e-01) 
21.5	(   5.750000000000e+00   3.500000000000e+00  6.990730602481e-01) 
21.6	(   5.750000000000e+00   3.500000000000e+00  7.102996344454e-01) 
21.7	(   5.750000000000e+00   3.500000000000e+00  7.212053682161e-01) 
21.8	(   5.750000000000e+00   3.500000000000e+00  7.303438160330e-01) 
21.9	(   5.750000000000e+00   3.500000000000e+00  7.363813085829e-01) 
22	(   5.750000000000e+00   3.500000000000e+00  7.383531174730e-01) 
22.1	(   5.750000000000e+00   3.500000000000e+00  7.359424319928e-01) 
22.2	(   5.750000000000e+00   3.500000000000e+00  7.295873169929e-01) 
22.3	(   5.750000000000e+00   3.500000000000e+00  7.202674029196e-01) 
22.4	(   5.750000000000e+00   3.500000000000e+00  7.093082204012e-01) 
22.5	(   5.750000000000e+00   3.500000000000e+00  6.979949369944e-01) 
22.6	(   5.750000000000e+00   3.500000000000e+00  6.874714894604e-01) 
22.7	(   5.750000000000e+00   3.500000000000e+00  6.785883232156e-01) 
22.8	(   5.750000000000e+00   3.500000000000e+00  6.719855393193e-01) 
22.9	(   5.750000000000e+00   3.500000000000e+00  6.680344169445e-01) 
23	(   5.750000000000e+00   3.500000000000e+00  6.668887763736e-01) 
23.1	(   5.750000000000e+00   3.500000000000e+00  6.685455118849e-01) 
23.2	(   5.750000000000e+00   3.500000000000e+00  6.728877174111e-01) 
23.3	(   5.750000000000e+00   3.500000000000e+00  6.796794995787e-01) 
23.4	(   5.750000000000e+00   3.500000000000e+00  6.885931077032e-01) 
23.5	(   5.750000000000e+00   3.500000000000e+00  6.990975544133e-01) 
23.6	(   5.750000000000e+00   3.500000000000e+00  7.103207378634e-01) 
23.7	(   5.750000000000e+00   3.500000000000e+00  7.212140436400e-01) 
23.8	(   5.750000000000e+00   3.500000000000e+00  7.303334907167e-01) 
23.9	(   5.750000000000e+00   3.500000000000e+00  7.363564454254e-01) 
24	(   5.750000000000e+00   3.500000000000e+00  7.383249108227e-01) 
24.1	(   5.750000000000e+00   3.500000000000e+00  7.359322850329e-01) 
24.2	(   5.750000000000e+00   3.500000000000e+00  7.295945373137e-01) 
24.3	(   5.750000000000e+00   3.500000000000e+00  7.203009457836e-01) 
24.4	(   5.750000000000e+00   3.500000000000e+00  7.093573048408e-01) 
24.5	(   5.750000000000e+00   3.500000000000e+00  6.980474404343e-01) 
24.6	(   5.750000000000e+00   3.500000000000e+00  6.875180562219e-01) 
24.7	(   5.750000000000e+00   3.500000000000e+00  6.786170453668e-01) 
24.8	(   5.750000000000e+00   3.500000000000e+00  6.719892719405e-01) 
24.9	(   5.750000000000e+00   3.500000000000e+00  6.680126967665e-01) 
25	(   5.750000000000e+00   3.500000000000e+00  6.668442333563e-01) 
25.1	(   5.750000000000e+00   3.500000000000e+00  6.684842143979e-01) 
25.2	(   5.750000000000e+00   3.500000000000e+00  6.728243782043e-01) 
25.3	(   5.750000000000e+00   3.500000000000e+00  6.796312075491e-01) 
25.4	(   5.750000000000e+00   3.500000000000e+00  6.885774195675e-01) 
25.5	(   5.750000000000e+00   3.500000000000e+00  6.991185021670e-01) 
25.6	(   5.750000000000e+00   3.500000000000e+00  7.103771943879e-01) 
25.7	(   5.750000000000e+00   3.500000000000e+00  7.212929424363e-01) 
25.8	(   5.750000000000e+00   3.500000000000e+00  7.304190126017e-01) 
25.9	(   5.750000000000e+00   3.500000000000e+00  7.364279896669e-01) 
26	(   5.750000000000e+00   3.500000000000e+00  7.383636252928e-01) 
26.1	(   5.750000000000e+00   3.500000000000e+00  7.359301445385e-01) 
26.2	(   5.750000000000e+00   3.500000000000e+00  7.295640010431e-01) 
26.3	(   5.750000000000e+00   3.500000000000e+00  7.202597278515e-01) 
26.4	(   5.750000000000e+00   3.500000000000e+00  7.093166961440e-01) 
26.5	(   5.750000000000e+00   3.500000000000e+00  6.980202160621e-01) 
26.6	(   5.750000000000e+00   3.500000000000e+00  6.875120090937e-01) 
26.7	(   5.750000000000e+00   3.500000000000e+00  6.786350150514e-01) 
26.8	(   5.750000000000e+00   3.500000000000e+00  6.720240292108e-01) 
26.9	(   5.750000000000e+00   3.500000000000e+00  6.680584565090e-01) 
27	(   5.750000000000e+00   3.500000000000e+00  6.668909703472e-01) 
27.1	(   5.750000000000e+00   3.500000000000e+00  6.685220979752e-01) 
27.2	(   5.750000000000e+00   3.500000000000e+00  6.728223476080e-01) 
27.3	(   5.750000000000e+00   3.500000000000e+00  6.795713577899e-01) 
27.4	(   5.750000000000e+00   3.500000000000e+00  6.884674760902e-01) 
27.5	(   5.750000000000e+00   3.500000000000e+00  6.989776076737e-01) 
27.6	(   5.750000000000e+00   3.500000000000e+00  7.102267132864e-01) 
27.7	(   5.750000000000e+00   3.500000000000e+00  7.211582903385e-01) 
27.8	(   5.750000000000e+00   3.500000000000e+00  7.303233987753e-01) 
27.9	(   5.750000000000e+00   3.500000000000e+00  7.363855328769e-01) 
28	(   5.750000000000e+00   3.500000000000e+00  7.383785652475e-01) 
