                 0.1	   6.999884813199e-01  -1.151868006799e-05
0.2	   6.998968040342e-01  -1.031959658195e-04
0.3	   6.997102865902e-01  -2.897134097801e-04
0.4	   6.995138798789e-01  -4.861201211432e-04
0.5	   6.995337602930e-01  -4.662397070192e-04
0.6	   6.998977445312e-01  -1.022554687734e-04
0.7	   7.004575416758e-01   4.575416758150e-04
0.8	   7.010834867666e-01   1.083486766611e-03
0.9	   7.018599135523e-01   1.859913552318e-03
1	   7.025566579816e-01   2.556657981599e-03
1.1	   7.024714502147e-01   2.471450214747e-03
1.2	   7.009608729254e-01   9.608729254422e-04
1.3	   6.983642778942e-01  -1.635722105826e-03
1.4	   6.958932502869e-01  -4.106749713087e-03
1.5	   6.946998658436e-01  -5.300134156415e-03
1.6	   6.954489205894e-01  -4.551079410631e-03
1.7	   6.984392887404e-01  -1.560711259606e-03
1.8	   7.031600654851e-01   3.160065485056e-03
1.9	   7.079903991322e-01   7.990399132231e-03
2	   7.100236104896e-01   1.002361048957e-02
2.1	   7.069546564840e-01   6.954656483984e-03
2.2	   6.998534675966e-01  -1.465324033815e-04
2.3	   6.924697931897e-01  -7.530206810261e-03
2.4	   6.881531961717e-01  -1.184680382825e-02
2.5	   6.885058731001e-01  -1.149412689986e-02
2.6	   6.941337880042e-01  -5.866211995790e-03
2.7	   7.040394099058e-01   4.039409905803e-03
2.8	   7.147588110028e-01   1.475881100279e-02
2.9	   7.198794795408e-01   1.987947954084e-02
3	   7.150064715620e-01   1.500647156202e-02
3.1	   7.027414102469e-01   2.741410246859e-03
3.2	   6.900671505794e-01  -9.932849420590e-03
3.3	   6.821703352469e-01  -1.782966475306e-02
3.4	   6.816433716952e-01  -1.835662830477e-02
3.5	   6.894215608630e-01  -1.057843913704e-02
3.6	   7.041441167308e-01   4.144116730830e-03
3.7	   7.207486325038e-01   2.074863250383e-02
3.8	   7.286512152254e-01   2.865121522542e-02
3.9	   7.213395910376e-01   2.133959103762e-02
4	   7.039104940358e-01   3.910494035790e-03
4.1	   6.865874722724e-01  -1.341252772758e-02
4.2	   6.759616976206e-01  -2.403830237938e-02
4.3	   6.748725966441e-01  -2.512740335586e-02
4.4	   6.845841611110e-01  -1.541583888896e-02
4.5	   7.040124946892e-01   4.012494689226e-03
4.6	   7.268659312778e-01   2.686593127782e-02
4.7	   7.380212626294e-01   3.802126262937e-02
4.8	   7.285090281529e-01   2.850902815291e-02
4.9	   7.061546184256e-01   6.154618425648e-03
5	   6.844386614718e-01  -1.556133852817e-02
5.1	   6.712597314303e-01  -2.874026856973e-02
5.2	   6.697794927624e-01  -3.022050723764e-02
5.3	   6.811886694542e-01  -1.881133054575e-02
5.4	   7.049420782194e-01   4.942078219391e-03
5.5	   7.339535581231e-01   3.395355812311e-02
5.6	   7.478011196421e-01   4.780111964209e-02
5.7	   7.351317733540e-01   3.513177335399e-02
5.8	   7.074374367752e-01   7.437436775204e-03
5.9	   6.812328418199e-01  -1.876715818012e-02
6	   6.653868794893e-01  -3.461312051072e-02
6.1	   6.631868938051e-01  -3.681310619489e-02
6.2	   6.763665553288e-01  -2.363344467121e-02
6.3	   7.049631002230e-01   4.963100223016e-03
6.4	   7.415351845251e-01   4.153518452510e-02
6.5	   7.585605693214e-01   5.856056932140e-02
6.6	   7.422425097396e-01   4.224250973962e-02
6.7	   7.087116117692e-01   8.711611769216e-03
6.8	   6.779369511712e-01  -2.206304882878e-02
6.9	   6.594986982280e-01  -4.050130177199e-02
7	   6.567291715161e-01  -4.327082848388e-02
7.1	   6.716250166978e-01  -2.837498330224e-02
7.2	   7.052148006766e-01   5.214800676570e-03
7.3	   7.499187025533e-01   4.991870255328e-02
7.4	   7.692917827509e-01   6.929178275090e-02
7.5	   7.483431608099e-01   4.834316080993e-02
7.6	   7.091964648431e-01   9.196464843146e-03
7.7	   6.746099253402e-01  -2.539007465984e-02
7.8	   6.544547710991e-01  -4.554522890090e-02
7.9	   6.518000105569e-01  -4.819998944314e-02
8	   6.686995511371e-01  -3.130044886285e-02
8.1	   7.074194412397e-01   7.419441239735e-03
8.2	   7.602177964513e-01   6.021779645132e-02
8.3	   7.807545734511e-01   8.075457345113e-02
8.4	   7.530574430547e-01   5.305744305467e-02
8.5	   7.077279780800e-01   7.727978079963e-03
8.6	   6.696623804897e-01  -3.033761951034e-02
8.7	   6.480353160527e-01  -5.196468394726e-02
8.8	   6.451238644876e-01  -5.487613551242e-02
8.9	   6.626138437805e-01  -3.738615621946e-02
9	   7.030828470537e-01   3.082847053706e-03
9.1	   7.592464497349e-01   5.924644973489e-02
9.2	   7.832186734126e-01   8.321867341255e-02
9.3	   7.565275718171e-01   5.652757181714e-02
9.4	   7.104423834564e-01   1.044238345641e-02
9.5	   6.708668683110e-01  -2.913313168903e-02
9.6	   6.479314802801e-01  -5.206851971989e-02
9.7	   6.439905312989e-01  -5.600946870114e-02
9.8	   6.606564637379e-01  -3.934353626208e-02
9.9	   6.998410538846e-01  -1.589461153861e-04
10	   7.553681260930e-01   5.536812609301e-02
10.1	   7.830598484625e-01   8.305984846247e-02
10.2	   7.600249863608e-01   6.002498636076e-02
10.3	   7.146197992967e-01   1.461979929670e-02
10.4	   6.738607887053e-01  -2.613921129465e-02
10.5	   6.492477839823e-01  -5.075221601772e-02
10.6	   6.435739940216e-01  -5.642600597841e-02
10.7	   6.585895619535e-01  -4.141043804647e-02
10.8	   6.958959799624e-01  -4.104020037607e-03
10.9	   7.508608143468e-01   5.086081434675e-02
11	   7.827589273069e-01   8.275892730685e-02
11.1	   7.636686945152e-01   6.366869451522e-02
11.2	   7.190803405007e-01   1.908034050072e-02
11.3	   6.771573959828e-01  -2.284260401717e-02
11.4	   6.507982613236e-01  -4.920173867636e-02
11.5	   6.432481809234e-01  -5.675181907656e-02
11.6	   6.563713144913e-01  -4.362868550870e-02
11.7	   6.916003360186e-01  -8.399663981388e-03
11.8	   7.457520456826e-01   4.575204568260e-02
11.9	   7.820304400139e-01   8.203044001388e-02
12	   7.672676898057e-01   6.726768980569e-02
12.1	   7.237994925425e-01   2.379949254248e-02
12.2	   6.807954443718e-01  -1.920455562821e-02
12.3	   6.526312099957e-01  -4.736879000432e-02
12.4	   6.431338511891e-01  -5.686614881085e-02
12.5	   6.542404502649e-01  -4.575954973511e-02
12.6	   6.872984640268e-01  -1.270153597319e-02
12.7	   7.402887007987e-01   4.028870079868e-02
12.8	   7.807007192784e-01   8.070071927838e-02
12.9	   7.705074324880e-01   7.050743248799e-02
13	   7.284825225101e-01   2.848252251012e-02
13.1	   6.845418071737e-01  -1.545819282631e-02
13.2	   6.546345607458e-01  -4.536543925420e-02
13.3	   6.432103636625e-01  -5.678963633751e-02
13.4	   6.523206494494e-01  -4.767935055057e-02
13.5	   6.832381645848e-01  -1.676183541519e-02
13.6	   7.349024907179e-01   3.490249071792e-02
13.7	   7.788677101328e-01   7.886771013277e-02
13.8	   7.734754223308e-01   7.347542233084e-02
13.9	   7.331834583217e-01   3.318345832170e-02
14	   6.883943917111e-01  -1.160560828888e-02
14.1	   6.567741856869e-01  -4.322581431311e-02
14.2	   6.433875814854e-01  -5.661241851458e-02
14.3	   6.504735914411e-01  -4.952640855890e-02
14.4	   6.792770273444e-01  -2.072297265556e-02
14.5	   7.295057793310e-01   2.950577933102e-02
14.6	   7.764751335592e-01   7.647513355917e-02
14.7	   7.761366736376e-01   7.613667363762e-02
14.8	   7.378894684009e-01   3.788946840088e-02
14.9	   6.924386919660e-01  -7.561308034039e-03
15	   6.591545786878e-01  -4.084542131223e-02
15.1	   6.437807912827e-01  -5.621920871732e-02
15.2	   6.487884833803e-01  -5.121151661973e-02
15.3	   6.754279252228e-01  -2.457207477723e-02
15.4	   7.239675607563e-01   2.396756075631e-02
15.5	   7.734973354687e-01   7.349733546875e-02
15.6	   7.783982953647e-01   7.839829536470e-02
15.7	   7.425068595733e-01   4.250685957330e-02
15.8	   6.966339486477e-01  -3.366051352295e-03
15.9	   6.617445360357e-01  -3.825546396428e-02
16	   6.444411440404e-01  -5.555885595957e-02
16.1	   6.473742347502e-01  -5.262576524982e-02
16.2	   6.718192134626e-01  -2.818078653740e-02
16.3	   7.183952114538e-01   1.839521145378e-02
16.4	   7.698979715354e-01   6.989797153538e-02
16.5	   7.801797648047e-01   8.017976480472e-02
16.6	   7.469520169791e-01   4.695201697908e-02
16.7	   7.008863823035e-01   8.863823034755e-04
16.8	   6.644074539792e-01  -3.559254602077e-02
16.9	   6.452657674762e-01  -5.473423252377e-02
17	   6.461381126596e-01  -5.386188734043e-02
17.1	   6.684077619733e-01  -3.159223802668e-02
17.2	   7.129708409678e-01   1.297084096784e-02
17.3	   7.659267460045e-01   6.592674600448e-02
17.4	   7.816072729468e-01   8.160727294684e-02
17.5	   7.513767005582e-01   5.137670055822e-02
17.6	   7.053384761877e-01   5.338476187729e-03
17.7	   6.672752502953e-01  -3.272474970475e-02
17.8	   6.463029565851e-01  -5.369704341494e-02
17.9	   6.451050625761e-01  -5.489493742392e-02
18	   6.651975778536e-01  -3.480242214639e-02
18.1	   7.077171845729e-01   7.717184572865e-03
18.2	   7.616457659916e-01   6.164576599163e-02
18.3	   7.825405087501e-01   8.254050875011e-02
18.4	   7.556144035581e-01   5.561440355806e-02
18.5	   7.098380798658e-01   9.838079865781e-03
18.6	   6.702987962635e-01  -2.970120373649e-02
18.7	   6.475129234285e-01  -5.248707657154e-02
18.8	   6.442689132285e-01  -5.573108677150e-02
18.9	   6.622041857439e-01  -3.779581425610e-02
19	   7.026138972217e-01   2.613897221698e-03
19.1	   7.571282918484e-01   5.712829184836e-02
19.2	   7.830114705121e-01   8.301147051208e-02
19.3	   7.597279744412e-01   5.972797444118e-02
19.4	   7.144114248628e-01   1.441142486281e-02
19.5	   6.735290378815e-01  -2.647096211849e-02
19.6	   6.489206057472e-01  -5.107939425276e-02
19.7	   6.436393397239e-01  -5.636066027606e-02
19.8	   6.594434144216e-01  -4.055658557841e-02
19.9	   6.976349408942e-01  -2.365059105754e-03
20	   7.522446506537e-01   5.224465065368e-02
20.1	   7.828990875126e-01   8.289908751259e-02
20.2	   7.636015676982e-01   6.360156769817e-02
20.3	   7.190214014199e-01   1.902140141989e-02
20.4	   6.769421842235e-01  -2.305781577652e-02
20.5	   6.505187692229e-01  -4.948123077713e-02
20.6	   6.432092406065e-01  -5.679075939354e-02
20.7	   6.568960734570e-01  -4.310392654296e-02
20.8	   6.928225966955e-01  -7.177403304505e-03
20.9	   7.469622307193e-01   4.696223071933e-02
21	   7.822841169958e-01   8.228411699585e-02
21.1	   7.672523589456e-01   6.725235894564e-02
21.2	   7.237150801686e-01   2.371508016860e-02
21.3	   6.805670007735e-01  -1.943299922649e-02
21.4	   6.523350336574e-01  -4.766496634265e-02
21.5	   6.430053615049e-01  -5.699463849510e-02
21.6	   6.545634290492e-01  -4.543657095084e-02
21.7	   6.882204070463e-01  -1.177959295371e-02
21.8	   7.413620034789e-01   4.136200347895e-02
21.9	   7.810717615394e-01   8.107176153937e-02
22	   7.705517461595e-01   7.055174615953e-02
22.1	   7.283999682307e-01   2.839996823073e-02
22.2	   6.843277240755e-01  -1.567227592447e-02
22.3	   6.543425092265e-01  -4.565749077354e-02
22.4	   6.430152789042e-01  -5.698472109584e-02
22.5	   6.524448408310e-01  -4.755515916897e-02
22.6	   6.838591614113e-01  -1.614083858867e-02
22.7	   7.357798114594e-01   3.577981145941e-02
22.8	   7.793274260498e-01   7.932742604984e-02
22.9	   7.735700513071e-01   7.357005130709e-02
23	   7.331293773063e-01   3.312937730627e-02
23.1	   6.882369649326e-01  -1.176303506744e-02
23.2	   6.565601612004e-01  -4.343983879960e-02
23.3	   6.432363243402e-01  -5.676367565979e-02
23.4	   6.505443100854e-01  -4.945568991459e-02
23.5	   6.797314890292e-01  -2.026851097078e-02
23.6	   7.302357506395e-01   3.023575063950e-02
23.7	   7.769568188945e-01   7.695681889452e-02
23.8	   7.761984530233e-01   7.619845302326e-02
23.9	   7.377924229074e-01   3.779242290742e-02
24	   6.922435723489e-01  -7.756427651056e-03
24.1	   6.589406592460e-01  -4.105934075398e-02
24.2	   6.436567196430e-01  -5.634328035699e-02
24.3	   6.488644058421e-01  -5.113559415785e-02
24.4	   6.758253406021e-01  -2.417465939787e-02
24.5	   7.246117760228e-01   2.461177602283e-02
24.6	   7.739543124775e-01   7.395431247749e-02
24.7	   7.784643062318e-01   7.846430623182e-02
24.8	   7.423924728037e-01   4.239247280370e-02
24.9	   6.964179463562e-01  -3.582053643804e-03
25	   6.614976856220e-01  -3.850231437801e-02
25.1	   6.442822916242e-01  -5.571770837577e-02
25.2	   6.473902208781e-01  -5.260977912193e-02
25.3	   6.721145005220e-01  -2.788549947800e-02
25.4	   7.189494704467e-01   1.894947044672e-02
25.5	   7.703640143911e-01   7.036401439109e-02
25.6	   7.803357454343e-01   8.033574543431e-02
25.7	   7.469232767133e-01   4.692327671326e-02
25.8	   7.007494960952e-01   7.494960952248e-04
25.9	   6.642262061522e-01  -3.577379384780e-02
26	   6.451288399670e-01  -5.487116003301e-02
26.1	   6.461409557147e-01  -5.385904428526e-02
26.2	   6.686283790028e-01  -3.137162099715e-02
26.3	   7.134035646996e-01   1.340356469958e-02
26.4	   7.663212044098e-01   6.632120440983e-02
26.5	   7.817543560570e-01   8.175435605696e-02
26.6	   7.513378758144e-01   5.133787581438e-02
26.7	   7.052086877934e-01   5.208687793446e-03
26.8	   6.671132762546e-01  -3.288672374542e-02
26.9	   6.461750653766e-01  -5.382493462344e-02
27	   6.450896777909e-01  -5.491032220914e-02
27.1	   6.653567411676e-01  -3.464325883235e-02
27.2	   7.080507822355e-01   8.050782235538e-03
27.3	   7.619750073741e-01   6.197500737405e-02
27.4	   7.826947600492e-01   8.269476004920e-02
27.5	   7.556085395740e-01   5.560853957401e-02
27.6	   7.097502643550e-01   9.750264354964e-03
27.7	   6.701736042368e-01  -2.982639576323e-02
27.8	   6.474087776663e-01  -5.259122233373e-02
27.9	   6.442488865091e-01  -5.575111349087e-02
28	   6.623228524997e-01  -3.767714750029e-02
