                 0.1	(   5.750000000000e+00   3.500000000000e+00  6.999884813199e-01) 
0.2	(   5.750000000000e+00   3.500000000000e+00  6.998968040342e-01) 
0.3	(   5.750000000000e+00   3.500000000000e+00  6.997102865902e-01) 
0.4	(   5.750000000000e+00   3.500000000000e+00  6.995138798789e-01) 
0.5	(   5.750000000000e+00   3.500000000000e+00  6.995337602930e-01) 
0.6	(   5.750000000000e+00   3.500000000000e+00  6.998977445312e-01) 
0.7	(   5.750000000000e+00   3.500000000000e+00  7.004575416758e-01) 
0.8	(   5.750000000000e+00   3.500000000000e+00  7.010834867666e-01) 
0.9	(   5.750000000000e+00   3.500000000000e+00  7.018599135523e-01) 
1	(   5.750000000000e+00   3.500000000000e+00  7.025566579816e-01) 
1.1	(   5.750000000000e+00   3.500000000000e+00  7.024714502147e-01) 
1.2	(   5.750000000000e+00   3.500000000000e+00  7.009608729254e-01) 
1.3	(   5.750000000000e+00   3.500000000000e+00  6.983642778942e-01) 
1.4	(   5.750000000000e+00   3.500000000000e+00  6.958932502869e-01) 
1.5	(   5.750000000000e+00   3.500000000000e+00  6.946998658436e-01) 
1.6	(   5.750000000000e+00   3.500000000000e+00  6.954489205894e-01) 
1.7	(   5.750000000000e+00   3.500000000000e+00  6.984392887404e-01) 
1.8	(   5.750000000000e+00   3.500000000000e+00  7.031600654851e-01) 
1.9	(   5.750000000000e+00   3.500000000000e+00  7.079903991322e-01) 
2	(   5.750000000000e+00   3.500000000000e+00  7.100236104896e-01) 
2.1	(   5.750000000000e+00   3.500000000000e+00  7.069546564840e-01) 
2.2	(   5.750000000000e+00   3.500000000000e+00  6.998534675966e-01) 
2.3	(   5.750000000000e+00   3.500000000000e+00  6.924697931897e-01) 
2.4	(   5.750000000000e+00   3.500000000000e+00  6.881531961717e-01) 
2.5	(   5.750000000000e+00   3.500000000000e+00  6.885058731001e-01) 
2.6	(   5.750000000000e+00   3.500000000000e+00  6.941337880042e-01) 
2.7	(   5.750000000000e+00   3.500000000000e+00  7.040394099058e-01) 
2.8	(   5.750000000000e+00   3.500000000000e+00  7.147588110028e-01) 
2.9	(   5.750000000000e+00   3.500000000000e+00  7.198794795408e-01) 
3	(   5.750000000000e+00   3.500000000000e+00  7.150064715620e-01) 
3.1	(   5.750000000000e+00   3.500000000000e+00  7.027414102469e-01) 
3.2	(   5.750000000000e+00   3.500000000000e+00  6.900671505794e-01) 
3.3	(   5.750000000000e+00   3.500000000000e+00  6.821703352469e-01) 
3.4	(   5.750000000000e+00   3.500000000000e+00  6.816433716952e-01) 
3.5	(   5.750000000000e+00   3.500000000000e+00  6.894215608630e-01) 
3.6	(   5.750000000000e+00   3.500000000000e+00  7.041441167308e-01) 
3.7	(   5.750000000000e+00   3.500000000000e+00  7.207486325038e-01) 
3.8	(   5.750000000000e+00   3.500000000000e+00  7.286512152254e-01) 
3.9	(   5.750000000000e+00   3.500000000000e+00  7.213395910376e-01) 
4	(   5.750000000000e+00   3.500000000000e+00  7.039104940358e-01) 
4.1	(   5.750000000000e+00   3.500000000000e+00  6.865874722724e-01) 
4.2	(   5.750000000000e+00   3.500000000000e+00  6.759616976206e-01) 
4.3	(   5.750000000000e+00   3.500000000000e+00  6.748725966441e-01) 
4.4	(   5.750000000000e+00   3.500000000000e+00  6.845841611110e-01) 
4.5	(   5.750000000000e+00   3.500000000000e+00  7.040124946892e-01) 
4.6	(   5.750000000000e+00   3.500000000000e+00  7.268659312778e-01) 
4.7	(   5.750000000000e+00   3.500000000000e+00  7.380212626294e-01) 
4.8	(   5.750000000000e+00   3.500000000000e+00  7.285090281529e-01) 
4.9	(   5.750000000000e+00   3.500000000000e+00  7.061546184256e-01) 
5	(   5.750000000000e+00   3.500000000000e+00  6.844386614718e-01) 
5.1	(   5.750000000000e+00   3.500000000000e+00  6.712597314303e-01) 
5.2	(   5.750000000000e+00   3.500000000000e+00  6.697794927624e-01) 
5.3	(   5.750000000000e+00   3.500000000000e+00  6.811886694542e-01) 
5.4	(   5.750000000000e+00   3.500000000000e+00  7.049420782194e-01) 
5.5	(   5.750000000000e+00   3.500000000000e+00  7.339535581231e-01) 
5.6	(   5.750000000000e+00   3.500000000000e+00  7.478011196421e-01) 
5.7	(   5.750000000000e+00   3.500000000000e+00  7.351317733540e-01) 
5.8	(   5.750000000000e+00   3.500000000000e+00  7.074374367752e-01) 
5.9	(   5.750000000000e+00   3.500000000000e+00  6.812328418199e-01) 
6	(   5.750000000000e+00   3.500000000000e+00  6.653868794893e-01) 
6.1	(   5.750000000000e+00   3.500000000000e+00  6.631868938051e-01) 
6.2	(   5.750000000000e+00   3.500000000000e+00  6.763665553288e-01) 
6.3	(   5.750000000000e+00   3.500000000000e+00  7.049631002230e-01) 
6.4	(   5.750000000000e+00   3.500000000000e+00  7.415351845251e-01) 
6.5	(   5.750000000000e+00   3.500000000000e+00  7.585605693214e-01) 
6.6	(   5.750000000000e+00   3.500000000000e+00  7.422425097396e-01) 
6.7	(   5.750000000000e+00   3.500000000000e+00  7.087116117692e-01) 
6.8	(   5.750000000000e+00   3.500000000000e+00  6.779369511712e-01) 
6.9	(   5.750000000000e+00   3.500000000000e+00  6.594986982280e-01) 
7	(   5.750000000000e+00   3.500000000000e+00  6.567291715161e-01) 
7.1	(   5.750000000000e+00   3.500000000000e+00  6.716250166978e-01) 
7.2	(   5.750000000000e+00   3.500000000000e+00  7.052148006766e-01) 
7.3	(   5.750000000000e+00   3.500000000000e+00  7.499187025533e-01) 
7.4	(   5.750000000000e+00   3.500000000000e+00  7.692917827509e-01) 
7.5	(   5.750000000000e+00   3.500000000000e+00  7.483431608099e-01) 
7.6	(   5.750000000000e+00   3.500000000000e+00  7.091964648431e-01) 
7.7	(   5.750000000000e+00   3.500000000000e+00  6.746099253402e-01) 
7.8	(   5.750000000000e+00   3.500000000000e+00  6.544547710991e-01) 
7.9	(   5.750000000000e+00   3.500000000000e+00  6.518000105569e-01) 
8	(   5.750000000000e+00   3.500000000000e+00  6.686995511371e-01) 
8.1	(   5.750000000000e+00   3.500000000000e+00  7.074194412397e-01) 
8.2	(   5.750000000000e+00   3.500000000000e+00  7.602177964513e-01) 
8.3	(   5.750000000000e+00   3.500000000000e+00  7.807545734511e-01) 
8.4	(   5.750000000000e+00   3.500000000000e+00  7.530574430547e-01) 
8.5	(   5.750000000000e+00   3.500000000000e+00  7.077279780800e-01) 
8.6	(   5.750000000000e+00   3.500000000000e+00  6.696623804897e-01) 
8.7	(   5.750000000000e+00   3.500000000000e+00  6.480353160527e-01) 
8.8	(   5.750000000000e+00   3.500000000000e+00  6.451238644876e-01) 
8.9	(   5.750000000000e+00   3.500000000000e+00  6.626138437805e-01) 
9	(   5.750000000000e+00   3.500000000000e+00  7.030828470537e-01) 
9.1	(   5.750000000000e+00   3.500000000000e+00  7.592464497349e-01) 
9.2	(   5.750000000000e+00   3.500000000000e+00  7.832186734126e-01) 
9.3	(   5.750000000000e+00   3.500000000000e+00  7.565275718171e-01) 
9.4	(   5.750000000000e+00   3.500000000000e+00  7.104423834564e-01) 
9.5	(   5.750000000000e+00   3.500000000000e+00  6.708668683110e-01) 
9.6	(   5.750000000000e+00   3.500000000000e+00  6.479314802801e-01) 
9.7	(   5.750000000000e+00   3.500000000000e+00  6.439905312989e-01) 
9.8	(   5.750000000000e+00   3.500000000000e+00  6.606564637379e-01) 
9.9	(   5.750000000000e+00   3.500000000000e+00  6.998410538846e-01) 
10	(   5.750000000000e+00   3.500000000000e+00  7.553681260930e-01) 
10.1	(   5.750000000000e+00   3.500000000000e+00  7.830598484625e-01) 
10.2	(   5.750000000000e+00   3.500000000000e+00  7.600249863608e-01) 
10.3	(   5.750000000000e+00   3.500000000000e+00  7.146197992967e-01) 
10.4	(   5.750000000000e+00   3.500000000000e+00  6.738607887053e-01) 
10.5	(   5.750000000000e+00   3.500000000000e+00  6.492477839823e-01) 
10.6	(   5.750000000000e+00   3.500000000000e+00  6.435739940216e-01) 
10.7	(   5.750000000000e+00   3.500000000000e+00  6.585895619535e-01) 
10.8	(   5.750000000000e+00   3.500000000000e+00  6.958959799624e-01) 
10.9	(   5.750000000000e+00   3.500000000000e+00  7.508608143468e-01) 
11	(   5.750000000000e+00   3.500000000000e+00  7.827589273069e-01) 
11.1	(   5.750000000000e+00   3.500000000000e+00  7.636686945152e-01) 
11.2	(   5.750000000000e+00   3.500000000000e+00  7.190803405007e-01) 
11.3	(   5.750000000000e+00   3.500000000000e+00  6.771573959828e-01) 
11.4	(   5.750000000000e+00   3.500000000000e+00  6.507982613236e-01) 
11.5	(   5.750000000000e+00   3.500000000000e+00  6.432481809234e-01) 
11.6	(   5.750000000000e+00   3.500000000000e+00  6.563713144913e-01) 
11.7	(   5.750000000000e+00   3.500000000000e+00  6.916003360186e-01) 
11.8	(   5.750000000000e+00   3.500000000000e+00  7.457520456826e-01) 
11.9	(   5.750000000000e+00   3.500000000000e+00  7.820304400139e-01) 
12	(   5.750000000000e+00   3.500000000000e+00  7.672676898057e-01) 
12.1	(   5.750000000000e+00   3.500000000000e+00  7.237994925425e-01) 
12.2	(   5.750000000000e+00   3.500000000000e+00  6.807954443718e-01) 
12.3	(   5.750000000000e+00   3.500000000000e+00  6.526312099957e-01) 
12.4	(   5.750000000000e+00   3.500000000000e+00  6.431338511891e-01) 
12.5	(   5.750000000000e+00   3.500000000000e+00  6.542404502649e-01) 
12.6	(   5.750000000000e+00   3.500000000000e+00  6.872984640268e-01) 
12.7	(   5.750000000000e+00   3.500000000000e+00  7.402887007987e-01) 
12.8	(   5.750000000000e+00   3.500000000000e+00  7.807007192784e-01) 
12.9	(   5.750000000000e+00   3.500000000000e+00  7.705074324880e-01) 
13	(   5.750000000000e+00   3.500000000000e+00  7.284825225101e-01) 
13.1	(   5.750000000000e+00   3.500000000000e+00  6.845418071737e-01) 
13.2	(   5.750000000000e+00   3.500000000000e+00  6.546345607458e-01) 
13.3	(   5.750000000000e+00   3.500000000000e+00  6.432103636625e-01) 
13.4	(   5.750000000000e+00   3.500000000000e+00  6.523206494494e-01) 
13.5	(   5.750000000000e+00   3.500000000000e+00  6.832381645848e-01) 
13.6	(   5.750000000000e+00   3.500000000000e+00  7.349024907179e-01) 
13.7	(   5.750000000000e+00   3.500000000000e+00  7.788677101328e-01) 
13.8	(   5.750000000000e+00   3.500000000000e+00  7.734754223308e-01) 
13.9	(   5.750000000000e+00   3.500000000000e+00  7.331834583217e-01) 
14	(   5.750000000000e+00   3.500000000000e+00  6.883943917111e-01) 
14.1	(   5.750000000000e+00   3.500000000000e+00  6.567741856869e-01) 
14.2	(   5.750000000000e+00   3.500000000000e+00  6.433875814854e-01) 
14.3	(   5.750000000000e+00   3.500000000000e+00  6.504735914411e-01) 
14.4	(   5.750000000000e+00   3.500000000000e+00  6.792770273444e-01) 
14.5	(   5.750000000000e+00   3.500000000000e+00  7.295057793310e-01) 
14.6	(   5.750000000000e+00   3.500000000000e+00  7.764751335592e-01) 
14.7	(   5.750000000000e+00   3.500000000000e+00  7.761366736376e-01) 
14.8	(   5.750000000000e+00   3.500000000000e+00  7.378894684009e-01) 
14.9	(   5.750000000000e+00   3.500000000000e+00  6.924386919660e-01) 
15	(   5.750000000000e+00   3.500000000000e+00  6.591545786878e-01) 
15.1	(   5.750000000000e+00   3.500000000000e+00  6.437807912827e-01) 
15.2	(   5.750000000000e+00   3.500000000000e+00  6.487884833803e-01) 
15.3	(   5.750000000000e+00   3.500000000000e+00  6.754279252228e-01) 
15.4	(   5.750000000000e+00   3.500000000000e+00  7.239675607563e-01) 
15.5	(   5.750000000000e+00   3.500000000000e+00  7.734973354687e-01) 
15.6	(   5.750000000000e+00   3.500000000000e+00  7.783982953647e-01) 
15.7	(   5.750000000000e+00   3.500000000000e+00  7.425068595733e-01) 
15.8	(   5.750000000000e+00   3.500000000000e+00  6.966339486477e-01) 
15.9	(   5.750000000000e+00   3.500000000000e+00  6.617445360357e-01) 
16	(   5.750000000000e+00   3.500000000000e+00  6.444411440404e-01) 
16.1	(   5.750000000000e+00   3.500000000000e+00  6.473742347502e-01) 
16.2	(   5.750000000000e+00   3.500000000000e+00  6.718192134626e-01) 
16.3	(   5.750000000000e+00   3.500000000000e+00  7.183952114538e-01) 
16.4	(   5.750000000000e+00   3.500000000000e+00  7.698979715354e-01) 
16.5	(   5.750000000000e+00   3.500000000000e+00  7.801797648047e-01) 
16.6	(   5.750000000000e+00   3.500000000000e+00  7.469520169791e-01) 
16.7	(   5.750000000000e+00   3.500000000000e+00  7.008863823035e-01) 
16.8	(   5.750000000000e+00   3.500000000000e+00  6.644074539792e-01) 
16.9	(   5.750000000000e+00   3.500000000000e+00  6.452657674762e-01) 
17	(   5.750000000000e+00   3.500000000000e+00  6.461381126596e-01) 
17.1	(   5.750000000000e+00   3.500000000000e+00  6.684077619733e-01) 
17.2	(   5.750000000000e+00   3.500000000000e+00  7.129708409678e-01) 
17.3	(   5.750000000000e+00   3.500000000000e+00  7.659267460045e-01) 
17.4	(   5.750000000000e+00   3.500000000000e+00  7.816072729468e-01) 
17.5	(   5.750000000000e+00   3.500000000000e+00  7.513767005582e-01) 
17.6	(   5.750000000000e+00   3.500000000000e+00  7.053384761877e-01) 
17.7	(   5.750000000000e+00   3.500000000000e+00  6.672752502953e-01) 
17.8	(   5.750000000000e+00   3.500000000000e+00  6.463029565851e-01) 
17.9	(   5.750000000000e+00   3.500000000000e+00  6.451050625761e-01) 
18	(   5.750000000000e+00   3.500000000000e+00  6.651975778536e-01) 
18.1	(   5.750000000000e+00   3.500000000000e+00  7.077171845729e-01) 
18.2	(   5.750000000000e+00   3.500000000000e+00  7.616457659916e-01) 
18.3	(   5.750000000000e+00   3.500000000000e+00  7.825405087501e-01) 
18.4	(   5.750000000000e+00   3.500000000000e+00  7.556144035581e-01) 
18.5	(   5.750000000000e+00   3.500000000000e+00  7.098380798658e-01) 
18.6	(   5.750000000000e+00   3.500000000000e+00  6.702987962635e-01) 
18.7	(   5.750000000000e+00   3.500000000000e+00  6.475129234285e-01) 
18.8	(   5.750000000000e+00   3.500000000000e+00  6.442689132285e-01) 
18.9	(   5.750000000000e+00   3.500000000000e+00  6.622041857439e-01) 
19	(   5.750000000000e+00   3.500000000000e+00  7.026138972217e-01) 
19.1	(   5.750000000000e+00   3.500000000000e+00  7.571282918484e-01) 
19.2	(   5.750000000000e+00   3.500000000000e+00  7.830114705121e-01) 
19.3	(   5.750000000000e+00   3.500000000000e+00  7.597279744412e-01) 
19.4	(   5.750000000000e+00   3.500000000000e+00  7.144114248628e-01) 
19.5	(   5.750000000000e+00   3.500000000000e+00  6.735290378815e-01) 
19.6	(   5.750000000000e+00   3.500000000000e+00  6.489206057472e-01) 
19.7	(   5.750000000000e+00   3.500000000000e+00  6.436393397239e-01) 
19.8	(   5.750000000000e+00   3.500000000000e+00  6.594434144216e-01) 
19.9	(   5.750000000000e+00   3.500000000000e+00  6.976349408942e-01) 
20	(   5.750000000000e+00   3.500000000000e+00  7.522446506537e-01) 
20.1	(   5.750000000000e+00   3.500000000000e+00  7.828990875126e-01) 
20.2	(   5.750000000000e+00   3.500000000000e+00  7.636015676982e-01) 
20.3	(   5.750000000000e+00   3.500000000000e+00  7.190214014199e-01) 
20.4	(   5.750000000000e+00   3.500000000000e+00  6.769421842235e-01) 
20.5	(   5.750000000000e+00   3.500000000000e+00  6.505187692229e-01) 
20.6	(   5.750000000000e+00   3.500000000000e+00  6.432092406065e-01) 
20.7	(   5.750000000000e+00   3.500000000000e+00  6.568960734570e-01) 
20.8	(   5.750000000000e+00   3.500000000000e+00  6.928225966955e-01) 
20.9	(   5.750000000000e+00   3.500000000000e+00  7.469622307193e-01) 
21	(   5.750000000000e+00   3.500000000000e+00  7.822841169958e-01) 
21.1	(   5.750000000000e+00   3.500000000000e+00  7.672523589456e-01) 
21.2	(   5.750000000000e+00   3.500000000000e+00  7.237150801686e-01) 
21.3	(   5.750000000000e+00   3.500000000000e+00  6.805670007735e-01) 
21.4	(   5.750000000000e+00   3.500000000000e+00  6.523350336574e-01) 
21.5	(   5.750000000000e+00   3.500000000000e+00  6.430053615049e-01) 
21.6	(   5.750000000000e+00   3.500000000000e+00  6.545634290492e-01) 
21.7	(   5.750000000000e+00   3.500000000000e+00  6.882204070463e-01) 
21.8	(   5.750000000000e+00   3.500000000000e+00  7.413620034789e-01) 
21.9	(   5.750000000000e+00   3.500000000000e+00  7.810717615394e-01) 
22	(   5.750000000000e+00   3.500000000000e+00  7.705517461595e-01) 
22.1	(   5.750000000000e+00   3.500000000000e+00  7.283999682307e-01) 
22.2	(   5.750000000000e+00   3.500000000000e+00  6.843277240755e-01) 
22.3	(   5.750000000000e+00   3.500000000000e+00  6.543425092265e-01) 
22.4	(   5.750000000000e+00   3.500000000000e+00  6.430152789042e-01) 
22.5	(   5.750000000000e+00   3.500000000000e+00  6.524448408310e-01) 
22.6	(   5.750000000000e+00   3.500000000000e+00  6.838591614113e-01) 
22.7	(   5.750000000000e+00   3.500000000000e+00  7.357798114594e-01) 
22.8	(   5.750000000000e+00   3.500000000000e+00  7.793274260498e-01) 
22.9	(   5.750000000000e+00   3.500000000000e+00  7.735700513071e-01) 
23	(   5.750000000000e+00   3.500000000000e+00  7.331293773063e-01) 
23.1	(   5.750000000000e+00   3.500000000000e+00  6.882369649326e-01) 
23.2	(   5.750000000000e+00   3.500000000000e+00  6.565601612004e-01) 
23.3	(   5.750000000000e+00   3.500000000000e+00  6.432363243402e-01) 
23.4	(   5.750000000000e+00   3.500000000000e+00  6.505443100854e-01) 
23.5	(   5.750000000000e+00   3.500000000000e+00  6.797314890292e-01) 
23.6	(   5.750000000000e+00   3.500000000000e+00  7.302357506395e-01) 
23.7	(   5.750000000000e+00   3.500000000000e+00  7.769568188945e-01) 
23.8	(   5.750000000000e+00   3.500000000000e+00  7.761984530233e-01) 
23.9	(   5.750000000000e+00   3.500000000000e+00  7.377924229074e-01) 
24	(   5.750000000000e+00   3.500000000000e+00  6.922435723489e-01) 
24.1	(   5.750000000000e+00   3.500000000000e+00  6.589406592460e-01) 
24.2	(   5.750000000000e+00   3.500000000000e+00  6.436567196430e-01) 
24.3	(   5.750000000000e+00   3.500000000000e+00  6.488644058421e-01) 
24.4	(   5.750000000000e+00   3.500000000000e+00  6.758253406021e-01) 
24.5	(   5.750000000000e+00   3.500000000000e+00  7.246117760228e-01) 
24.6	(   5.750000000000e+00   3.500000000000e+00  7.739543124775e-01) 
24.7	(   5.750000000000e+00   3.500000000000e+00  7.784643062318e-01) 
24.8	(   5.750000000000e+00   3.500000000000e+00  7.423924728037e-01) 
24.9	(   5.750000000000e+00   3.500000000000e+00  6.964179463562e-01) 
25	(   5.750000000000e+00   3.500000000000e+00  6.614976856220e-01) 
25.1	(   5.750000000000e+00   3.500000000000e+00  6.442822916242e-01) 
25.2	(   5.750000000000e+00   3.500000000000e+00  6.473902208781e-01) 
25.3	(   5.750000000000e+00   3.500000000000e+00  6.721145005220e-01) 
25.4	(   5.750000000000e+00   3.500000000000e+00  7.189494704467e-01) 
25.5	(   5.750000000000e+00   3.500000000000e+00  7.703640143911e-01) 
25.6	(   5.750000000000e+00   3.500000000000e+00  7.803357454343e-01) 
25.7	(   5.750000000000e+00   3.500000000000e+00  7.469232767133e-01) 
25.8	(   5.750000000000e+00   3.500000000000e+00  7.007494960952e-01) 
25.9	(   5.750000000000e+00   3.500000000000e+00  6.642262061522e-01) 
26	(   5.750000000000e+00   3.500000000000e+00  6.451288399670e-01) 
26.1	(   5.750000000000e+00   3.500000000000e+00  6.461409557147e-01) 
26.2	(   5.750000000000e+00   3.500000000000e+00  6.686283790028e-01) 
26.3	(   5.750000000000e+00   3.500000000000e+00  7.134035646996e-01) 
26.4	(   5.750000000000e+00   3.500000000000e+00  7.663212044098e-01) 
26.5	(   5.750000000000e+00   3.500000000000e+00  7.817543560570e-01) 
26.6	(   5.750000000000e+00   3.500000000000e+00  7.513378758144e-01) 
26.7	(   5.750000000000e+00   3.500000000000e+00  7.052086877934e-01) 
26.8	(   5.750000000000e+00   3.500000000000e+00  6.671132762546e-01) 
26.9	(   5.750000000000e+00   3.500000000000e+00  6.461750653766e-01) 
27	(   5.750000000000e+00   3.500000000000e+00  6.450896777909e-01) 
27.1	(   5.750000000000e+00   3.500000000000e+00  6.653567411676e-01) 
27.2	(   5.750000000000e+00   3.500000000000e+00  7.080507822355e-01) 
27.3	(   5.750000000000e+00   3.500000000000e+00  7.619750073741e-01) 
27.4	(   5.750000000000e+00   3.500000000000e+00  7.826947600492e-01) 
27.5	(   5.750000000000e+00   3.500000000000e+00  7.556085395740e-01) 
27.6	(   5.750000000000e+00   3.500000000000e+00  7.097502643550e-01) 
27.7	(   5.750000000000e+00   3.500000000000e+00  6.701736042368e-01) 
27.8	(   5.750000000000e+00   3.500000000000e+00  6.474087776663e-01) 
27.9	(   5.750000000000e+00   3.500000000000e+00  6.442488865091e-01) 
28	(   5.750000000000e+00   3.500000000000e+00  6.623228524997e-01) 
