/*--------------------------------*- C++ -*----------------------------------*\
| =========                 |                                                 |
| \\      /  F ield         | OpenFOAM: The Open Source CFD Toolbox           |
|  \\    /   O peration     | Version:  2312                                  |
|   \\  /    A nd           | Website:  www.openfoam.com                      |
|    \\/     M anipulation  |                                                 |
\*---------------------------------------------------------------------------*/
FoamFile
{
    version     2.0;
    format      ascii;
    arch        "LSB;label=32;scalar=64";
    class       surfaceTensorField;
    location    "2";
    object      Lambdaf;
}
// * * * * * * * * * * * * * * * * * * * * * * * * * * * * * * * * * * * * * //

dimensions      [0 0 0 0 0 0 0];

internalField   nonuniform List<tensor> 
59
(
(1 1.63387e-16 1.63387e-16 -1.63387e-16 1 3.02787e-28 -1.63387e-16 1.66852e-28 1)
(1 1.63503e-16 1.63503e-16 -1.63503e-16 1 8.65288e-29 -1.63503e-16 -4.94062e-29 1)
(1 1.63699e-16 1.63699e-16 -1.63699e-16 1 1.02279e-28 -1.63699e-16 -3.36559e-29 1)
(1 1.63984e-16 1.63984e-16 -1.63984e-16 1 1.15482e-28 -1.63984e-16 -2.04532e-29 1)
(1 1.64366e-16 1.64366e-16 -1.64366e-16 1 1.04604e-28 -1.64366e-16 -3.13308e-29 1)
(1 1.64857e-16 1.64857e-16 -1.64857e-16 1 8.81916e-29 -1.64857e-16 -4.77435e-29 1)
(1 1.65469e-16 1.65469e-16 -1.65469e-16 1 7.67882e-29 -1.65469e-16 -5.91469e-29 1)
(1 1.66219e-16 1.66219e-16 -1.66219e-16 1 7.1301e-29 -1.66219e-16 -6.4634e-29 1)
(1 1.67124e-16 1.67124e-16 -1.67124e-16 1 6.93514e-29 -1.67124e-16 -6.65836e-29 1)
(1 1.68204e-16 1.68204e-16 -1.68204e-16 1 6.88531e-29 -1.68204e-16 -6.7082e-29 1)
(1 1.69478e-16 1.69478e-16 -1.69478e-16 1 6.87558e-29 -1.69478e-16 -6.71792e-29 1)
(1 1.70968e-16 1.70968e-16 -1.70968e-16 1 6.87083e-29 -1.70968e-16 -6.72267e-29 1)
(1 1.72697e-16 1.72697e-16 -1.72697e-16 1 6.86495e-29 -1.72697e-16 -6.72856e-29 1)
(1 1.74688e-16 1.74688e-16 -1.74688e-16 1 6.85898e-29 -1.74688e-16 -6.73452e-29 1)
(1 1.76962e-16 1.76962e-16 -1.76962e-16 1 6.85398e-29 -1.76962e-16 -6.73952e-29 1)
(1 1.79543e-16 1.79543e-16 -1.79543e-16 1 6.85005e-29 -1.79543e-16 -6.74345e-29 1)
(1 1.82454e-16 1.82454e-16 -1.82454e-16 1 6.84689e-29 -1.82454e-16 -6.74661e-29 1)
(1 1.85715e-16 1.85715e-16 -1.85715e-16 1 6.84421e-29 -1.85715e-16 -6.74929e-29 1)
(1 1.89347e-16 1.89347e-16 -1.89347e-16 1 6.84182e-29 -1.89347e-16 -6.75168e-29 1)
(1 1.93369e-16 1.93369e-16 -1.93369e-16 1 6.83962e-29 -1.93369e-16 -6.75388e-29 1)
(1 1.97798e-16 1.97798e-16 -1.97798e-16 1 6.83757e-29 -1.97798e-16 -6.75593e-29 1)
(1 2.02648e-16 2.02648e-16 -2.02648e-16 1 6.83565e-29 -2.02648e-16 -6.75786e-29 1)
(1 2.07935e-16 2.07935e-16 -2.07935e-16 1 6.83384e-29 -2.07935e-16 -6.75966e-29 1)
(1 2.13666e-16 2.13666e-16 -2.13666e-16 1 6.83215e-29 -2.13666e-16 -6.76135e-29 1)
(1 2.19852e-16 2.19852e-16 -2.19852e-16 1 6.83058e-29 -2.19852e-16 -6.76293e-29 1)
(1 2.26494e-16 2.26494e-16 -2.26494e-16 1 6.82912e-29 -2.26494e-16 -6.76439e-29 1)
(1 2.33597e-16 2.33597e-16 -2.33597e-16 1 6.82777e-29 -2.33597e-16 -6.76573e-29 1)
(1 2.41157e-16 2.41157e-16 -2.41157e-16 1 6.82653e-29 -2.41157e-16 -6.76698e-29 1)
(1 2.49173e-16 2.49173e-16 -2.49173e-16 1 6.82538e-29 -2.49173e-16 -6.76813e-29 1)
(1 2.57632e-16 2.57632e-16 -2.57632e-16 1 6.82431e-29 -2.57632e-16 -6.76919e-29 1)
(1 2.66526e-16 2.66526e-16 -2.66526e-16 1 6.82331e-29 -2.66526e-16 -6.77019e-29 1)
(1 2.75838e-16 2.75838e-16 -2.75838e-16 1 6.82236e-29 -2.75838e-16 -6.77114e-29 1)
(1 2.8555e-16 2.8555e-16 -2.8555e-16 1 6.82145e-29 -2.8555e-16 -6.77205e-29 1)
(1 2.95642e-16 2.95642e-16 -2.95642e-16 1 6.82057e-29 -2.95642e-16 -6.77293e-29 1)
(1 3.06085e-16 3.06085e-16 -3.06085e-16 1 6.8197e-29 -3.06085e-16 -6.7738e-29 1)
(1 3.16856e-16 3.16856e-16 -3.16856e-16 1 6.81884e-29 -3.16856e-16 -6.77466e-29 1)
(1 3.27918e-16 3.27918e-16 -3.27918e-16 1 6.81797e-29 -3.27918e-16 -6.77553e-29 1)
(1 3.39241e-16 3.39241e-16 -3.39241e-16 1 6.81711e-29 -3.39241e-16 -6.77639e-29 1)
(1 3.50783e-16 3.50783e-16 -3.50783e-16 1 6.81626e-29 -3.50783e-16 -6.77725e-29 1)
(1 3.62509e-16 3.62509e-16 -3.62509e-16 1 6.81543e-29 -3.62509e-16 -6.77807e-29 1)
(1 3.74371e-16 3.74371e-16 -3.74371e-16 1 6.81465e-29 -3.74371e-16 -6.77885e-29 1)
(1 3.86329e-16 3.86329e-16 -3.86329e-16 1 6.81391e-29 -3.86329e-16 -6.7796e-29 1)
(1 3.98334e-16 3.98334e-16 -3.98334e-16 1 6.81317e-29 -3.98334e-16 -6.78033e-29 1)
(1 4.10332e-16 4.10332e-16 -4.10332e-16 1 6.81238e-29 -4.10332e-16 -6.78112e-29 1)
(1 4.22277e-16 4.22277e-16 -4.22277e-16 1 6.81144e-29 -4.22277e-16 -6.78206e-29 1)
(1 4.3411e-16 4.3411e-16 -4.3411e-16 1 6.81027e-29 -4.3411e-16 -6.78324e-29 1)
(1 4.4578e-16 4.4578e-16 -4.4578e-16 1 6.80884e-29 -4.4578e-16 -6.78466e-29 1)
(1 4.57221e-16 4.57221e-16 -4.57221e-16 1 6.80723e-29 -4.57221e-16 -6.78628e-29 1)
(1 4.68376e-16 4.68376e-16 -4.68376e-16 1 6.80562e-29 -4.68376e-16 -6.78788e-29 1)
(1 4.79174e-16 4.79174e-16 -4.79174e-16 1 6.80429e-29 -4.79174e-16 -6.78921e-29 1)
(1 4.89546e-16 4.89546e-16 -4.89546e-16 1 6.80353e-29 -4.89546e-16 -6.78997e-29 1)
(1 4.99416e-16 4.99416e-16 -4.99416e-16 1 6.80353e-29 -4.99416e-16 -6.78998e-29 1)
(1 5.08694e-16 5.08694e-16 -5.08694e-16 1 6.80431e-29 -5.08694e-16 -6.78919e-29 1)
(1 5.1728e-16 5.1728e-16 -5.1728e-16 1 6.8057e-29 -5.1728e-16 -6.7878e-29 1)
(1 5.25063e-16 5.25063e-16 -5.25063e-16 1 6.80736e-29 -5.25063e-16 -6.78614e-29 1)
(1 5.31908e-16 5.31908e-16 -5.31908e-16 1 6.8089e-29 -5.31908e-16 -6.7846e-29 1)
(1 5.37652e-16 5.37652e-16 -5.37652e-16 1 6.81005e-29 -5.37652e-16 -6.78346e-29 1)
(1 5.42093e-16 5.42093e-16 -5.42093e-16 1 6.81072e-29 -5.42093e-16 -6.78278e-29 1)
(1 5.44984e-16 5.44984e-16 -5.44984e-16 1 6.81107e-29 -5.44984e-16 -6.78243e-29 1)
)
;

boundaryField
{
    left
    {
        type            calculated;
        value           uniform (1 1.63349e-16 1.63349e-16 -1.63349e-16 1 6.4673e-28 -1.63349e-16 5.10795e-28 1);
    }
    right
    {
        type            calculated;
        value           uniform (1 5.46006e-16 5.46006e-16 -5.46006e-16 1 6.81119e-29 -5.46006e-16 -6.78231e-29 1);
    }
    beam
    {
        type            empty;
        value           nonuniform List<tensor> 0();
    }
}


// ************************************************************************* //
