                 0.1	   7.000032575012e-01   3.257501233422e-06
0.2	   6.999974670277e-01  -2.532972308456e-06
0.3	   7.000665717254e-01   6.657172541347e-05
0.4	   7.002938770518e-01   2.938770518172e-04
0.5	   7.007029485501e-01   7.029485500509e-04
0.6	   7.012197741543e-01   1.219774154265e-03
0.7	   7.017111538339e-01   1.711153833903e-03
0.8	   7.020506751433e-01   2.050675143279e-03
0.9	   7.020511347935e-01   2.051134793482e-03
1	   7.014416011000e-01   1.441601099957e-03
1.1	   7.000412339231e-01   4.123392312694e-05
1.2	   6.979796747364e-01  -2.020325263570e-03
1.3	   6.958354422273e-01  -4.164557772746e-03
1.4	   6.944464281677e-01  -5.553571832262e-03
1.5	   6.945900679856e-01  -5.409932014358e-03
1.6	   6.966746673383e-01  -3.325332661715e-03
1.7	   7.004203567625e-01   4.203567625272e-04
1.8	   7.049059541140e-01   4.905954113975e-03
1.9	   7.088194305993e-01   8.819430599343e-03
2	   7.105450683861e-01   1.054506838606e-02
2.1	   7.088666397644e-01   8.866639764427e-03
2.2	   7.037955496664e-01   3.795549666372e-03
2.3	   6.967768099462e-01  -3.223190053832e-03
2.4	   6.901324656897e-01  -9.867534310329e-03
2.5	   6.860767765972e-01  -1.392322340281e-02
2.6	   6.859735536968e-01  -1.402644630316e-02
2.7	   6.901644817498e-01  -9.835518250241e-03
2.8	   6.980178716340e-01  -1.982128365951e-03
2.9	   7.076687308176e-01   7.668730817619e-03
3	   7.162106664055e-01   1.621066640546e-02
3.1	   7.202188787234e-01   2.021887872340e-02
3.2	   7.176483286238e-01   1.764832862385e-02
3.3	   7.089826746717e-01   8.982674671744e-03
3.4	   6.971352443265e-01  -2.864755673498e-03
3.5	   6.860414252462e-01  -1.395857475377e-02
3.6	   6.789747618829e-01  -2.102523811705e-02
3.7	   6.779731624878e-01  -2.202683751220e-02
3.8	   6.837735155268e-01  -1.622648447317e-02
3.9	   6.956100598107e-01  -4.389940189260e-03
4	   7.106970230824e-01   1.069702308240e-02
4.1	   7.245051304247e-01   2.450513042466e-02
4.2	   7.311031104530e-01   3.110311045296e-02
4.3	   7.272161164993e-01   2.721611649933e-02
4.4	   7.141842928099e-01   1.418429280995e-02
4.5	   6.970235670579e-01  -2.976432942149e-03
4.6	   6.813598153949e-01  -1.864018460511e-02
4.7	   6.712800988985e-01  -2.871990110148e-02
4.8	   6.692770175839e-01  -3.072298241610e-02
4.9	   6.762113908344e-01  -2.378860916559e-02
5	   6.914003366813e-01  -8.599663318715e-03
5.1	   7.119954507687e-01   1.199545076873e-02
5.2	   7.316857666288e-01   3.168576662882e-02
5.3	   7.416841236691e-01   4.168412366911e-02
5.4	   7.368537422744e-01   3.685374227436e-02
5.5	   7.198605408528e-01   1.986054085283e-02
5.6	   6.979509510373e-01  -2.049048962674e-03
5.7	   6.781431538022e-01  -2.185684619781e-02
5.8	   6.652537272395e-01  -3.474627276051e-02
5.9	   6.619900904157e-01  -3.800990958428e-02
6	   6.695325085252e-01  -3.046749147478e-02
6.1	   6.874521206850e-01  -1.254787931504e-02
6.2	   7.129748912625e-01   1.297489126250e-02
6.3	   7.386495666396e-01   3.864956663958e-02
6.4	   7.522995055493e-01   5.229950554929e-02
6.5	   7.466625475552e-01   4.666254755520e-02
6.6	   7.258058903939e-01   2.580589039391e-02
6.7	   6.992633186394e-01  -7.366813606058e-04
6.8	   6.754643635961e-01  -2.453563640394e-02
6.9	   6.598341586124e-01  -4.016584138758e-02
7	   6.551685214839e-01  -4.483147851605e-02
7.1	   6.628235894349e-01  -3.717641056508e-02
7.2	   6.828559807198e-01  -1.714401928015e-02
7.3	   7.130455170905e-01   1.304551709054e-02
7.4	   7.450209656367e-01   4.502096563674e-02
7.5	   7.629258859682e-01   6.292588596819e-02
7.6	   7.568640423101e-01   5.686404231011e-02
7.7	   7.320592659252e-01   3.205926592524e-02
7.8	   7.006795824733e-01   6.795824733485e-04
7.9	   6.727686938306e-01  -2.723130616936e-02
8	   6.542570307661e-01  -4.574296923385e-02
8.1	   6.479984174472e-01  -5.200158255280e-02
8.2	   6.554439237886e-01  -4.455607621139e-02
8.3	   6.772363437956e-01  -2.276365620440e-02
8.4	   7.114271940924e-01   1.142719409236e-02
8.5	   7.495899737233e-01   4.958997372329e-02
8.6	   7.719994311883e-01   7.199943118826e-02
8.7	   7.656893951134e-01   6.568939511338e-02
8.8	   7.377131724268e-01   3.771317242676e-02
8.9	   7.028439902311e-01   2.843990231100e-03
9	   6.722437153719e-01  -2.775628462807e-02
9.1	   6.520203040980e-01  -4.797969590197e-02
9.2	   6.448184233160e-01  -5.518157668399e-02
9.3	   6.518758049826e-01  -4.812419501736e-02
9.4	   6.736665277967e-01  -2.633347220329e-02
9.5	   7.081311843677e-01   8.131184367735e-03
9.6	   7.469868405105e-01   4.698684051053e-02
9.7	   7.711332908216e-01   7.113329082158e-02
9.8	   7.669919934291e-01   6.699199342907e-02
9.9	   7.403840345137e-01   4.038403451368e-02
10	   7.057196289926e-01   5.719628992571e-03
10.1	   6.745053705543e-01  -2.549462944571e-02
10.2	   6.533266862395e-01  -4.667331376052e-02
10.3	   6.451147083784e-01  -5.488529162158e-02
10.4	   6.510777787790e-01  -4.892222122100e-02
10.5	   6.716868861478e-01  -2.831311385218e-02
10.6	   7.050060237194e-01   5.006023719441e-03
10.7	   7.434876259718e-01   4.348762597178e-02
10.8	   7.694458732547e-01   6.944587325474e-02
10.9	   7.681978386003e-01   6.819783860029e-02
11	   7.435481974110e-01   4.354819741096e-02
11.1	   7.093441967198e-01   9.344196719764e-03
11.2	   6.774663013171e-01  -2.253369868290e-02
11.3	   6.551207154453e-01  -4.487928455474e-02
11.4	   6.456308175462e-01  -5.436918245385e-02
11.5	   6.502493525563e-01  -4.975064744368e-02
11.6	   6.694829111520e-01  -3.051708884800e-02
11.7	   7.016295463475e-01   1.629546347462e-03
11.8	   7.398226429682e-01   3.982264296824e-02
11.9	   7.675543614490e-01   6.755436144902e-02
12	   7.692014584922e-01   6.920145849216e-02
12.1	   7.466090526686e-01   4.660905266855e-02
12.2	   7.129998502345e-01   1.299985023447e-02
12.3	   6.805745066854e-01  -1.942549331462e-02
12.4	   6.570709737771e-01  -4.292902622292e-02
12.5	   6.462638674315e-01  -5.373613256846e-02
12.6	   6.495004812808e-01  -5.049951871924e-02
12.7	   6.673247179850e-01  -3.267528201496e-02
12.8	   6.982685690647e-01  -1.731430935312e-03
12.9	   7.361295259569e-01   3.612952595692e-02
13	   7.654495142052e-01   6.544951420517e-02
13.1	   7.699134303464e-01   6.991343034644e-02
13.2	   7.494037219434e-01   4.940372194337e-02
13.3	   7.164497689541e-01   1.644976895415e-02
13.4	   6.835858707863e-01  -1.641412921373e-02
13.5	   6.590150568808e-01  -4.098494311918e-02
13.6	   6.469520868977e-01  -5.304791310226e-02
13.7	   6.488600673379e-01  -5.113993266207e-02
13.8	   6.652888934279e-01  -3.471110657212e-02
13.9	   6.950038316452e-01  -4.996168354819e-03
14	   7.324661118165e-01   3.246611181649e-02
14.1	   7.631877833482e-01   6.318778334824e-02
14.2	   7.703887377157e-01   7.038873771566e-02
14.3	   7.520297753589e-01   5.202977535894e-02
14.4	   7.198240493799e-01   1.982404937990e-02
14.5	   6.866181607231e-01  -1.338183927689e-02
14.6	   6.610477564832e-01  -3.895224351675e-02
14.7	   6.477315138037e-01  -5.226848619634e-02
14.8	   6.483098440595e-01  -5.169015594049e-02
14.9	   6.633226854088e-01  -3.667731459123e-02
15	   6.917687505115e-01  -8.231249488475e-03
15.1	   7.287477679073e-01   2.874776790727e-02
15.2	   7.607643240372e-01   6.076432403722e-02
15.3	   7.706327316894e-01   7.063273168939e-02
15.4	   7.545317868439e-01   5.453178684394e-02
15.5	   7.231880872356e-01   2.318808723556e-02
15.6	   6.897047917895e-01  -1.029520821046e-02
15.7	   6.631750150465e-01  -3.682498495354e-02
15.8	   6.485965542092e-01  -5.140344579082e-02
15.9	   6.478308132648e-01  -5.216918673521e-02
16	   6.614284803163e-01  -3.857151968372e-02
16.1	   6.886042153312e-01  -1.139578466875e-02
16.2	   7.250166774935e-01   2.501667749350e-02
16.3	   7.582119894087e-01   5.821198940869e-02
16.4	   7.706900175649e-01   7.069001756485e-02
16.5	   7.569275403323e-01   5.692754033227e-02
16.6	   7.265732825740e-01   2.657328257399e-02
16.7	   6.928841437724e-01  -7.115856227627e-03
16.8	   6.654211749975e-01  -3.457882500251e-02
16.9	   6.495660482152e-01  -5.043395178480e-02
17	   6.474215526972e-01  -5.257844730279e-02
17.1	   6.595884150874e-01  -4.041158491260e-02
17.2	   6.854868428059e-01  -1.451315719411e-02
17.3	   7.212362413613e-01   2.123624136130e-02
17.4	   7.554648025344e-01   5.546480253443e-02
17.5	   7.705034844685e-01   7.050348446847e-02
17.6	   7.591805965531e-01   5.918059655311e-02
17.7	   7.299571028190e-01   2.995710281899e-02
17.8	   6.961486684943e-01  -3.851331505739e-03
17.9	   6.677966528813e-01  -3.220334711872e-02
18	   6.506653537005e-01  -4.933464629948e-02
18.1	   6.471239707518e-01  -5.287602924818e-02
18.2	   6.578536888244e-01  -4.214631117560e-02
18.3	   6.824623168447e-01  -1.753768315531e-02
18.4	   7.174561974010e-01   1.745619740102e-02
18.5	   7.525556268853e-01   5.255562688534e-02
18.6	   7.700856932265e-01   7.008569322652e-02
18.7	   7.612835196599e-01   6.128351965991e-02
18.8	   7.333331566487e-01   3.333315664873e-02
18.9	   6.994995128692e-01  -5.004871307788e-04
19	   6.703084404437e-01  -2.969155955631e-02
19.1	   6.519095350112e-01  -4.809046498883e-02
19.2	   6.469597594324e-01  -5.304024056762e-02
19.3	   6.562322628308e-01  -4.376773716919e-02
19.4	   6.795093568930e-01  -2.049064310698e-02
19.5	   7.136668368534e-01   1.366683685339e-02
19.6	   7.494461119796e-01   4.944611197956e-02
19.7	   7.693869858747e-01   6.938698587465e-02
19.8	   7.631670155068e-01   6.316701550680e-02
19.9	   7.366285605098e-01   3.662856050982e-02
20	   7.028921591225e-01   2.892159122544e-03
20.1	   6.729306305056e-01  -2.706936949444e-02
20.2	   6.532927640262e-01  -4.670723597379e-02
20.3	   6.469443928632e-01  -5.305560713682e-02
20.4	   6.547559976122e-01  -4.524400238778e-02
20.5	   6.766728361127e-01  -2.332716388731e-02
20.6	   7.099440328528e-01   9.944032852809e-03
20.7	   7.461712816663e-01   4.617128166631e-02
20.8	   7.683921671143e-01   6.839216711429e-02
20.9	   7.647772249498e-01   6.477722494976e-02
21	   7.397552326203e-01   3.975523262029e-02
21.1	   7.062458204928e-01   6.245820492828e-03
21.2	   6.755794673098e-01  -2.442053269017e-02
21.3	   6.547489225754e-01  -4.525107742462e-02
21.4	   6.470273629395e-01  -5.297263706048e-02
21.5	   6.533944266412e-01  -4.660557335884e-02
21.6	   6.739434181302e-01  -2.605658186977e-02
21.7	   7.062885543412e-01   6.288554341188e-03
21.8	   7.427849291060e-01   4.278492910601e-02
21.9	   7.671458881080e-01   6.714588810805e-02
22	   7.661933480881e-01   6.619334808809e-02
22.1	   7.428085230789e-01   4.280852307889e-02
22.2	   7.096435654269e-01   9.643565426903e-03
22.3	   6.783303272170e-01  -2.166967278295e-02
22.4	   6.563288795769e-01  -4.367112042311e-02
22.5	   6.472389458118e-01  -5.276105418820e-02
22.6	   6.521661650857e-01  -4.783383491428e-02
22.7	   6.713267558921e-01  -2.867324410790e-02
22.8	   7.026895820071e-01   2.689582007118e-03
22.9	   7.393100585027e-01   3.931005850269e-02
23	   7.656605676254e-01   6.566056762538e-02
23.1	   7.674019097795e-01   6.740190977948e-02
23.2	   7.457690512636e-01   4.576905126361e-02
23.3	   7.130407501822e-01   1.304075018221e-02
23.4	   6.811614988518e-01  -1.883850114818e-02
23.5	   6.580184220421e-01  -4.198157795794e-02
23.6	   6.475684108475e-01  -5.243158915255e-02
23.7	   6.510639772049e-01  -4.893602279505e-02
23.8	   6.688154424848e-01  -3.118455751521e-02
23.9	   6.991344349035e-01  -8.655650965006e-04
24	   7.357610477610e-01   3.576104776099e-02
24.1	   7.639211719892e-01   6.392117198920e-02
24.2	   7.683643222121e-01   6.836432221209e-02
24.3	   7.486195047589e-01   4.861950475886e-02
24.4	   7.164418629401e-01   1.644186294012e-02
24.5	   6.840952620886e-01  -1.590473791144e-02
24.6	   6.598528093957e-01  -4.014719060434e-02
24.7	   6.480503189031e-01  -5.194968109690e-02
24.8	   6.501203597144e-01  -4.987964028562e-02
24.9	   6.664437248389e-01  -3.355627516113e-02
25	   6.956472647461e-01  -4.352735253864e-03
25.1	   7.321583578171e-01   3.215835781711e-02
25.2	   7.619577801459e-01   6.195778014594e-02
25.3	   7.690715587230e-01   6.907155872300e-02
25.4	   7.513375029243e-01   5.133750292432e-02
25.5	   7.198197538914e-01   1.981975389136e-02
25.6	   6.870879302379e-01  -1.291206976205e-02
25.7	   6.617956418873e-01  -3.820435811273e-02
25.8	   6.486493121073e-01  -5.135068789272e-02
25.9	   6.493051441666e-01  -5.069485583337e-02
26	   6.641944159728e-01  -3.580558402716e-02
26.1	   6.922331552785e-01  -7.766844721456e-03
26.2	   7.284944579946e-01   2.849445799462e-02
26.3	   7.597920594541e-01   5.979205945415e-02
26.4	   7.695435536619e-01   6.954355366185e-02
26.5	   7.539351940871e-01   5.393519408705e-02
26.6	   7.232022256284e-01   2.320222562838e-02
26.7	   6.901487063213e-01  -9.851293678727e-03
26.8	   6.638515711891e-01  -3.614842881093e-02
26.9	   6.493803155935e-01  -5.061968440648e-02
27	   6.486287974046e-01  -5.137120259538e-02
27.1	   6.620810027976e-01  -3.791899720244e-02
27.2	   6.889157106586e-01  -1.108428934136e-02
27.3	   7.247783160901e-01   2.477831609008e-02
27.4	   7.574048412125e-01   5.740484121250e-02
27.5	   7.697520281833e-01   6.975202818333e-02
27.6	   7.563779602901e-01   5.637796029014e-02
27.7	   7.265580639381e-01   2.655806393814e-02
27.8	   6.932685295061e-01  -6.731470493899e-03
27.9	   6.660215554563e-01  -3.397844454369e-02
28	   6.502517399699e-01  -4.974826003007e-02
