                 0.1	(   5.750000000000e+00   3.500000000000e+00  7.000032575012e-01) 
0.2	(   5.750000000000e+00   3.500000000000e+00  6.999974670277e-01) 
0.3	(   5.750000000000e+00   3.500000000000e+00  7.000665717254e-01) 
0.4	(   5.750000000000e+00   3.500000000000e+00  7.002938770518e-01) 
0.5	(   5.750000000000e+00   3.500000000000e+00  7.007029485501e-01) 
0.6	(   5.750000000000e+00   3.500000000000e+00  7.012197741543e-01) 
0.7	(   5.750000000000e+00   3.500000000000e+00  7.017111538339e-01) 
0.8	(   5.750000000000e+00   3.500000000000e+00  7.020506751433e-01) 
0.9	(   5.750000000000e+00   3.500000000000e+00  7.020511347935e-01) 
1	(   5.750000000000e+00   3.500000000000e+00  7.014416011000e-01) 
1.1	(   5.750000000000e+00   3.500000000000e+00  7.000412339231e-01) 
1.2	(   5.750000000000e+00   3.500000000000e+00  6.979796747364e-01) 
1.3	(   5.750000000000e+00   3.500000000000e+00  6.958354422273e-01) 
1.4	(   5.750000000000e+00   3.500000000000e+00  6.944464281677e-01) 
1.5	(   5.750000000000e+00   3.500000000000e+00  6.945900679856e-01) 
1.6	(   5.750000000000e+00   3.500000000000e+00  6.966746673383e-01) 
1.7	(   5.750000000000e+00   3.500000000000e+00  7.004203567625e-01) 
1.8	(   5.750000000000e+00   3.500000000000e+00  7.049059541140e-01) 
1.9	(   5.750000000000e+00   3.500000000000e+00  7.088194305993e-01) 
2	(   5.750000000000e+00   3.500000000000e+00  7.105450683861e-01) 
2.1	(   5.750000000000e+00   3.500000000000e+00  7.088666397644e-01) 
2.2	(   5.750000000000e+00   3.500000000000e+00  7.037955496664e-01) 
2.3	(   5.750000000000e+00   3.500000000000e+00  6.967768099462e-01) 
2.4	(   5.750000000000e+00   3.500000000000e+00  6.901324656897e-01) 
2.5	(   5.750000000000e+00   3.500000000000e+00  6.860767765972e-01) 
2.6	(   5.750000000000e+00   3.500000000000e+00  6.859735536968e-01) 
2.7	(   5.750000000000e+00   3.500000000000e+00  6.901644817498e-01) 
2.8	(   5.750000000000e+00   3.500000000000e+00  6.980178716340e-01) 
2.9	(   5.750000000000e+00   3.500000000000e+00  7.076687308176e-01) 
3	(   5.750000000000e+00   3.500000000000e+00  7.162106664055e-01) 
3.1	(   5.750000000000e+00   3.500000000000e+00  7.202188787234e-01) 
3.2	(   5.750000000000e+00   3.500000000000e+00  7.176483286238e-01) 
3.3	(   5.750000000000e+00   3.500000000000e+00  7.089826746717e-01) 
3.4	(   5.750000000000e+00   3.500000000000e+00  6.971352443265e-01) 
3.5	(   5.750000000000e+00   3.500000000000e+00  6.860414252462e-01) 
3.6	(   5.750000000000e+00   3.500000000000e+00  6.789747618829e-01) 
3.7	(   5.750000000000e+00   3.500000000000e+00  6.779731624878e-01) 
3.8	(   5.750000000000e+00   3.500000000000e+00  6.837735155268e-01) 
3.9	(   5.750000000000e+00   3.500000000000e+00  6.956100598107e-01) 
4	(   5.750000000000e+00   3.500000000000e+00  7.106970230824e-01) 
4.1	(   5.750000000000e+00   3.500000000000e+00  7.245051304247e-01) 
4.2	(   5.750000000000e+00   3.500000000000e+00  7.311031104530e-01) 
4.3	(   5.750000000000e+00   3.500000000000e+00  7.272161164993e-01) 
4.4	(   5.750000000000e+00   3.500000000000e+00  7.141842928099e-01) 
4.5	(   5.750000000000e+00   3.500000000000e+00  6.970235670579e-01) 
4.6	(   5.750000000000e+00   3.500000000000e+00  6.813598153949e-01) 
4.7	(   5.750000000000e+00   3.500000000000e+00  6.712800988985e-01) 
4.8	(   5.750000000000e+00   3.500000000000e+00  6.692770175839e-01) 
4.9	(   5.750000000000e+00   3.500000000000e+00  6.762113908344e-01) 
5	(   5.750000000000e+00   3.500000000000e+00  6.914003366813e-01) 
5.1	(   5.750000000000e+00   3.500000000000e+00  7.119954507687e-01) 
5.2	(   5.750000000000e+00   3.500000000000e+00  7.316857666288e-01) 
5.3	(   5.750000000000e+00   3.500000000000e+00  7.416841236691e-01) 
5.4	(   5.750000000000e+00   3.500000000000e+00  7.368537422744e-01) 
5.5	(   5.750000000000e+00   3.500000000000e+00  7.198605408528e-01) 
5.6	(   5.750000000000e+00   3.500000000000e+00  6.979509510373e-01) 
5.7	(   5.750000000000e+00   3.500000000000e+00  6.781431538022e-01) 
5.8	(   5.750000000000e+00   3.500000000000e+00  6.652537272395e-01) 
5.9	(   5.750000000000e+00   3.500000000000e+00  6.619900904157e-01) 
6	(   5.750000000000e+00   3.500000000000e+00  6.695325085252e-01) 
6.1	(   5.750000000000e+00   3.500000000000e+00  6.874521206850e-01) 
6.2	(   5.750000000000e+00   3.500000000000e+00  7.129748912625e-01) 
6.3	(   5.750000000000e+00   3.500000000000e+00  7.386495666396e-01) 
6.4	(   5.750000000000e+00   3.500000000000e+00  7.522995055493e-01) 
6.5	(   5.750000000000e+00   3.500000000000e+00  7.466625475552e-01) 
6.6	(   5.750000000000e+00   3.500000000000e+00  7.258058903939e-01) 
6.7	(   5.750000000000e+00   3.500000000000e+00  6.992633186394e-01) 
6.8	(   5.750000000000e+00   3.500000000000e+00  6.754643635961e-01) 
6.9	(   5.750000000000e+00   3.500000000000e+00  6.598341586124e-01) 
7	(   5.750000000000e+00   3.500000000000e+00  6.551685214839e-01) 
7.1	(   5.750000000000e+00   3.500000000000e+00  6.628235894349e-01) 
7.2	(   5.750000000000e+00   3.500000000000e+00  6.828559807198e-01) 
7.3	(   5.750000000000e+00   3.500000000000e+00  7.130455170905e-01) 
7.4	(   5.750000000000e+00   3.500000000000e+00  7.450209656367e-01) 
7.5	(   5.750000000000e+00   3.500000000000e+00  7.629258859682e-01) 
7.6	(   5.750000000000e+00   3.500000000000e+00  7.568640423101e-01) 
7.7	(   5.750000000000e+00   3.500000000000e+00  7.320592659252e-01) 
7.8	(   5.750000000000e+00   3.500000000000e+00  7.006795824733e-01) 
7.9	(   5.750000000000e+00   3.500000000000e+00  6.727686938306e-01) 
8	(   5.750000000000e+00   3.500000000000e+00  6.542570307661e-01) 
8.1	(   5.750000000000e+00   3.500000000000e+00  6.479984174472e-01) 
8.2	(   5.750000000000e+00   3.500000000000e+00  6.554439237886e-01) 
8.3	(   5.750000000000e+00   3.500000000000e+00  6.772363437956e-01) 
8.4	(   5.750000000000e+00   3.500000000000e+00  7.114271940924e-01) 
8.5	(   5.750000000000e+00   3.500000000000e+00  7.495899737233e-01) 
8.6	(   5.750000000000e+00   3.500000000000e+00  7.719994311883e-01) 
8.7	(   5.750000000000e+00   3.500000000000e+00  7.656893951134e-01) 
8.8	(   5.750000000000e+00   3.500000000000e+00  7.377131724268e-01) 
8.9	(   5.750000000000e+00   3.500000000000e+00  7.028439902311e-01) 
9	(   5.750000000000e+00   3.500000000000e+00  6.722437153719e-01) 
9.1	(   5.750000000000e+00   3.500000000000e+00  6.520203040980e-01) 
9.2	(   5.750000000000e+00   3.500000000000e+00  6.448184233160e-01) 
9.3	(   5.750000000000e+00   3.500000000000e+00  6.518758049826e-01) 
9.4	(   5.750000000000e+00   3.500000000000e+00  6.736665277967e-01) 
9.5	(   5.750000000000e+00   3.500000000000e+00  7.081311843677e-01) 
9.6	(   5.750000000000e+00   3.500000000000e+00  7.469868405105e-01) 
9.7	(   5.750000000000e+00   3.500000000000e+00  7.711332908216e-01) 
9.8	(   5.750000000000e+00   3.500000000000e+00  7.669919934291e-01) 
9.9	(   5.750000000000e+00   3.500000000000e+00  7.403840345137e-01) 
10	(   5.750000000000e+00   3.500000000000e+00  7.057196289926e-01) 
10.1	(   5.750000000000e+00   3.500000000000e+00  6.745053705543e-01) 
10.2	(   5.750000000000e+00   3.500000000000e+00  6.533266862395e-01) 
10.3	(   5.750000000000e+00   3.500000000000e+00  6.451147083784e-01) 
10.4	(   5.750000000000e+00   3.500000000000e+00  6.510777787790e-01) 
10.5	(   5.750000000000e+00   3.500000000000e+00  6.716868861478e-01) 
10.6	(   5.750000000000e+00   3.500000000000e+00  7.050060237194e-01) 
10.7	(   5.750000000000e+00   3.500000000000e+00  7.434876259718e-01) 
10.8	(   5.750000000000e+00   3.500000000000e+00  7.694458732547e-01) 
10.9	(   5.750000000000e+00   3.500000000000e+00  7.681978386003e-01) 
11	(   5.750000000000e+00   3.500000000000e+00  7.435481974110e-01) 
11.1	(   5.750000000000e+00   3.500000000000e+00  7.093441967198e-01) 
11.2	(   5.750000000000e+00   3.500000000000e+00  6.774663013171e-01) 
11.3	(   5.750000000000e+00   3.500000000000e+00  6.551207154453e-01) 
11.4	(   5.750000000000e+00   3.500000000000e+00  6.456308175462e-01) 
11.5	(   5.750000000000e+00   3.500000000000e+00  6.502493525563e-01) 
11.6	(   5.750000000000e+00   3.500000000000e+00  6.694829111520e-01) 
11.7	(   5.750000000000e+00   3.500000000000e+00  7.016295463475e-01) 
11.8	(   5.750000000000e+00   3.500000000000e+00  7.398226429682e-01) 
11.9	(   5.750000000000e+00   3.500000000000e+00  7.675543614490e-01) 
12	(   5.750000000000e+00   3.500000000000e+00  7.692014584922e-01) 
12.1	(   5.750000000000e+00   3.500000000000e+00  7.466090526686e-01) 
12.2	(   5.750000000000e+00   3.500000000000e+00  7.129998502345e-01) 
12.3	(   5.750000000000e+00   3.500000000000e+00  6.805745066854e-01) 
12.4	(   5.750000000000e+00   3.500000000000e+00  6.570709737771e-01) 
12.5	(   5.750000000000e+00   3.500000000000e+00  6.462638674315e-01) 
12.6	(   5.750000000000e+00   3.500000000000e+00  6.495004812808e-01) 
12.7	(   5.750000000000e+00   3.500000000000e+00  6.673247179850e-01) 
12.8	(   5.750000000000e+00   3.500000000000e+00  6.982685690647e-01) 
12.9	(   5.750000000000e+00   3.500000000000e+00  7.361295259569e-01) 
13	(   5.750000000000e+00   3.500000000000e+00  7.654495142052e-01) 
13.1	(   5.750000000000e+00   3.500000000000e+00  7.699134303464e-01) 
13.2	(   5.750000000000e+00   3.500000000000e+00  7.494037219434e-01) 
13.3	(   5.750000000000e+00   3.500000000000e+00  7.164497689541e-01) 
13.4	(   5.750000000000e+00   3.500000000000e+00  6.835858707863e-01) 
13.5	(   5.750000000000e+00   3.500000000000e+00  6.590150568808e-01) 
13.6	(   5.750000000000e+00   3.500000000000e+00  6.469520868977e-01) 
13.7	(   5.750000000000e+00   3.500000000000e+00  6.488600673379e-01) 
13.8	(   5.750000000000e+00   3.500000000000e+00  6.652888934279e-01) 
13.9	(   5.750000000000e+00   3.500000000000e+00  6.950038316452e-01) 
14	(   5.750000000000e+00   3.500000000000e+00  7.324661118165e-01) 
14.1	(   5.750000000000e+00   3.500000000000e+00  7.631877833482e-01) 
14.2	(   5.750000000000e+00   3.500000000000e+00  7.703887377157e-01) 
14.3	(   5.750000000000e+00   3.500000000000e+00  7.520297753589e-01) 
14.4	(   5.750000000000e+00   3.500000000000e+00  7.198240493799e-01) 
14.5	(   5.750000000000e+00   3.500000000000e+00  6.866181607231e-01) 
14.6	(   5.750000000000e+00   3.500000000000e+00  6.610477564832e-01) 
14.7	(   5.750000000000e+00   3.500000000000e+00  6.477315138037e-01) 
14.8	(   5.750000000000e+00   3.500000000000e+00  6.483098440595e-01) 
14.9	(   5.750000000000e+00   3.500000000000e+00  6.633226854088e-01) 
15	(   5.750000000000e+00   3.500000000000e+00  6.917687505115e-01) 
15.1	(   5.750000000000e+00   3.500000000000e+00  7.287477679073e-01) 
15.2	(   5.750000000000e+00   3.500000000000e+00  7.607643240372e-01) 
15.3	(   5.750000000000e+00   3.500000000000e+00  7.706327316894e-01) 
15.4	(   5.750000000000e+00   3.500000000000e+00  7.545317868439e-01) 
15.5	(   5.750000000000e+00   3.500000000000e+00  7.231880872356e-01) 
15.6	(   5.750000000000e+00   3.500000000000e+00  6.897047917895e-01) 
15.7	(   5.750000000000e+00   3.500000000000e+00  6.631750150465e-01) 
15.8	(   5.750000000000e+00   3.500000000000e+00  6.485965542092e-01) 
15.9	(   5.750000000000e+00   3.500000000000e+00  6.478308132648e-01) 
16	(   5.750000000000e+00   3.500000000000e+00  6.614284803163e-01) 
16.1	(   5.750000000000e+00   3.500000000000e+00  6.886042153312e-01) 
16.2	(   5.750000000000e+00   3.500000000000e+00  7.250166774935e-01) 
16.3	(   5.750000000000e+00   3.500000000000e+00  7.582119894087e-01) 
16.4	(   5.750000000000e+00   3.500000000000e+00  7.706900175649e-01) 
16.5	(   5.750000000000e+00   3.500000000000e+00  7.569275403323e-01) 
16.6	(   5.750000000000e+00   3.500000000000e+00  7.265732825740e-01) 
16.7	(   5.750000000000e+00   3.500000000000e+00  6.928841437724e-01) 
16.8	(   5.750000000000e+00   3.500000000000e+00  6.654211749975e-01) 
16.9	(   5.750000000000e+00   3.500000000000e+00  6.495660482152e-01) 
17	(   5.750000000000e+00   3.500000000000e+00  6.474215526972e-01) 
17.1	(   5.750000000000e+00   3.500000000000e+00  6.595884150874e-01) 
17.2	(   5.750000000000e+00   3.500000000000e+00  6.854868428059e-01) 
17.3	(   5.750000000000e+00   3.500000000000e+00  7.212362413613e-01) 
17.4	(   5.750000000000e+00   3.500000000000e+00  7.554648025344e-01) 
17.5	(   5.750000000000e+00   3.500000000000e+00  7.705034844685e-01) 
17.6	(   5.750000000000e+00   3.500000000000e+00  7.591805965531e-01) 
17.7	(   5.750000000000e+00   3.500000000000e+00  7.299571028190e-01) 
17.8	(   5.750000000000e+00   3.500000000000e+00  6.961486684943e-01) 
17.9	(   5.750000000000e+00   3.500000000000e+00  6.677966528813e-01) 
18	(   5.750000000000e+00   3.500000000000e+00  6.506653537005e-01) 
18.1	(   5.750000000000e+00   3.500000000000e+00  6.471239707518e-01) 
18.2	(   5.750000000000e+00   3.500000000000e+00  6.578536888244e-01) 
18.3	(   5.750000000000e+00   3.500000000000e+00  6.824623168447e-01) 
18.4	(   5.750000000000e+00   3.500000000000e+00  7.174561974010e-01) 
18.5	(   5.750000000000e+00   3.500000000000e+00  7.525556268853e-01) 
18.6	(   5.750000000000e+00   3.500000000000e+00  7.700856932265e-01) 
18.7	(   5.750000000000e+00   3.500000000000e+00  7.612835196599e-01) 
18.8	(   5.750000000000e+00   3.500000000000e+00  7.333331566487e-01) 
18.9	(   5.750000000000e+00   3.500000000000e+00  6.994995128692e-01) 
19	(   5.750000000000e+00   3.500000000000e+00  6.703084404437e-01) 
19.1	(   5.750000000000e+00   3.500000000000e+00  6.519095350112e-01) 
19.2	(   5.750000000000e+00   3.500000000000e+00  6.469597594324e-01) 
19.3	(   5.750000000000e+00   3.500000000000e+00  6.562322628308e-01) 
19.4	(   5.750000000000e+00   3.500000000000e+00  6.795093568930e-01) 
19.5	(   5.750000000000e+00   3.500000000000e+00  7.136668368534e-01) 
19.6	(   5.750000000000e+00   3.500000000000e+00  7.494461119796e-01) 
19.7	(   5.750000000000e+00   3.500000000000e+00  7.693869858747e-01) 
19.8	(   5.750000000000e+00   3.500000000000e+00  7.631670155068e-01) 
19.9	(   5.750000000000e+00   3.500000000000e+00  7.366285605098e-01) 
20	(   5.750000000000e+00   3.500000000000e+00  7.028921591225e-01) 
20.1	(   5.750000000000e+00   3.500000000000e+00  6.729306305056e-01) 
20.2	(   5.750000000000e+00   3.500000000000e+00  6.532927640262e-01) 
20.3	(   5.750000000000e+00   3.500000000000e+00  6.469443928632e-01) 
20.4	(   5.750000000000e+00   3.500000000000e+00  6.547559976122e-01) 
20.5	(   5.750000000000e+00   3.500000000000e+00  6.766728361127e-01) 
20.6	(   5.750000000000e+00   3.500000000000e+00  7.099440328528e-01) 
20.7	(   5.750000000000e+00   3.500000000000e+00  7.461712816663e-01) 
20.8	(   5.750000000000e+00   3.500000000000e+00  7.683921671143e-01) 
20.9	(   5.750000000000e+00   3.500000000000e+00  7.647772249498e-01) 
21	(   5.750000000000e+00   3.500000000000e+00  7.397552326203e-01) 
21.1	(   5.750000000000e+00   3.500000000000e+00  7.062458204928e-01) 
21.2	(   5.750000000000e+00   3.500000000000e+00  6.755794673098e-01) 
21.3	(   5.750000000000e+00   3.500000000000e+00  6.547489225754e-01) 
21.4	(   5.750000000000e+00   3.500000000000e+00  6.470273629395e-01) 
21.5	(   5.750000000000e+00   3.500000000000e+00  6.533944266412e-01) 
21.6	(   5.750000000000e+00   3.500000000000e+00  6.739434181302e-01) 
21.7	(   5.750000000000e+00   3.500000000000e+00  7.062885543412e-01) 
21.8	(   5.750000000000e+00   3.500000000000e+00  7.427849291060e-01) 
21.9	(   5.750000000000e+00   3.500000000000e+00  7.671458881080e-01) 
22	(   5.750000000000e+00   3.500000000000e+00  7.661933480881e-01) 
22.1	(   5.750000000000e+00   3.500000000000e+00  7.428085230789e-01) 
22.2	(   5.750000000000e+00   3.500000000000e+00  7.096435654269e-01) 
22.3	(   5.750000000000e+00   3.500000000000e+00  6.783303272170e-01) 
22.4	(   5.750000000000e+00   3.500000000000e+00  6.563288795769e-01) 
22.5	(   5.750000000000e+00   3.500000000000e+00  6.472389458118e-01) 
22.6	(   5.750000000000e+00   3.500000000000e+00  6.521661650857e-01) 
22.7	(   5.750000000000e+00   3.500000000000e+00  6.713267558921e-01) 
22.8	(   5.750000000000e+00   3.500000000000e+00  7.026895820071e-01) 
22.9	(   5.750000000000e+00   3.500000000000e+00  7.393100585027e-01) 
23	(   5.750000000000e+00   3.500000000000e+00  7.656605676254e-01) 
23.1	(   5.750000000000e+00   3.500000000000e+00  7.674019097795e-01) 
23.2	(   5.750000000000e+00   3.500000000000e+00  7.457690512636e-01) 
23.3	(   5.750000000000e+00   3.500000000000e+00  7.130407501822e-01) 
23.4	(   5.750000000000e+00   3.500000000000e+00  6.811614988518e-01) 
23.5	(   5.750000000000e+00   3.500000000000e+00  6.580184220421e-01) 
23.6	(   5.750000000000e+00   3.500000000000e+00  6.475684108475e-01) 
23.7	(   5.750000000000e+00   3.500000000000e+00  6.510639772049e-01) 
23.8	(   5.750000000000e+00   3.500000000000e+00  6.688154424848e-01) 
23.9	(   5.750000000000e+00   3.500000000000e+00  6.991344349035e-01) 
24	(   5.750000000000e+00   3.500000000000e+00  7.357610477610e-01) 
24.1	(   5.750000000000e+00   3.500000000000e+00  7.639211719892e-01) 
24.2	(   5.750000000000e+00   3.500000000000e+00  7.683643222121e-01) 
24.3	(   5.750000000000e+00   3.500000000000e+00  7.486195047589e-01) 
24.4	(   5.750000000000e+00   3.500000000000e+00  7.164418629401e-01) 
24.5	(   5.750000000000e+00   3.500000000000e+00  6.840952620886e-01) 
24.6	(   5.750000000000e+00   3.500000000000e+00  6.598528093957e-01) 
24.7	(   5.750000000000e+00   3.500000000000e+00  6.480503189031e-01) 
24.8	(   5.750000000000e+00   3.500000000000e+00  6.501203597144e-01) 
24.9	(   5.750000000000e+00   3.500000000000e+00  6.664437248389e-01) 
25	(   5.750000000000e+00   3.500000000000e+00  6.956472647461e-01) 
25.1	(   5.750000000000e+00   3.500000000000e+00  7.321583578171e-01) 
25.2	(   5.750000000000e+00   3.500000000000e+00  7.619577801459e-01) 
25.3	(   5.750000000000e+00   3.500000000000e+00  7.690715587230e-01) 
25.4	(   5.750000000000e+00   3.500000000000e+00  7.513375029243e-01) 
25.5	(   5.750000000000e+00   3.500000000000e+00  7.198197538914e-01) 
25.6	(   5.750000000000e+00   3.500000000000e+00  6.870879302379e-01) 
25.7	(   5.750000000000e+00   3.500000000000e+00  6.617956418873e-01) 
25.8	(   5.750000000000e+00   3.500000000000e+00  6.486493121073e-01) 
25.9	(   5.750000000000e+00   3.500000000000e+00  6.493051441666e-01) 
26	(   5.750000000000e+00   3.500000000000e+00  6.641944159728e-01) 
26.1	(   5.750000000000e+00   3.500000000000e+00  6.922331552785e-01) 
26.2	(   5.750000000000e+00   3.500000000000e+00  7.284944579946e-01) 
26.3	(   5.750000000000e+00   3.500000000000e+00  7.597920594541e-01) 
26.4	(   5.750000000000e+00   3.500000000000e+00  7.695435536619e-01) 
26.5	(   5.750000000000e+00   3.500000000000e+00  7.539351940871e-01) 
26.6	(   5.750000000000e+00   3.500000000000e+00  7.232022256284e-01) 
26.7	(   5.750000000000e+00   3.500000000000e+00  6.901487063213e-01) 
26.8	(   5.750000000000e+00   3.500000000000e+00  6.638515711891e-01) 
26.9	(   5.750000000000e+00   3.500000000000e+00  6.493803155935e-01) 
27	(   5.750000000000e+00   3.500000000000e+00  6.486287974046e-01) 
27.1	(   5.750000000000e+00   3.500000000000e+00  6.620810027976e-01) 
27.2	(   5.750000000000e+00   3.500000000000e+00  6.889157106586e-01) 
27.3	(   5.750000000000e+00   3.500000000000e+00  7.247783160901e-01) 
27.4	(   5.750000000000e+00   3.500000000000e+00  7.574048412125e-01) 
27.5	(   5.750000000000e+00   3.500000000000e+00  7.697520281833e-01) 
27.6	(   5.750000000000e+00   3.500000000000e+00  7.563779602901e-01) 
27.7	(   5.750000000000e+00   3.500000000000e+00  7.265580639381e-01) 
27.8	(   5.750000000000e+00   3.500000000000e+00  6.932685295061e-01) 
27.9	(   5.750000000000e+00   3.500000000000e+00  6.660215554563e-01) 
28	(   5.750000000000e+00   3.500000000000e+00  6.502517399699e-01) 
