# Motion State      
# Angle Units       : radians
# Time              	centreOfRotation	centreOfMass	rotation	velocity	omega
0.1                 	(5.750153567324e+00 2.374997252313e+00 5.954035816466e-01)	(5.750153567324e+00 2.374997252313e+00 5.954035816466e-01)	(9.957532101395e-05 1.508439447150e-03 -4.423317115313e-07)	(3.279796692507e-03 -4.976751428922e-05 -1.985051569953e-01)	(3.176427625942e-03 3.790392486628e-02 -2.043508926029e-05)
0.2                 	(5.750572623014e+00 2.374993336219e+00 5.812493939837e-01)	(5.750572623014e+00 2.374993336219e+00 5.812493939837e-01)	(6.081422844678e-04 6.767417112652e-03 -7.616894947855e-06)	(4.700569987136e-03 -2.406297276723e-05 -8.072701562203e-02)	(6.768475285584e-03 6.166844098021e-02 -1.053521031172e-04)
0.3                 	(5.751041417529e+00 2.374990223827e+00 5.793963833422e-01)	(5.751041417529e+00 2.374990223827e+00 5.793963833422e-01)	(1.404555780528e-03 1.267952457994e-02 -2.934807065474e-05)	(4.543501142171e-03 -6.362563165591e-05 4.142976745814e-02)	(8.894196568865e-03 5.114724201150e-02 -1.967924562991e-04)
0.4                 	(5.751464754057e+00 2.374975213172e+00 5.888552611574e-01)	(5.751464754057e+00 2.374975213172e+00 5.888552611574e-01)	(2.333141927183e-03 1.654278763751e-02 -5.529496395888e-05)	(3.849626069042e-03 -2.535532747063e-04 1.414257599141e-01)	(9.380349543884e-03 2.447091389391e-02 -1.753510523260e-04)
0.5                 	(5.751782271369e+00 2.374939120769e+00 6.058063698569e-01)	(5.751782271369e+00 2.374939120769e+00 6.058063698569e-01)	(3.227620588777e-03 1.714599667418e-02 -7.412524215321e-05)	(2.330249710267e-03 -4.571201011148e-04 1.867310899624e-01)	(8.277785165830e-03 -1.373955588013e-02 -1.982923821641e-04)
0.6                 	(5.751900813544e+00 2.374888998164e+00 6.239641305516e-01)	(5.751900813544e+00 2.374888998164e+00 6.239641305516e-01)	(3.953562214167e-03 1.377549420201e-02 -8.798731389610e-05)	(-5.418663254016e-05 -5.097806876414e-04 1.660836367264e-01)	(6.102975712607e-03 -5.201920688498e-02 -3.307068466958e-04)
0.7                 	(5.751781285492e+00 2.374844238143e+00 6.374988245818e-01)	(5.751781285492e+00 2.374844238143e+00 6.374988245818e-01)	(4.425479190244e-03 7.623915661001e-03 -9.773717698086e-05)	(-2.106458571211e-03 -3.524339242786e-04 9.894288234419e-02)	(3.243226255484e-03 -6.541251575455e-02 -3.629991953559e-04)
0.8                 	(5.751534599867e+00 2.374824661783e+00 6.428650561117e-01)	(5.751534599867e+00 2.374824661783e+00 6.428650561117e-01)	(4.591771036080e-03 1.627721857153e-03 -1.046669030284e-04)	(-2.530161505123e-03 -1.516330993346e-05 5.935542181355e-03)	(7.362223293631e-05 -5.061205415894e-02 -3.038344013049e-04)
0.9                 	(5.751338505022e+00 2.374841619811e+00 6.387364297007e-01)	(5.751338505022e+00 2.374841619811e+00 6.387364297007e-01)	(4.450887669217e-03 -1.874906316866e-03 -1.117333403214e-04)	(-1.188817112106e-03 3.364348877554e-04 -8.515359981389e-02)	(-2.779754849367e-03 -1.737158212897e-02 -1.507208102819e-04)
1                   	(5.751319239239e+00 2.374886656686e+00 6.271491166177e-01)	(5.751319239239e+00 2.374886656686e+00 6.271491166177e-01)	(4.062263295126e-03 -1.499471137279e-03 -1.199020337058e-04)	(7.775877183404e-04 5.339831457610e-04 -1.380264356205e-01)	(-4.845760566236e-03 2.555723590832e-02 1.746766511568e-05)
1.1                 	(5.751462578025e+00 2.374944983065e+00 6.128934660361e-01)	(5.751462578025e+00 2.374944983065e+00 6.128934660361e-01)	(3.510864668097e-03 2.935794561552e-03 -1.266457523720e-04)	(1.851713991660e-03 6.194313842911e-04 -1.389559708057e-01)	(-6.036247905886e-03 5.952766201645e-02 1.670400343787e-04)
1.2                 	(5.751648281042e+00 2.375007121587e+00 6.007474424465e-01)	(5.751648281042e+00 2.375007121587e+00 6.007474424465e-01)	(2.889107703164e-03 9.417177205036e-03 -1.302030359614e-04)	(1.746021494840e-03 6.033296672226e-04 -9.820038345698e-02)	(-6.216146765536e-03 6.475024367876e-02 1.530750167320e-04)
1.3                 	(5.751815789481e+00 2.375062649553e+00 5.941954461007e-01)	(5.751815789481e+00 2.375062649553e+00 5.941954461007e-01)	(2.300768923526e-03 1.505196311858e-02 -1.336968605239e-04)	(1.723903211141e-03 4.960784900477e-04 -2.944926655062e-02)	(-5.407964188672e-03 4.496872622579e-02 6.556024872877e-05)
1.4                 	(5.752035739720e+00 2.375105387773e+00 5.951110882613e-01)	(5.752035739720e+00 2.375105387773e+00 5.951110882613e-01)	(1.834210699170e-03 1.797743899527e-02 -1.375608214485e-04)	(2.918072097435e-03 3.626052841876e-04 4.655255930672e-02)	(-3.817454504840e-03 1.187003300179e-02 -9.052717086810e-06)
1.5                 	(5.752445543223e+00 2.375136641404e+00 6.028050966689e-01)	(5.752445543223e+00 2.375136641404e+00 6.028050966689e-01)	(1.551361728904e-03 1.724430744447e-02 -1.377087941844e-04)	(5.511721369565e-03 2.703445999941e-04 1.022606459563e-01)	(-1.800526598063e-03 -2.633308075506e-02 2.277655063139e-06)
1.6                 	(5.753183575091e+00 2.375160654050e+00 6.144280950300e-01)	(5.753183575091e+00 2.375160654050e+00 6.144280950300e-01)	(1.475477627073e-03 1.306120315787e-02 -1.277258896360e-04)	(9.464954025206e-03 2.121712210416e-04 1.244057900420e-01)	(2.710668724448e-04 -5.415892507577e-02 6.428541237053e-05)
1.7                 	(5.754375693060e+00 2.375180194002e+00 6.265308419137e-01)	(5.754375693060e+00 2.375180194002e+00 6.265308419137e-01)	(1.595910438885e-03 7.131820400036e-03 -1.097978033587e-04)	(1.452445648251e-02 1.826520606384e-04 1.119345139238e-01)	(2.074061293427e-03 -6.112083403780e-02 1.105817567772e-04)
1.8                 	(5.756106475386e+00 2.375197432395e+00 6.357575678177e-01)	(5.756106475386e+00 2.375197432395e+00 6.357575678177e-01)	(1.875500381111e-03 1.331111770881e-03 -8.636276568215e-05)	(2.006793506390e-02 1.617192317809e-04 6.812305946568e-02)	(3.437922440325e-03 -5.317360864665e-02 1.524683231834e-04)
1.9                 	(5.758361563073e+00 2.375212437616e+00 6.395786753359e-01)	(5.758361563073e+00 2.375212437616e+00 6.395786753359e-01)	(2.265513263148e-03 -3.215266698294e-03 -6.077279112803e-05)	(2.481056882961e-02 1.418331146178e-04 7.419324412801e-03)	(4.259717093290e-03 -3.653761859573e-02 1.702901297979e-04)
2                   	(5.760983449497e+00 2.375227649275e+00 6.374516263497e-01)	(5.760983449497e+00 2.375227649275e+00 6.374516263497e-01)	(2.702759064103e-03 -5.891227542056e-03 -3.791933932740e-05)	(2.703401576194e-02 1.720711011707e-04 -4.744363410836e-02)	(4.358397533862e-03 -1.754585279374e-02 1.463500411965e-04)
2.1                 	(5.763610631846e+00 2.375248245182e+00 6.307662358786e-01)	(5.763610631846e+00 2.375248245182e+00 6.307662358786e-01)	(3.114423409397e-03 -7.082266864892e-03 -2.000130267215e-05)	(2.460459097075e-02 2.446204825277e-04 -8.234966736158e-02)	(3.767887552841e-03 -8.752809322241e-03 1.406805085280e-04)
2.2                 	(5.765714253806e+00 2.375276002649e+00 6.218586198992e-01)	(5.765714253806e+00 2.375276002649e+00 6.218586198992e-01)	(3.439650310351e-03 -8.091464385599e-03 -3.517240519953e-06)	(1.653510068155e-02 3.012738604076e-04 -9.113372842718e-02)	(2.668713366243e-03 -1.286765647402e-02 9.865956481999e-05)
2.3                 	(5.766743351907e+00 2.375305953699e+00 6.134219211810e-01)	(5.766743351907e+00 2.375305953699e+00 6.134219211810e-01)	(3.638850010481e-03 -9.746869369186e-03 5.651136380326e-06)	(3.284841037412e-03 2.875134101882e-04 -7.385345006694e-02)	(1.277607501195e-03 -1.992024801894e-02 -3.348228056065e-05)
2.4                 	(5.766241932682e+00 2.375332342252e+00 6.075889526608e-01)	(5.766241932682e+00 2.375332342252e+00 6.075889526608e-01)	(3.691274590885e-03 -1.192358028910e-02 4.977896665792e-06)	(-1.372758702131e-02 2.396211424361e-04 -4.162675072630e-02)	(-2.296319546621e-04 -2.230967109362e-02 -1.243387537015e-04)
2.5                 	(5.763949298820e+00 2.375354591610e+00 6.051152728377e-01)	(5.763949298820e+00 2.375354591610e+00 6.051152728377e-01)	(3.596186662665e-03 -1.380769683666e-02 -3.469994509446e-06)	(-3.205748314516e-02 2.095966122494e-04 -8.652718239925e-03)	(-1.633186172840e-03 -1.241868649911e-02 -1.824310300146e-04)
2.6                 	(5.759886304375e+00 2.375375395505e+00 6.055589234857e-01)	(5.759886304375e+00 2.375375395505e+00 6.055589234857e-01)	(3.374817782333e-03 -1.374211295954e-02 -2.157625776327e-05)	(-4.868063831405e-02 2.137740876454e-04 1.533955459355e-02)	(-2.721294545108e-03 1.693001771797e-02 -1.519468336630e-04)
2.7                 	(5.754355588486e+00 2.375398371587e+00 6.076345805458e-01)	(5.754355588486e+00 2.375398371587e+00 6.076345805458e-01)	(3.067146830221e-03 -9.938092533833e-03 -4.431831126690e-05)	(-6.100941931648e-02 2.479666645758e-04 2.302249766631e-02)	(-3.333524991269e-03 6.054900929688e-02 -6.459865318403e-05)
2.8                 	(5.747891846514e+00 2.375424617034e+00 6.095558841279e-01)	(5.747891846514e+00 2.375424617034e+00 6.095558841279e-01)	(2.728069774540e-03 -1.558053328361e-03 -6.985217917734e-05)	(-6.707521781828e-02 2.734801145655e-04 1.281402972523e-02)	(-3.343796878887e-03 1.065200303881e-01 3.034924169076e-05)
2.9                 	(5.741179036911e+00 2.375452007295e+00 6.098521760581e-01)	(5.741179036911e+00 2.375452007295e+00 6.098521760581e-01)	(2.418355282324e-03 1.102800829016e-02 -9.235641600555e-05)	(-6.602830208915e-02 2.732223852388e-04 -7.643505529258e-03)	(-2.765447696678e-03 1.423341571352e-01 1.664529594592e-04)
3                   	(5.734907366868e+00 2.375479791716e+00 6.080626366688e-01)	(5.734907366868e+00 2.375479791716e+00 6.080626366688e-01)	(2.189187774051e-03 2.606693214068e-02 -1.068736877999e-04)	(-5.841854311876e-02 2.878749617325e-04 -2.714779994838e-02)	(-1.774638804368e-03 1.532361445972e-01 2.170941825327e-04)
3.1                 	(5.729684071053e+00 2.375509944043e+00 6.047783235732e-01)	(5.729684071053e+00 2.375509944043e+00 6.047783235732e-01)	(2.071068027707e-03 4.058049436004e-02 -1.140093457419e-04)	(-4.513127350723e-02 3.105757943016e-04 -3.607284245014e-02)	(-5.664376388052e-04 1.317237088209e-01 2.652440478270e-04)
3.2                 	(5.726067075941e+00 2.375540031135e+00 6.014535731703e-01)	(5.726067075941e+00 2.375540031135e+00 6.014535731703e-01)	(2.078457820109e-03 5.150913083999e-02 -1.064781745349e-04)	(-2.626799734437e-02 2.794243084184e-04 -2.715682084006e-02)	(7.200870334233e-04 8.331343728572e-02 3.199533194393e-04)
3.3                 	(5.724614374124e+00 2.375564342799e+00 5.999549063328e-01)	(5.724614374124e+00 2.375564342799e+00 5.999549063328e-01)	(2.209192181243e-03 5.676481917740e-02 -8.858624809961e-05)	(-1.946578421991e-03 2.052436150099e-04 -2.891972224898e-04)	(1.869143553818e-03 2.061769159366e-02 2.414437723736e-04)
3.4                 	(5.725822368720e+00 2.375581378759e+00 6.017427010883e-01)	(5.725822368720e+00 2.375581378759e+00 6.017427010883e-01)	(2.437571368441e-03 5.564173647596e-02 -6.800901471784e-05)	(2.664578324005e-02 1.386389397409e-04 3.690547250945e-02)	(2.648760955627e-03 -4.185190298509e-02 1.134597100266e-04)
3.5                 	(5.729999774125e+00 2.375592499559e+00 6.073354583243e-01)	(5.729999774125e+00 2.375592499559e+00 6.073354583243e-01)	(2.720770963894e-03 4.881504684502e-02 -4.541333430310e-05)	(5.687951417728e-02 8.481547302056e-05 7.412320691438e-02)	(2.956495923342e-03 -9.193802513886e-02 -1.300112719477e-05)
3.6                 	(5.737121803232e+00 2.375598474664e+00 6.162314542063e-01)	(5.737121803232e+00 2.375598474664e+00 6.162314542063e-01)	(3.009798150146e-03 3.782818604369e-02 -1.974867988832e-05)	(8.478665417079e-02 3.661193988119e-05 1.012530917469e-01)	(2.766080088538e-03 -1.251250751229e-01 -9.694076407217e-05)
3.7                 	(5.746747293867e+00 2.375600429709e+00 6.269478590785e-01)	(5.746747293867e+00 2.375600429709e+00 6.269478590785e-01)	(3.257531644142e-03 2.423626791723e-02 9.213132287158e-06)	(1.063914971380e-01 5.570744258170e-06 1.094385543192e-01)	(2.148763589940e-03 -1.450420920782e-01 -1.768355881369e-04)
3.8                 	(5.758092408752e+00 2.375600084594e+00 6.373739813022e-01)	(5.758092408752e+00 2.375600084594e+00 6.373739813022e-01)	(3.429792514485e-03 9.057193478891e-03 3.650148898194e-05)	(1.188176118590e-01 -9.259241955996e-06 9.552504828589e-02)	(1.276082066995e-03 -1.577403416130e-01 -3.055689446743e-04)
3.9                 	(5.770134325433e+00 2.375599637307e+00 6.454155365126e-01)	(5.770134325433e+00 2.375599637307e+00 6.454155365126e-01)	(3.508074398726e-03 -7.192003947437e-03 5.750535647337e-05)	(1.200459194123e-01 6.459913735562e-06 6.266830262796e-02)	(2.773884903591e-04 -1.666040711368e-01 -4.001956393073e-04)
4                   	(5.781678789127e+00 2.375602663128e+00 6.495043001628e-01)	(5.781678789127e+00 2.375602663128e+00 6.495043001628e-01)	(3.485396464059e-03 -2.411872348638e-02 7.371842601311e-05)	(1.086895356170e-01 5.757052216123e-05 1.779846769703e-02)	(-7.218558743864e-04 -1.707450510344e-01 -4.474385586506e-04)
4.1                 	(5.791444664418e+00 2.375611408222e+00 6.488784004359e-01)	(5.791444664418e+00 2.375611408222e+00 6.488784004359e-01)	(3.370430064724e-03 -4.098275350218e-02 8.549699127687e-05)	(8.459953202052e-02 1.168313131692e-04 -2.994860723156e-02)	(-1.543559093209e-03 -1.637173861802e-01 -4.840411131513e-04)
4.2                 	(5.798228105434e+00 2.375625506562e+00 6.437522605334e-01)	(5.798228105434e+00 2.375625506562e+00 6.437522605334e-01)	(3.187088419337e-03 -5.615796726783e-02 8.256939661170e-05)	(4.946109664415e-02 1.604778366109e-04 -7.071990680495e-02)	(-2.064101975701e-03 -1.355639745651e-01 -5.768390968079e-04)
4.3                 	(5.801070687466e+00 2.375642117238e+00 6.351924726103e-01)	(5.801070687466e+00 2.375642117238e+00 6.351924726103e-01)	(2.968327316701e-03 -6.720036253125e-02 5.539739439489e-05)	(6.345841533624e-03 1.642002029169e-04 -9.795106877293e-02)	(-2.211058518158e-03 -8.077900807613e-02 -6.349065680285e-04)
4.4                 	(5.799348878799e+00 2.375657212882e+00 6.246762527941e-01)	(5.799348878799e+00 2.375657212882e+00 6.246762527941e-01)	(2.752427252222e-03 -7.149890483142e-02 5.261267937358e-06)	(-4.107626893241e-02 1.344908245335e-04 -1.098167006516e-01)	(-1.979298364194e-03 -1.700693224585e-03 -5.898854778703e-04)
4.5                 	(5.792875953403e+00 2.375668814989e+00 6.137138552778e-01)	(5.792875953403e+00 2.375668814989e+00 6.137138552778e-01)	(2.574519028847e-03 -6.703892758818e-02 -5.756555656138e-05)	(-8.785459276218e-02 9.657856034512e-05 -1.072402682925e-01)	(-1.446072561657e-03 9.212497766346e-02 -4.109994457629e-04)
4.6                 	(5.781974300727e+00 2.375676925900e+00 6.035944220714e-01)	(5.781974300727e+00 2.375676925900e+00 6.035944220714e-01)	(2.461463342335e-03 -5.314327332709e-02 -1.208910566822e-04)	(-1.287869132971e-01 6.733567334050e-05 -9.371944372374e-02)	(-7.138685939809e-04 1.835939725200e-01 -1.463817737489e-04)
4.7                 	(5.767478726333e+00 2.375682481430e+00 5.951804343563e-01)	(5.767478726333e+00 2.375682481430e+00 5.951804343563e-01)	(2.428153955294e-03 -3.099384912151e-02 -1.744933881327e-04)	(-1.588958011514e-01 4.639811808229e-05 -7.377983552022e-02)	(9.094506785761e-05 2.550528008445e-01 1.537891524616e-04)
4.8                 	(5.750695578207e+00 2.375686257570e+00 5.889601313306e-01)	(5.750695578207e+00 2.375686257570e+00 5.889601313306e-01)	(2.474475336672e-03 -3.203398449843e-03 -2.152991889113e-04)	(-1.740437849812e-01 2.730139831651e-05 -5.016036626163e-02)	(8.316061603059e-04 2.947009209178e-01 3.653111903807e-04)
4.9                 	(5.733238678911e+00 2.375687568209e+00 5.852249444307e-01)	(5.733238678911e+00 2.375687568209e+00 5.852249444307e-01)	(2.588620733818e-03 2.669070210856e-02 -2.474122807305e-04)	(-1.721576863778e-01 -7.154977037289e-07 -2.428007618025e-02)	(1.405269856407e-03 2.971015197507e-01 4.989464493494e-04)
5                   	(5.716840126826e+00 2.375686554993e+00 5.841341078229e-01)	(5.716840126826e+00 2.375686554993e+00 5.841341078229e-01)	(2.747479289903e-03 5.499522290486e-02 -2.677086142607e-04)	(-1.529360540051e-01 -1.697622275111e-05 2.645921600266e-03)	(1.708134082408e-03 2.637132976516e-01 5.963932684427e-04)
5.1                 	(5.703194524159e+00 2.375685188643e+00 5.857916505631e-01)	(5.703194524159e+00 2.375685188643e+00 5.857916505631e-01)	(2.920523402247e-03 7.847550222430e-02 -2.713517894208e-04)	(-1.174274217924e-01 -5.605612471404e-06 3.058179714701e-02)	(1.693320063362e-03 2.022932612335e-01 6.603442332079e-04)
5.2                 	(5.693809265625e+00 2.375685628642e+00 5.902405850596e-01)	(5.693809265625e+00 2.375685628642e+00 5.902405850596e-01)	(3.074102072584e-03 9.483083620125e-02 -2.498139540317e-04)	(-6.819405060906e-02 1.081696948622e-05 5.824151107976e-02)	(1.375932298821e-03 1.227802204937e-01 7.562234297988e-04)
5.3                 	(5.689897412471e+00 2.375686210703e+00 5.973563548582e-01)	(5.689897412471e+00 2.375686210703e+00 5.973563548582e-01)	(3.182592261270e-03 1.028379802516e-01 -1.945352583054e-04)	(-8.819482389407e-03 -3.554863717412e-06 8.330753722342e-02)	(8.847158040977e-04 3.705806893311e-02 8.275770496761e-04)
5.4                 	(5.692204763152e+00 2.375684728774e+00 6.067002199489e-01)	(5.692204763152e+00 2.375684728774e+00 6.067002199489e-01)	(3.233652697842e-03 1.022946448347e-01 -1.123163925115e-04)	(5.523869269243e-02 -2.227298001831e-05 1.023975875266e-01)	(2.936874543256e-04 -4.735094985024e-02 7.388848855386e-04)
5.5                 	(5.700864095345e+00 2.375682511525e+00 6.175496753846e-01)	(5.700864095345e+00 2.375682511525e+00 6.175496753846e-01)	(3.223442251472e-03 9.351349907558e-02 -2.047719215772e-05)	(1.171436754201e-01 -1.891772993225e-05 1.129426945762e-01)	(-3.096012295080e-04 -1.273812361806e-01 5.068594809746e-04)
5.6                 	(5.715344628397e+00 2.375681375527e+00 6.289275287927e-01)	(5.715344628397e+00 2.375681375527e+00 6.289275287927e-01)	(3.158207728627e-03 7.697496262389e-02 6.934111158285e-05)	(1.705869694675e-01 -4.839788409277e-06 1.128157629768e-01)	(-8.189158484400e-04 -2.024554676117e-01 2.108063538891e-04)
5.7                 	(5.734506906773e+00 2.375681189343e+00 6.397534187241e-01)	(5.734506906773e+00 2.375681189343e+00 6.397534187241e-01)	(3.053950679026e-03 5.323712935394e-02 1.472122944310e-04)	(2.099366135447e-01 -4.249169477283e-06 1.019829164337e-01)	(-1.123872139350e-03 -2.708167565163e-01 -1.323531182229e-04)
5.8                 	(5.756707953505e+00 2.375679980616e+00 6.490140625992e-01)	(5.756707953505e+00 2.375679980616e+00 6.490140625992e-01)	(2.933575865423e-03 2.320422809105e-02 2.090780795623e-04)	(2.307159345579e-01 -2.179046798852e-05 8.184788270357e-02)	(-1.200123814444e-03 -3.270943007817e-01 -4.145530188321e-04)
5.9                 	(5.779922161611e+00 2.375677233362e+00 6.558894455803e-01)	(5.779922161611e+00 2.375677233362e+00 6.558894455803e-01)	(2.817103804845e-03 -1.147827190483e-02 2.546003961548e-04)	(2.297880013565e-01 -2.803533013195e-05 5.465964067828e-02)	(-1.100779674030e-03 -3.621015045751e-01 -6.695354231146e-04)
6                   	(5.801890440584e+00 2.375675008832e+00 6.597750182877e-01)	(5.801890440584e+00 2.375675008832e+00 6.597750182877e-01)	(2.717358834160e-03 -4.813421382965e-02 2.762619866457e-04)	(2.056980936060e-01 -1.701194679709e-05 2.240221820865e-02)	(-8.843070367561e-04 -3.646910907375e-01 -9.212634869512e-04)
6.1                 	(5.820314648376e+00 2.375672639828e+00 6.602687008034e-01)	(5.820314648376e+00 2.375672639828e+00 6.602687008034e-01)	(2.645445696490e-03 -8.293587580394e-02 2.669016433930e-04)	(1.592282324742e-01 -3.758120614808e-05 -1.293152382488e-02)	(-5.113927761029e-04 -3.233268792691e-01 -1.119864616873e-03)
6.2                 	(5.833102769889e+00 2.375666971301e+00 6.571125109067e-01)	(5.833102769889e+00 2.375666971301e+00 6.571125109067e-01)	(2.613339574091e-03 -1.111042972788e-01 2.222387773324e-04)	(9.373198687700e-02 -7.485692763095e-05 -5.057660610599e-02)	(-3.667882357777e-05 -2.318144100666e-01 -1.217576379634e-03)
6.3                 	(5.838631848646e+00 2.375658013796e+00 6.501089809017e-01)	(5.838631848646e+00 2.375658013796e+00 6.501089809017e-01)	(2.624041831494e-03 -1.278939162940e-01 1.455529209228e-04)	(1.535361102661e-02 -9.675706437228e-05 -8.952235159418e-02)	(4.250639076196e-04 -9.817312137000e-02 -1.143013322825e-03)
6.4                 	(5.836030234866e+00 2.375647671768e+00 6.392678573161e-01)	(5.836030234866e+00 2.375647671768e+00 6.392678573161e-01)	(2.674758060447e-03 -1.299601304314e-01 4.528831860567e-05)	(-6.727155236666e-02 -1.068074943443e-04 -1.265891418261e-01)	(8.362534695331e-04 5.858440907937e-02 -9.609968836494e-04)
6.5                 	(5.825333277405e+00 2.375639359161e+00 6.250281663174e-01)	(5.825333277405e+00 2.375639359161e+00 6.250281663174e-01)	(2.757174428332e-03 -1.163411768196e-01 -7.767058426923e-05)	(-1.452375521240e-01 -5.491880391484e-05 -1.564805618798e-01)	(1.096485580841e-03 2.106487437337e-01 -7.509234731803e-04)
6.6                 	(5.807407555098e+00 2.375635955028e+00 6.084500319502e-01)	(5.807407555098e+00 2.375635955028e+00 6.084500319502e-01)	(2.861322871394e-03 -8.892232580255e-02 -2.219223371141e-04)	(-2.108066402090e-01 -1.390632549150e-05 -1.720788161034e-01)	(1.264230035157e-03 3.305031927007e-01 -5.607954144274e-04)
6.7                 	(5.783763183050e+00 2.375636568432e+00 5.913247081811e-01)	(5.783763183050e+00 2.375636568432e+00 5.913247081811e-01)	(2.978496631714e-03 -5.183604510882e-02 -3.755613035205e-04)	(-2.586110445488e-01 1.526056822000e-05 -1.664003326414e-01)	(1.279279888567e-03 4.026551941100e-01 -3.555435545518e-04)
6.8                 	(5.756414780104e+00 2.375636911847e+00 5.760029447718e-01)	(5.756414780104e+00 2.375636911847e+00 5.760029447718e-01)	(3.098499193100e-03 -1.005210797164e-02 -5.295903304929e-04)	(-2.839459138079e-01 -3.422572711349e-06 -1.358111743353e-01)	(1.169907739286e-03 4.258943777651e-01 -1.602357005075e-04)
6.9                 	(5.727878833606e+00 2.375636235956e+00 5.649478869732e-01)	(5.727878833606e+00 2.375636235956e+00 5.649478869732e-01)	(3.199925535508e-03 3.199788036392e-02 -6.626304468314e-04)	(-2.819579668059e-01 -7.920703041054e-06 -8.185161949207e-02)	(7.894836715196e-04 4.097180175753e-01 1.991378595214e-04)
7                   	(5.701015275817e+00 2.375635783155e+00 5.601920807185e-01)	(5.701015275817e+00 2.375635783155e+00 5.601920807185e-01)	(3.254302634521e-03 7.098609706253e-02 -7.397941154100e-04)	(-2.503445434914e-01 -2.275056961316e-06 -1.129315677316e-02)	(1.933969956864e-04 3.665080922729e-01 7.925020787578e-04)
7.1                 	(5.678754290265e+00 2.375634840692e+00 5.628882318007e-01)	(5.678754290265e+00 2.375634840692e+00 5.628882318007e-01)	(3.239473201200e-03 1.045925706237e-01 -7.419710169029e-04)	(-1.904238632377e-01 -2.288297651426e-05 6.528351480732e-02)	(-4.904035041101e-04 3.026868497771e-01 1.315619422936e-03)
7.2                 	(5.663664650311e+00 2.375630244842e+00 5.730063313111e-01)	(5.663664650311e+00 2.375630244842e+00 5.730063313111e-01)	(3.151165584447e-03 1.307800881720e-01 -6.770229007125e-04)	(-1.082920984248e-01 -7.100608400462e-05 1.347210175750e-01)	(-1.095886580188e-03 2.173765634202e-01 1.627492124472e-03)
7.3                 	(5.657524667410e+00 2.375620937958e+00 5.891461086588e-01)	(5.657524667410e+00 2.375620937958e+00 5.891461086588e-01)	(3.002652105928e-03 1.473793250654e-01 -5.501438526210e-04)	(-1.297372593769e-02 -1.095423096846e-04 1.838932773255e-01)	(-1.471396246026e-03 1.112801077371e-01 1.917026082369e-03)
7.4                 	(5.661179321684e+00 2.375609710510e+00 6.088185127108e-01)	(5.661179321684e+00 2.375609710510e+00 6.088185127108e-01)	(2.819783854426e-03 1.523990897834e-01 -3.590232486983e-04)	(8.578386391867e-02 -1.090221360153e-04 2.043425192212e-01)	(-1.562677106782e-03 -1.405864243192e-02 2.113352804500e-03)
7.5                 	(5.674440542253e+00 2.375599770148e+00 6.289609386419e-01)	(5.674440542253e+00 2.375599770148e+00 6.289609386419e-01)	(2.637075208993e-03 1.439649529864e-01 -1.235811966950e-04)	(1.774199656256e-01 -9.106466028130e-05 1.935604725083e-01)	(-1.340026704054e-03 -1.569988154850e-01 2.031853321408e-03)
7.6                 	(5.696121804896e+00 2.375591036847e+00 6.466919738187e-01)	(5.696121804896e+00 2.375591036847e+00 6.466919738187e-01)	(2.493616007230e-03 1.207672762090e-01 1.199953248743e-04)	(2.530408736235e-01 -8.663910444691e-05 1.576998701138e-01)	(-8.405439037346e-04 -3.066046899496e-01 1.534681064151e-03)
7.7                 	(5.724316568113e+00 2.375580938902e+00 6.600653074357e-01)	(5.724316568113e+00 2.375580938902e+00 6.600653074357e-01)	(2.420777323296e-03 8.310941598932e-02 3.308070156738e-04)	(3.070634204044e-01 -1.242525318773e-04 1.087047532644e-01)	(-1.646970926435e-04 -4.420848354565e-01 8.031845642181e-04)
7.8                 	(5.756682556016e+00 2.375565275814e+00 6.684382566768e-01)	(5.756682556016e+00 2.375565275814e+00 6.684382566768e-01)	(2.429196267295e-03 3.360167375712e-02 4.956964835596e-04)	(3.357081539612e-01 -1.902276378771e-04 5.967595766982e-02)	(5.147385425663e-04 -5.397753388343e-01 1.099227301947e-04)
7.9                 	(5.790473884066e+00 2.375543543886e+00 6.723144915875e-01)	(5.790473884066e+00 2.375543543886e+00 6.723144915875e-01)	(2.508202965922e-03 -2.287734068411e-02 6.128958155101e-04)	(3.348172091513e-01 -2.378100491385e-04 1.978060910480e-02)	(1.048406332099e-03 -5.787195273702e-01 -5.353436866454e-04)
8                   	(5.822532442346e+00 2.375518531359e+00 6.728098823592e-01)	(5.822532442346e+00 2.375518531359e+00 6.728098823592e-01)	(2.633110712344e-03 -7.970353758417e-02 6.768250573914e-04)	(3.005059040736e-01 -2.597023416861e-04 -7.909915122401e-03)	(1.346337849660e-03 -5.455260315189e-01 -1.094821060011e-03)
8.1                 	(5.849418440942e+00 2.375491701979e+00 6.709987287717e-01)	(5.849418440942e+00 2.375491701979e+00 6.709987287717e-01)	(2.772121142619e-03 -1.294856265200e-01 6.764541964524e-04)	(2.315925816413e-01 -2.772230079793e-04 -2.778072638576e-02)	(1.411282397199e-03 -4.384799372431e-01 -1.584447091891e-03)
8.2                 	(5.867834494654e+00 2.375462513248e+00 6.671841967726e-01)	(5.867834494654e+00 2.375462513248e+00 6.671841967726e-01)	(2.899283402651e-03 -1.652736182040e-01 5.978715927160e-04)	(1.326050782122e-01 -3.084733929262e-04 -4.966187672777e-02)	(1.348174636518e-03 -2.683051277446e-01 -1.969546701043e-03)
8.3                 	(5.875353740344e+00 2.375430354116e+00 6.607054480845e-01)	(5.875353740344e+00 2.375430354116e+00 6.607054480845e-01)	(2.997091923873e-03 -1.817725118670e-01 4.334215508147e-04)	(1.611783074899e-02 -3.292343832455e-04 -8.217381205551e-02)	(1.173484300999e-03 -5.783493756282e-02 -2.221293473304e-03)
8.4                 	(5.871009749528e+00 2.375398268156e+00 6.502815985597e-01)	(5.871009749528e+00 2.375398268156e+00 6.502815985597e-01)	(3.058438362673e-03 -1.768266102642e-01 1.876475416326e-04)	(-1.021754408693e-01 -3.007957613205e-04 -1.284300856570e-01)	(9.224382457115e-04 1.531176252178e-01 -2.253741884271e-03)
8.5                 	(5.855322123784e+00 2.375373167117e+00 6.347454368906e-01)	(5.855322123784e+00 2.375373167117e+00 6.347454368906e-01)	(3.088758268347e-03 -1.524756449879e-01 -1.052906278338e-04)	(-2.087322167214e-01 -1.911445787862e-04 -1.825497081191e-01)	(6.565682269466e-04 3.252416591482e-01 -1.996953565285e-03)
8.6                 	(5.830000504990e+00 2.375361927564e+00 6.140417659641e-01)	(5.830000504990e+00 2.375361927564e+00 6.140417659641e-01)	(3.102136539868e-03 -1.137405297740e-01 -4.059506194821e-04)	(-2.934367070045e-01 -2.904287318742e-05 -2.283795842656e-01)	(4.209517826175e-04 4.390182037083e-01 -1.505406717647e-03)
8.7                 	(5.797551407277e+00 2.375366625645e+00 5.900563645867e-01)	(5.797551407277e+00 2.375366625645e+00 5.900563645867e-01)	(3.109597251500e-03 -6.670390738628e-02 -6.709095363658e-04)	(-3.508271001004e-01 1.119394384893e-04 -2.448980316099e-01)	(2.256741605096e-04 4.922664389157e-01 -8.530710747483e-04)
8.8                 	(5.760836775307e+00 2.375381731366e+00 5.665509813179e-01)	(5.760836775307e+00 2.375381731366e+00 5.665509813179e-01)	(3.115563931570e-03 -1.685074940202e-02 -8.808809073487e-04)	(-3.781898015751e-01 1.795939705360e-04 -2.172858480746e-01)	(6.612962477901e-05 4.989003782834e-01 -2.557394247619e-04)
8.9                 	(5.723024872213e+00 2.375401112437e+00 5.481383277621e-01)	(5.723024872213e+00 2.375401112437e+00 5.481383277621e-01)	(3.110827952781e-03 3.221794051136e-02 -1.030470024753e-03)	(-3.720961734864e-01 1.985603218465e-04 -1.439634133424e-01)	(-1.963770378504e-04 4.799133277122e-01 3.298806343417e-04)
9                   	(5.687634493400e+00 2.375419401674e+00 5.389212766810e-01)	(5.687634493400e+00 2.375419401674e+00 5.389212766810e-01)	(3.077439292063e-03 7.866626576668e-02 -1.107367535565e-03)	(-3.294111826275e-01 1.590634615910e-04 -3.616862790474e-02)	(-5.653523165605e-04 4.471483348391e-01 1.037040840341e-03)
9.1                 	(5.658389367864e+00 2.375431532819e+00 5.413922796382e-01)	(5.658389367864e+00 2.375431532819e+00 5.413922796382e-01)	(2.999705457822e-03 1.210612218704e-01 -1.089876391706e-03)	(-2.496433254420e-01 7.982231708997e-05 8.582792275227e-02)	(-9.410401909987e-04 3.972938546116e-01 1.907680368833e-03)
9.2                 	(5.638730938944e+00 2.375435394547e+00 5.557041308993e-01)	(5.638730938944e+00 2.375435394547e+00 5.557041308993e-01)	(2.872414329100e-03 1.570645393047e-01 -9.624174719542e-04)	(-1.393432908318e-01 1.402194387718e-06 1.964300291947e-01)	(-1.212455147260e-03 3.166763613684e-01 2.703565153179e-03)
9.3                 	(5.631078917442e+00 2.375433270672e+00 5.794628495900e-01)	(5.631078917442e+00 2.375433270672e+00 5.794628495900e-01)	(2.707403592465e-03 1.830060283123e-01 -7.335651930748e-04)	(-1.234526456198e-02 -3.508557833750e-05 2.710030063623e-01)	(-1.256040846160e-03 1.946012964894e-01 3.193421532000e-03)
9.4                 	(5.636259940571e+00 2.375429866348e+00 6.081803345542e-01)	(5.636259940571e+00 2.375429866348e+00 6.081803345542e-01)	(2.533918004280e-03 1.944365394767e-01 -4.320049771041e-04)	(1.144848753606e-01 -2.786996289841e-05 2.943088304911e-01)	(-1.029716502088e-03 2.686724868586e-02 3.255183552184e-03)
9.5                 	(5.653414091804e+00 2.375427608211e+00 6.365305490626e-01)	(5.653414091804e+00 2.375427608211e+00 6.365305490626e-01)	(2.390380303436e-03 1.871276429478e-01 -9.825687832463e-05)	(2.249918310447e-01 -2.520565841429e-05 2.644287073073e-01)	(-5.336948508542e-04 -1.779096926785e-01 2.860439206053e-03)
9.6                 	(5.680395548917e+00 2.375424331233e+00 6.597498571830e-01)	(5.680395548917e+00 2.375424331233e+00 6.597498571830e-01)	(2.310089864768e-03 1.583892336488e-01 2.206604990141e-04)	(3.100054036758e-01 -4.227807365546e-05 1.951067350440e-01)	(3.617220960649e-05 -3.961490724322e-01 1.997484768954e-03)
9.7                 	(5.714475536967e+00 2.375417313288e+00 6.750102742882e-01)	(5.714475536967e+00 2.375417313288e+00 6.750102742882e-01)	(2.306704505669e-03 1.087615745603e-01 4.771196172820e-04)	(3.669895676136e-01 -1.069930763872e-04 1.093569812811e-01)	(5.919383792232e-04 -5.882457828209e-01 7.905766426187e-04)
9.8                 	(5.752874911557e+00 2.375402331311e+00 6.818554428151e-01)	(5.752874911557e+00 2.375402331311e+00 6.818554428151e-01)	(2.378004858803e-03 4.303290769918e-02 6.506529386132e-04)	(3.963097507038e-01 -1.935436260181e-04 3.041750605568e-02)	(1.085035863513e-03 -7.116642152455e-01 -3.784168747840e-04)
9.9                 	(5.792713479810e+00 2.375379191872e+00 6.819180560840e-01)	(5.792713479810e+00 2.375379191872e+00 6.819180560840e-01)	(2.503404573850e-03 -3.020566367180e-02 7.417523554037e-04)	(3.947102587118e-01 -2.640626263314e-04 -2.424619488468e-02)	(1.416900949634e-03 -7.350575205626e-01 -1.331965504587e-03)
10                  	(5.830540268780e+00 2.375350049921e+00 6.780293526374e-01)	(5.830540268780e+00 2.375350049921e+00 6.780293526374e-01)	(2.653739595601e-03 -1.002916648847e-01 7.535324448115e-04)	(3.548308370912e-01 -3.177863044967e-04 -4.880774695131e-02)	(1.542953086607e-03 -6.494733513707e-01 -1.986791160279e-03)
10.1                	(5.862246321978e+00 2.375315953001e+00 6.728475031001e-01)	(5.862246321978e+00 2.375315953001e+00 6.728475031001e-01)	(2.796167287531e-03 -1.570482073248e-01 6.894071417045e-04)	(2.723105354368e-01 -3.614458371658e-04 -5.274914456864e-02)	(1.459271304951e-03 -4.732631078479e-01 -2.326657696048e-03)
10.2                	(5.883796014775e+00 2.375278456536e+00 6.675696919034e-01)	(5.883796014775e+00 2.375278456536e+00 6.675696919034e-01)	(2.910149305667e-03 -1.929267243834e-01 5.500525629656e-04)	(1.538243907994e-01 -3.814615150858e-04 -5.395698499159e-02)	(1.308798511463e-03 -2.372279428922e-01 -2.429636631931e-03)
10.3                	(5.892378048468e+00 2.375241574638e+00 6.615507216986e-01)	(5.892378048468e+00 2.375241574638e+00 6.615507216986e-01)	(2.991304149959e-03 -2.038870937781e-01 3.377760980835e-04)	(1.639200483511e-02 -3.438311899654e-04 -7.009668400484e-02)	(1.171607099288e-03 1.677590541700e-02 -2.351343756569e-03)
10.4                	(5.887155293076e+00 2.375212437015e+00 6.527081880563e-01)	(5.887155293076e+00 2.375212437015e+00 6.527081880563e-01)	(3.047010541960e-03 -1.907344631218e-01 6.676467566613e-05)	(-1.188658785411e-01 -2.267509335645e-04 -1.110041586473e-01)	(9.816578537041e-04 2.366622703929e-01 -2.140210322526e-03)
10.5                	(5.869246375864e+00 2.375199513431e+00 6.386391553646e-01)	(5.869246375864e+00 2.375199513431e+00 6.386391553646e-01)	(3.077416461842e-03 -1.589835704485e-01 -2.312856704306e-04)	(-2.353127953486e-01 -2.287466891215e-05 -1.725725776811e-01)	(6.668496240193e-04 3.850252256229e-01 -1.746217709620e-03)
10.6                	(5.841033924794e+00 2.375208432561e+00 6.181686809394e-01)	(5.841033924794e+00 2.375208432561e+00 6.181686809394e-01)	(3.091144419828e-03 -1.163281284833e-01 -5.136963442969e-04)	(-3.237878545566e-01 1.994159897866e-04 -2.345305355160e-01)	(3.884344252394e-04 4.564475104210e-01 -1.190839786837e-03)
10.7                	(5.805572197731e+00 2.375238183336e+00 5.927165886522e-01)	(5.805572197731e+00 2.375238183336e+00 5.927165886522e-01)	(3.094115315288e-03 -6.952063119385e-02 -7.501735562046e-04)	(-3.800129512534e-01 3.826744909692e-04 -2.672871740637e-01)	(1.307811460473e-04 4.728157744907e-01 -6.376016938849e-04)
10.8                	(5.766145368758e+00 2.375281497908e+00 5.664452692458e-01)	(5.766145368758e+00 2.375281497908e+00 5.664452692458e-01)	(3.090650646485e-03 -2.246903757159e-02 -9.353956860825e-04)	(-4.027921921017e-01 4.675720405658e-04 -2.484849726531e-01)	(-1.162369537743e-05 4.671705079431e-01 -1.474691536314e-04)
10.9                	(5.726143910952e+00 2.375328689498e+00 5.449537664464e-01)	(5.726143910952e+00 2.375328689498e+00 5.449537664464e-01)	(3.081386749538e-03 2.392394884549e-02 -1.067480755873e-03)	(-3.913719340705e-01 4.576014128208e-04 -1.724210184798e-01)	(-1.869639560831e-04 4.616284618366e-01 3.822026839823e-04)
11                  	(5.689069639259e+00 2.375369691169e+00 5.334711627342e-01)	(5.689069639259e+00 2.375369691169e+00 5.334711627342e-01)	(3.052421955453e-03 6.987259645038e-02 -1.139866903853e-03)	(-3.439455118185e-01 3.525400115259e-04 -5.160286530070e-02)	(-4.801642017364e-04 4.568621723340e-01 1.010316919359e-03)
11.1                	(5.658601880990e+00 2.375397893010e+00 5.353086608019e-01)	(5.658601880990e+00 2.375397893010e+00 5.353086608019e-01)	(2.983950010099e-03 1.146191199000e-01 -1.136994358224e-03)	(-2.596173685829e-01 2.074468466526e-04 8.903686262053e-02)	(-8.946073214135e-04 4.329295287592e-01 1.762981163700e-03)
11.2                	(5.638164788316e+00 2.375411360806e+00 5.508455047017e-01)	(5.638164788316e+00 2.375411360806e+00 5.508455047017e-01)	(2.860287342515e-03 1.548670502365e-01 -1.038101190469e-03)	(-1.448252654442e-01 6.891309197674e-05 2.170039368348e-01)	(-1.273686903150e-03 3.628555517396e-01 2.548182084728e-03)
11.3                	(5.630189540531e+00 2.375414005492e+00 5.772614145111e-01)	(5.630189540531e+00 2.375414005492e+00 5.772614145111e-01)	(2.689272898199e-03 1.852161040506e-01 -8.317576420858e-04)	(-1.357284765485e-02 -1.962046792978e-06 3.020857200561e-01)	(-1.372499467821e-03 2.337188813784e-01 3.156048615058e-03)
11.4                	(5.635322363827e+00 2.375414226030e+00 6.091789098602e-01)	(5.635322363827e+00 2.375414226030e+00 6.091789098602e-01)	(2.506113260550e-03 1.996320359921e-01 -5.350009173734e-04)	(1.142793113577e-01 1.852441687090e-05 3.255378153914e-01)	(-1.082060087927e-03 4.627865125519e-02 3.342082418690e-03)
11.5                	(5.652362508790e+00 2.375418703622e+00 6.402650873176e-01)	(5.652362508790e+00 2.375418703622e+00 6.402650873176e-01)	(2.365204975205e-03 1.930788253307e-01 -1.940563075092e-04)	(2.213554423155e-01 6.536180373778e-05 2.865187407052e-01)	(-3.235536420137e-04 -1.854479052516e-01 2.927072933455e-03)
11.6                	(5.678858852053e+00 2.375425426597e+00 6.649771160035e-01)	(5.678858852053e+00 2.375425426597e+00 6.649771160035e-01)	(2.321790244924e-03 1.630933887529e-01 1.339799341949e-04)	(3.027520395381e-01 5.913005884124e-05 2.022744856970e-01)	(6.457427390152e-04 -4.164401432822e-01 2.038021859902e-03)
11.7                	(5.711981347050e+00 2.375428615285e+00 6.801522944889e-01)	(5.711981347050e+00 2.375428615285e+00 6.801522944889e-01)	(2.396923050643e-03 1.111340488070e-01 4.054183239105e-04)	(3.555142660145e-01 -6.509090028824e-06 1.007360745157e-01)	(1.585154471574e-03 -6.121149011722e-01 8.892016975815e-04)
11.8                	(5.749140613991e+00 2.375423808464e+00 6.854947725496e-01)	(5.749140613991e+00 2.375423808464e+00 6.854947725496e-01)	(2.575561299924e-03 4.346532838111e-02 6.092352755494e-04)	(3.835777248701e-01 -8.868044076551e-05 9.889585910906e-03)	(2.242228881864e-03 -7.245271070301e-01 -1.514926567923e-04)
11.9                	(5.787783273295e+00 2.375411958233e+00 6.831872078915e-01)	(5.787783273295e+00 2.375411958233e+00 6.831872078915e-01)	(2.812870852045e-03 -3.005683881477e-02 7.496916947413e-04)	(3.840108292171e-01 -1.393261963458e-04 -4.986625767879e-02)	(2.460385920517e-03 -7.267003883339e-01 -9.500261128074e-04)
12                  	(5.824727297546e+00 2.375396119691e+00 6.767822744713e-01)	(5.824727297546e+00 2.375396119691e+00 6.767822744713e-01)	(3.056484919206e-03 -9.819832586398e-02 8.249668933698e-04)	(3.479709638288e-01 -1.787143325747e-04 -7.238630715939e-02)	(2.251935783144e-03 -6.200338135050e-01 -1.518388128880e-03)
12.1                	(5.855956346212e+00 2.375375706661e+00 6.696084292453e-01)	(5.855956346212e+00 2.375375706661e+00 6.696084292453e-01)	(3.255862024521e-03 -1.513824535185e-01 8.188677905665e-04)	(2.695768738885e-01 -2.323101996360e-04 -6.817680105279e-02)	(1.732846193940e-03 -4.337633104733e-01 -1.931033883628e-03)
12.2                	(5.877421996659e+00 2.375349528755e+00 6.633642120030e-01)	(5.877421996659e+00 2.375349528755e+00 6.633642120030e-01)	(3.382610779083e-03 -1.835086406101e-01 7.160072408374e-04)	(1.548513224855e-01 -2.873460095145e-04 -5.748003670000e-02)	(1.154802522257e-03 -2.045118499880e-01 -2.209341278649e-03)
12.3                	(5.886269270842e+00 2.375319754289e+00 6.576111944726e-01)	(5.886269270842e+00 2.375319754289e+00 6.576111944726e-01)	(3.431408713288e-03 -1.921739727265e-01 5.126891964388e-04)	(2.057111797824e-02 -2.960256936172e-04 -6.154758632076e-02)	(6.017428793750e-04 2.832496974195e-02 -2.354986828839e-03)
12.4                	(5.881607588722e+00 2.375293158671e+00 6.500959020122e-01)	(5.881607588722e+00 2.375293158671e+00 6.500959020122e-01)	(3.412869400296e-03 -1.791700982021e-01 2.243239456013e-04)	(-1.118355595442e-01 -2.220489224155e-04 -9.383487196716e-02)	(1.035426770563e-04 2.220200223501e-01 -2.403251077836e-03)
12.5                	(5.864503007434e+00 2.375278555653e+00 6.379544854857e-01)	(5.864503007434e+00 2.375278555653e+00 6.379544854857e-01)	(3.342223950885e-03 -1.499926481135e-01 -1.155788157326e-04)	(-2.261391631186e-01 -5.805409061540e-05 -1.522250227076e-01)	(-3.990038904085e-04 3.497532967385e-01 -2.297854353234e-03)
12.6                	(5.837320891660e+00 2.375282971047e+00 6.194090452044e-01)	(5.837320891660e+00 2.375282971047e+00 6.194090452044e-01)	(3.232202340589e-03 -1.114221269026e-01 -4.588177466179e-04)	(-3.123651702960e-01 1.499603002895e-04 -2.174680734295e-01)	(-8.844352479015e-04 4.127377191792e-01 -1.918335903981e-03)
12.7                	(5.803115450134e+00 2.375307832073e+00 5.952555525851e-01)	(5.803115450134e+00 2.375307832073e+00 5.952555525851e-01)	(3.097434248083e-03 -6.877711210213e-02 -7.595754110946e-04)	(-3.663933751963e-01 3.348941210735e-04 -2.590381226020e-01)	(-1.229253109169e-03 4.347226385203e-01 -1.368673683504e-03)
12.8                	(5.765135343168e+00 2.375346471529e+00 5.692555799896e-01)	(5.765135343168e+00 2.375346471529e+00 5.692555799896e-01)	(2.956219782796e-03 -2.471746511440e-02 -1.001977671199e-03)	(-3.876121885876e-01 4.202680598426e-04 -2.512807521780e-01)	(-1.314699559357e-03 4.459427106348e-01 -8.010298429098e-04)
12.9                	(5.726681641856e+00 2.375388807202e+00 5.469870226779e-01)	(5.726681641856e+00 2.375388807202e+00 5.469870226779e-01)	(2.827832235884e-03 2.043429570272e-02 -1.180110817192e-03)	(-3.759992657322e-01 4.082920410376e-04 -1.845769478562e-01)	(-1.216990500633e-03 4.576374317804e-01 -1.212655079199e-04)
13                  	(5.691063799829e+00 2.375424810782e+00 5.340109067988e-01)	(5.691063799829e+00 2.375424810782e+00 5.340109067988e-01)	(2.720735948147e-03 6.662021575108e-02 -1.278616363143e-03)	(-3.304967489166e-01 3.021299282351e-04 -6.838458469799e-02)	(-9.913093722637e-04 4.637214909697e-01 7.352363089764e-04)
13.1                	(5.661765508225e+00 2.375448350720e+00 5.341823270488e-01)	(5.661765508225e+00 2.375448350720e+00 5.341823270488e-01)	(2.634279430231e-03 1.121549041287e-01 -1.280186903675e-03)	(-2.494715129195e-01 1.685187634373e-04 7.351117307652e-02)	(-7.350604120270e-04 4.407257544408e-01 1.672263481159e-03)
13.2                	(5.642110849502e+00 2.375458889339e+00 5.484473367345e-01)	(5.642110849502e+00 2.375458889339e+00 5.484473367345e-01)	(2.559015542173e-03 1.527678084045e-01 -1.173204383645e-03)	(-1.393478392039e-01 4.736061908705e-05 2.077232533536e-01)	(-4.679394208967e-04 3.611025309076e-01 2.543384742522e-03)
13.3                	(5.634430398401e+00 2.375459281621e+00 5.743377706588e-01)	(5.634430398401e+00 2.375459281621e+00 5.743377706588e-01)	(2.491891407252e-03 1.823225320546e-01 -9.551420975588e-04)	(-1.302332022331e-02 -3.204485871995e-05 3.009892713778e-01)	(-1.131361256638e-04 2.202767187242e-01 3.192057272390e-03)
13.4                	(5.639419595679e+00 2.375454401340e+00 6.065591998631e-01)	(5.639419595679e+00 2.375454401340e+00 6.065591998631e-01)	(2.444276389775e-03 1.951001450444e-01 -6.463588064306e-04)	(1.107997915930e-01 -5.789426783434e-05 3.324557978829e-01)	(3.332270245396e-04 2.824296543950e-02 3.427793910299e-03)
13.5                	(5.655973093016e+00 2.375448784625e+00 6.386472339686e-01)	(5.655973093016e+00 2.375448784625e+00 6.386472339686e-01)	(2.434104136226e-03 1.869968913035e-01 -2.880678845527e-04)	(2.162576327187e-01 -5.732183696937e-05 2.991361015366e-01)	(8.449391771913e-04 -1.933738415184e-01 3.130312224290e-03)
13.6                	(5.681789267043e+00 2.375442301138e+00 6.647390546516e-01)	(5.681789267043e+00 2.375442301138e+00 6.647390546516e-01)	(2.479684883056e-03 1.564173712729e-01 7.096744445087e-05)	(2.954788692352e-01 -7.506861315037e-05 2.165326656036e-01)	(1.295630343762e-03 -4.148692127727e-01 2.350460819466e-03)
13.7                	(5.714169640711e+00 2.375433900959e+00 6.812370389219e-01)	(5.714169640711e+00 2.375433900959e+00 6.812370389219e-01)	(2.586297642199e-03 1.054412772095e-01 3.853488411832e-04)	(3.480583087682e-01 -9.583486756377e-05 1.123420577904e-01)	(1.645077932954e-03 -5.942116646841e-01 1.295061915158e-03)
13.8                	(5.750585432196e+00 2.375423265470e+00 6.874772205178e-01)	(5.750585432196e+00 2.375423265470e+00 6.874772205178e-01)	(2.742727925859e-03 4.016990108207e-02 6.368706996701e-04)	(3.761356994101e-01 -1.174774589325e-04 1.588855934898e-02)	(1.826110318001e-03 -6.959858128193e-01 2.664320377452e-04)
13.9                	(5.788481695735e+00 2.375411304424e+00 6.854190495459e-01)	(5.788481695735e+00 2.375411304424e+00 6.854190495459e-01)	(2.923800900036e-03 -3.040881294368e-02 8.193160174171e-04)	(3.765730389929e-01 -1.172811713149e-04 -5.099598259114e-02)	(1.783105060383e-03 -6.982092570476e-01 -5.872222300941e-04)
14                  	(5.824706447864e+00 2.375399369609e+00 6.785601908732e-01)	(5.824706447864e+00 2.375399369609e+00 6.785601908732e-01)	(3.095291201343e-03 -9.609004546736e-02 9.197113813600e-04)	(3.412137322849e-01 -1.268683619874e-04 -8.002810732891e-02)	(1.482427868313e-03 -6.002477658719e-01 -1.337076873373e-03)
14.1                	(5.855325968530e+00 2.375384748482e+00 6.703961711533e-01)	(5.855325968530e+00 2.375384748482e+00 6.703961711533e-01)	(3.217616666049e-03 -1.479129166711e-01 9.192835807663e-04)	(2.642533363935e-01 -1.698883738719e-04 -7.978454015113e-02)	(9.508649373816e-04 -4.267846073557e-01 -1.910319563274e-03)
14.2                	(5.876346033704e+00 2.375365048900e+00 6.629389099862e-01)	(5.876346033704e+00 2.375365048900e+00 6.629389099862e-01)	(3.265758111123e-03 -1.800165623185e-01 8.104878119477e-04)	(1.512617737839e-01 -2.209263470763e-04 -6.948495566305e-02)	(3.854737073205e-04 -2.107698295343e-01 -2.293050385988e-03)
14.3                	(5.884908209784e+00 2.375342019495e+00 6.561285922666e-01)	(5.884908209784e+00 2.375342019495e+00 6.561285922666e-01)	(3.240207892518e-03 -1.897730099916e-01 5.959145771268e-04)	(1.834546042698e-02 -2.295519982900e-04 -7.008006686610e-02)	(-7.089494305500e-05 1.402332272385e-02 -2.541056692203e-03)
14.4                	(5.880063492959e+00 2.375321569355e+00 6.480621759052e-01)	(5.880063492959e+00 2.375321569355e+00 6.480621759052e-01)	(3.162014840781e-03 -1.782528136864e-01 2.929580148769e-04)	(-1.133564179358e-01 -1.671331599608e-04 -9.596081151756e-02)	(-3.500342239339e-04 2.080913744039e-01 -2.650259956484e-03)
14.5                	(5.862861942709e+00 2.375311469397e+00 6.360670376498e-01)	(5.862861942709e+00 2.375311469397e+00 6.360670376498e-01)	(3.061725472049e-03 -1.501971246825e-01 -5.925696748554e-05)	(-2.265860494052e-01 -2.535648454323e-05 -1.472592793364e-01)	(-4.783135483078e-04 3.420797688594e-01 -2.513717804555e-03)
14.6                	(5.835708591197e+00 2.375318030117e+00 6.183095236361e-01)	(5.835708591197e+00 2.375318030117e+00 6.183095236361e-01)	(2.965630625375e-03 -1.119292601775e-01 -4.094726758708e-04)	(-3.113562527086e-01 1.601157222115e-04 -2.071541914075e-01)	(-4.979115468936e-04 4.145131000617e-01 -2.049846175632e-03)
14.7                	(5.801684440060e+00 2.375342991204e+00 5.953062917068e-01)	(5.801684440060e+00 2.375342991204e+00 5.953062917068e-01)	(2.893765045731e-03 -6.866599779429e-02 -7.087054721978e-04)	(-3.638240787328e-01 3.294883530170e-04 -2.471243711149e-01)	(-3.649098564640e-04 4.455734008062e-01 -1.376448661085e-03)
14.8                	(5.764032567369e+00 2.375380996792e+00 5.704005729635e-01)	(5.764032567369e+00 2.375380996792e+00 5.704005729635e-01)	(2.858789370646e-03 -2.342516702273e-02 -9.445030522943e-04)	(-3.838590410666e-01 4.180553578858e-04 -2.419381419349e-01)	(-9.850152848365e-05 4.578732539807e-01 -7.459346774343e-04)
14.9                	(5.725984507358e+00 2.375424079359e+00 5.488041602225e-01)	(5.725984507358e+00 2.375424079359e+00 5.488041602225e-01)	(2.860352733827e-03 2.274176149552e-02 -1.119582087890e-03)	(-3.716807847273e-01 4.287147556073e-04 -1.808050239140e-01)	(1.117778551633e-04 4.652164056795e-01 -9.427325603099e-05)
15                  	(5.690803877276e+00 2.375463707308e+00 5.358748267217e-01)	(5.690803877276e+00 2.375463707308e+00 5.358748267217e-01)	(2.880041552560e-03 6.928635099689e-02 -1.222307816913e-03)	(-3.261784091619e-01 3.514682084479e-04 -7.119696477902e-02)	(1.609262801677e-04 4.629533897740e-01 7.389293889337e-04)
15.1                	(5.661902278809e+00 2.375492599060e+00 5.354754580666e-01)	(5.661902278809e+00 2.375492599060e+00 5.354754580666e-01)	(2.891195786272e-03 1.142682380268e-01 -1.232680813140e-03)	(-2.462836821101e-01 2.216902327095e-04 6.521263189319e-02)	(2.028398173281e-05 4.297391899525e-01 1.653872862197e-03)
15.2                	(5.642521870917e+00 2.375507793730e+00 5.487711119705e-01)	(5.642521870917e+00 2.375507793730e+00 5.487711119705e-01)	(2.867764375350e-03 1.534234868455e-01 -1.136261218687e-03)	(-1.373411996835e-01 8.417719925763e-05 1.971526253737e-01)	(-2.234054448920e-04 3.440380605584e-01 2.491545197886e-03)
15.3                	(5.634956671776e+00 2.375510727930e+00 5.736283660225e-01)	(5.634956671776e+00 2.375510727930e+00 5.736283660225e-01)	(2.801115006720e-03 1.812323527523e-01 -9.301864611724e-04)	(-1.264579486711e-02 -1.730185611519e-05 2.914550832536e-01)	(-3.813726509091e-04 2.036173916038e-01 3.098425958214e-03)
15.4                	(5.639922672213e+00 2.375506534104e+00 6.050692712523e-01)	(5.639922672213e+00 2.375506534104e+00 6.050692712523e-01)	(2.706429017272e-03 1.926409802672e-01 -6.317241334690e-04)	(1.102347282796e-01 -5.673096646180e-05 3.267527137154e-01)	(-3.733253683629e-04 1.868880055483e-02 3.325472169780e-03)
15.5                	(5.656403004969e+00 2.375500876819e+00 6.368559909572e-01)	(5.656403004969e+00 2.375500876819e+00 6.368559909572e-01)	(2.611296818731e-03 1.840877775267e-01 -2.803757860732e-04)	(2.155396593941e-01 -5.845639532662e-05 2.989288218019e-01)	(-1.693218387652e-04 -1.923774723822e-01 3.043424397800e-03)
15.6                	(5.682170761568e+00 2.375494292496e+00 6.632001600952e-01)	(5.682170761568e+00 2.375494292496e+00 6.632001600952e-01)	(2.549055472560e-03 1.541444008431e-01 7.264508389420e-05)	(2.952492511067e-01 -7.674084897852e-05 2.216068256697e-01)	(1.434918041833e-04 -4.037916067546e-01 2.284100377562e-03)
15.7                	(5.714546854717e+00 2.375485481935e+00 6.803979474119e-01)	(5.714546854717e+00 2.375485481935e+00 6.803979474119e-01)	(2.542731655919e-03 1.045591460234e-01 3.768104654558e-04)	(3.480880146061e-01 -1.027826801187e-04 1.208380892875e-01)	(5.315076874443e-04 -5.785731086348e-01 1.223447036223e-03)
15.8                	(5.750946343654e+00 2.375473649299e+00 6.875395146190e-01)	(5.750946343654e+00 2.375473649299e+00 6.875395146190e-01)	(2.597432809998e-03 4.079832409973e-02 6.115073689089e-04)	(3.756569181096e-01 -1.356116399247e-04 2.490818598087e-02)	(9.038188545226e-04 -6.824039320440e-01 2.100752345055e-04)
15.9                	(5.788746640052e+00 2.375459258683e+00 6.862832873560e-01)	(5.788746640052e+00 2.375459258683e+00 6.862832873560e-01)	(2.701294037371e-03 -2.876315612747e-02 7.742508738948e-04)	(3.751220891898e-01 -1.468356514572e-04 -4.439337981757e-02)	(1.180749458699e-03 -6.920832410455e-01 -6.034427950799e-04)
16                  	(5.824792297120e+00 2.375444064661e+00 6.798763088272e-01)	(5.824792297120e+00 2.375444064661e+00 6.798763088272e-01)	(2.830919562390e-03 -9.430891807808e-02 8.591367474896e-04)	(3.392248689904e-01 -1.604745330488e-04 -7.779028305488e-02)	(1.281225144367e-03 -6.036565550878e-01 -1.307778888682e-03)
16.1                	(5.855223538214e+00 2.375426165608e+00 6.716958509747e-01)	(5.855223538214e+00 2.375426165608e+00 6.716958509747e-01)	(2.954546248526e-03 -1.468677790936e-01 8.521886112955e-04)	(2.626686840899e-01 -2.004207406637e-04 -8.226725550657e-02)	(1.193696396673e-03 -4.372215710515e-01 -1.833071779559e-03)
16.2                	(5.876125260290e+00 2.375403696651e+00 6.637951394931e-01)	(5.876125260290e+00 2.375403696651e+00 6.637951394931e-01)	(3.048338123640e-03 -1.801390802855e-01 7.497097829620e-04)	(1.505747587029e-01 -2.461559821585e-04 -7.554078157029e-02)	(1.014468705594e-03 -2.228225395455e-01 -2.152426637072e-03)
16.3                	(5.884673057613e+00 2.375378120055e+00 6.562961253060e-01)	(5.884673057613e+00 2.375378120055e+00 6.562961253060e-01)	(3.102927545155e-03 -1.909524184018e-01 5.546938540722e-04)	(1.870392117701e-02 -2.570423208399e-04 -7.735466718762e-02)	(8.073368328056e-04 5.662128634449e-03 -2.322725794016e-03)
16.4                	(5.879904992379e+00 2.375354322331e+00 6.475560599383e-01)	(5.879904992379e+00 2.375354322331e+00 6.475560599383e-01)	(3.122806581346e-03 -1.799366917779e-01 2.798951159856e-04)	(-1.122248762765e-01 -2.069654615044e-04 -1.017377282012e-01)	(6.091102435232e-04 2.065936930376e-01 -2.367992711477e-03)
16.5                	(5.862843874465e+00 2.375339730639e+00 6.351514111193e-01)	(5.862843874465e+00 2.375339730639e+00 6.351514111193e-01)	(3.120075857157e-03 -1.516634741592e-01 -4.295062286051e-05)	(-2.249448447367e-01 -7.424640056967e-05 -1.494171877699e-01)	(4.040914519724e-04 3.476557939047e-01 -2.199012240258e-03)
16.6                	(5.835865314555e+00 2.375341472240e+00 6.173960032860e-01)	(5.835865314555e+00 2.375341472240e+00 6.173960032860e-01)	(3.105863862724e-03 -1.125969597973e-01 -3.684908747187e-04)	(-3.094899992058e-01 1.165639126076e-04 -2.049466610350e-01)	(1.794747376117e-04 4.239077627445e-01 -1.749157742961e-03)
16.7                	(5.802011179884e+00 2.375362829239e+00 5.947906290309e-01)	(5.802011179884e+00 2.375362829239e+00 5.947906290309e-01)	(3.089194662934e-03 -6.840696922623e-02 -6.502751768132e-04)	(-3.621525562719e-01 3.042976296359e-04 -2.416264359489e-01)	(1.788068690776e-05 4.541489844847e-01 -1.123269885041e-03)
16.8                	(5.764501822354e+00 2.375399723916e+00 5.705149557991e-01)	(5.764501822354e+00 2.375399723916e+00 5.705149557991e-01)	(3.076413035111e-03 -2.252355195834e-02 -8.748053727055e-04)	(-3.827361377722e-01 4.209916296766e-04 -2.353221582285e-01)	(-5.535838613788e-05 4.617038630196e-01 -5.483019286611e-04)
16.9                	(5.726551019604e+00 2.375444315506e+00 5.495312408075e-01)	(5.726551019604e+00 2.375444315506e+00 5.495312408075e-01)	(3.066055041531e-03 2.371189009627e-02 -1.043757216790e-03)	(-3.709217627624e-01 4.549521173221e-04 -1.755964984721e-01)	(-1.677802549515e-04 4.624288785746e-01 2.866607314037e-05)
17                  	(5.691434393532e+00 2.375487379843e+00 5.369660095944e-01)	(5.691434393532e+00 2.375487379843e+00 5.369660095944e-01)	(3.043774305809e-03 6.969026688858e-02 -1.144466855383e-03)	(-3.256731240685e-01 3.918034378325e-04 -6.934824974975e-02)	(-3.878789470676e-04 4.547124504523e-01 7.969182743683e-04)
17.1                	(5.662567347762e+00 2.375520608922e+00 5.365505415234e-01)	(5.662567347762e+00 2.375520608922e+00 5.365505415234e-01)	(2.990643278459e-03 1.137206870872e-01 -1.154365882423e-03)	(-2.459210496616e-01 2.673873816900e-04 6.307652630669e-02)	(-6.949634116563e-04 4.203803318741e-01 1.667668825238e-03)
17.2                	(5.643167356924e+00 2.375540558910e+00 5.494465851101e-01)	(5.643167356924e+00 2.375540558910e+00 5.494465851101e-01)	(2.893191370864e-03 1.520544869809e-01 -1.059822461364e-03)	(-1.377815769266e-01 1.338497733438e-04 1.915022354031e-01)	(-9.741400454128e-04 3.373801132025e-01 2.441453685318e-03)
17.3                	(5.635502619618e+00 2.375548643146e+00 5.736467602856e-01)	(5.635502619618e+00 2.375548643146e+00 5.736467602856e-01)	(2.756341727015e-03 1.794739077706e-01 -8.611388837370e-04)	(-1.396221584539e-02 3.589902044263e-05 2.843483618496e-01)	(-1.048869588145e-03 2.026068194702e-01 2.982132139591e-03)
17.4                	(5.640305372571e+00 2.375549825053e+00 6.043938102420e-01)	(5.640305372571e+00 2.375549825053e+00 6.043938102420e-01)	(2.605892326522e-03 1.910768953565e-01 -5.772912387995e-04)	(1.084089150689e-01 -3.927795464330e-06 3.203994993837e-01)	(-8.730843496099e-04 2.341839668242e-02 3.152941679653e-03)
17.5                	(5.656604369815e+00 2.375548968096e+00 6.356744323710e-01)	(5.656604369815e+00 2.375548968096e+00 6.356744323710e-01)	(2.476137068138e-03 1.832237540599e-01 -2.485837376960e-04)	(2.137890118822e-01 -1.690777758351e-05 2.954276261898e-01)	(-4.490830079417e-04 -1.835665438541e-01 2.835374939085e-03)
17.6                	(5.682210763832e+00 2.375545585157e+00 6.618610817537e-01)	(5.682210763832e+00 2.375545585157e+00 6.618610817537e-01)	(2.402897135037e-03 1.542347534768e-01 7.544599057127e-05)	(2.937778332502e-01 -5.437054259903e-05 2.220162138285e-01)	(1.018183376152e-04 -3.941396603627e-01 2.069259939697e-03)
17.7                	(5.714447598115e+00 2.375538005654e+00 6.792887788372e-01)	(5.714447598115e+00 2.375538005654e+00 6.792887788372e-01)	(2.407831181669e-03 1.055044291005e-01 3.491063683371e-04)	(3.467210813785e-01 -9.924208629514e-05 1.248832583110e-01)	(7.138283947392e-04 -5.715088820086e-01 1.011160726057e-03)
17.8                	(5.750703155343e+00 2.375525971499e+00 6.869612460050e-01)	(5.750703155343e+00 2.375525971499e+00 6.869612460050e-01)	(2.492155902675e-03 4.224338978011e-02 5.547212257407e-04)	(3.740998028465e-01 -1.419620874957e-04 3.117274862390e-02)	(1.266992358149e-03 -6.796414043029e-01 2.693660381851e-05)
17.9                	(5.788332115544e+00 2.375510744553e+00 6.863579497054e-01)	(5.788332115544e+00 2.375510744553e+00 6.863579497054e-01)	(2.638828224217e-03 -2.727590835707e-02 6.963669138749e-04)	(3.732282285375e-01 -1.571122400651e-04 -3.797257355907e-02)	(1.663130236858e-03 -6.940887122213e-01 -7.145434919839e-04)
18                  	(5.824181518993e+00 2.375494561471e+00 6.805165367375e-01)	(5.824181518993e+00 2.375494561471e+00 6.805165367375e-01)	(2.819411111845e-03 -9.321921623962e-02 7.741911977423e-04)	(3.372664258555e-01 -1.691906630958e-04 -7.318925820213e-02)	(1.813908649529e-03 -6.092221625474e-01 -1.308434816869e-03)
18.1                	(5.854437791051e+00 2.375475902066e+00 6.726494526721e-01)	(5.854437791051e+00 2.375475902066e+00 6.726494526721e-01)	(2.996434619845e-03 -1.463895868046e-01 7.746339671998e-04)	(2.611771441146e-01 -2.076382736110e-04 -8.075452954911e-02)	(1.696111467999e-03 -4.434771998220e-01 -1.739813743041e-03)
18.2                	(5.875247768467e+00 2.375452608098e+00 6.647355182456e-01)	(5.875247768467e+00 2.375452608098e+00 6.647355182456e-01)	(3.138594633756e-03 -1.802038066802e-01 6.890352290667e-04)	(1.502301296536e-01 -2.565808317111e-04 -7.726774675899e-02)	(1.412054856201e-03 -2.269877546365e-01 -1.995104359786e-03)
18.3                	(5.883826215034e+00 2.375425552341e+00 6.569347446406e-01)	(5.883826215034e+00 2.375425552341e+00 6.569347446406e-01)	(3.228502904962e-03 -1.912709685955e-01 5.143808773810e-04)	(1.964192083919e-02 -2.764123591190e-04 -8.142997787276e-02)	(1.033733392664e-03 4.865019016479e-03 -2.122270711453e-03)
18.4                	(5.879206194264e+00 2.375399381058e+00 6.477376282460e-01)	(5.879206194264e+00 2.375399381058e+00 6.477376282460e-01)	(3.264294395010e-03 -1.801714370292e-01 2.591469267373e-04)	(-1.102615960093e-01 -2.338008514797e-04 -1.064826116773e-01)	(6.281141045327e-04 2.089840931917e-01 -2.153926410287e-03)
18.5                	(5.862382630023e+00 2.375382084841e+00 6.349008513905e-01)	(5.862382630023e+00 2.375382084841e+00 6.349008513905e-01)	(3.256056968853e-03 -1.515688917152e-01 -4.751285220520e-05)	(-2.222961296296e-01 -9.991960137867e-05 -1.530422399588e-01)	(2.264692664350e-04 3.514737299724e-01 -1.997008883780e-03)
18.6                	(5.835681425810e+00 2.375381616064e+00 6.168965864833e-01)	(5.835681425810e+00 2.375381616064e+00 6.168965864833e-01)	(3.217830711332e-03 -1.121343394328e-01 -3.603824282782e-04)	(-3.065964441809e-01 9.904013228898e-05 -2.061405071731e-01)	(-1.497147021297e-04 4.268575351139e-01 -1.581367490735e-03)
18.7                	(5.802094357514e+00 2.375401724275e+00 5.943076565848e-01)	(5.802094357514e+00 2.375401724275e+00 5.943076565848e-01)	(3.164437023392e-03 -6.778589987407e-02 -6.321460337067e-04)	(-3.597074415437e-01 2.961498503496e-04 -2.401391652046e-01)	(-3.954066461460e-04 4.541351287603e-01 -1.001089103789e-03)
18.8                	(5.764806870364e+00 2.375438225507e+00 5.702856030795e-01)	(5.764806870364e+00 2.375438225507e+00 5.702856030795e-01)	(3.109649985913e-03 -2.206976427308e-02 -8.487534882441e-04)	(-3.806872022486e-01 4.202319598863e-04 -2.319331440310e-01)	(-4.814203340431e-04 4.581978866342e-01 -4.722139016102e-04)
18.9                	(5.727032177209e+00 2.375482839489e+00 5.496728119624e-01)	(5.727032177209e+00 2.375482839489e+00 5.496728119624e-01)	(3.059111290427e-03 2.368685621573e-02 -1.011296181064e-03)	(-3.693044048460e-01 4.557109197042e-04 -1.718407047385e-01)	(-5.348788057061e-04 4.565956160847e-01 6.338536511482e-05)
19                  	(5.692067103959e+00 2.375526054617e+00 5.374363846543e-01)	(5.692067103959e+00 2.375526054617e+00 5.374363846543e-01)	(3.005179276880e-03 6.904073782927e-02 -1.107576272781e-03)	(-3.242605776646e-01 3.944722964827e-04 -6.676957722166e-02)	(-6.426187957361e-04 4.484939055483e-01 7.914934754144e-04)
19.1                	(5.663324738849e+00 2.375559705043e+00 5.371708658171e-01)	(5.663324738849e+00 2.375559705043e+00 5.371708658171e-01)	(2.933470961944e-03 1.125297510730e-01 -1.115630597337e-03)	(-2.450819991701e-01 2.736487708724e-04 6.337200035055e-02)	(-8.048523720062e-04 4.159668317981e-01 1.635751029187e-03)
19.2                	(5.643996983158e+00 2.375580498945e+00 5.499663595407e-01)	(5.643996983158e+00 2.375580498945e+00 5.499663595407e-01)	(2.832968189696e-03 1.505911824349e-01 -1.022726720641e-03)	(-1.376154544566e-01 1.434886017443e-04 1.892656777631e-01)	(-9.364710481704e-04 3.365846600477e-01 2.374660910764e-03)
19.3                	(5.636323275294e+00 2.375589481071e+00 5.738415157124e-01)	(5.636323275294e+00 2.375589481071e+00 5.738415157124e-01)	(2.707589288340e-03 1.780985393746e-01 -8.313709646202e-04)	(-1.461070768375e-02 4.257398325803e-05 2.802137090265e-01)	(-8.940406077326e-04 2.051851411864e-01 2.878353312288e-03)
19.4                	(5.641035206632e+00 2.375590758210e+00 6.041502761283e-01)	(5.641035206632e+00 2.375590758210e+00 6.041502761283e-01)	(2.579225285339e-03 1.900803023846e-01 -5.603611375579e-04)	(1.071673569644e-01 -9.752793215391e-06 3.160063744896e-01)	(-6.472317289208e-04 2.812438081047e-02 3.018444011557e-03)
19.5                	(5.657183650457e+00 2.375588560817e+00 6.350408233705e-01)	(5.657183650457e+00 2.375588560817e+00 6.350408233705e-01)	(2.476832157639e-03 1.827269775878e-01 -2.470861427036e-04)	(2.120745864619e-01 -3.705276798443e-05 2.922550099913e-01)	(-1.977673602766e-04 -1.785622913713e-01 2.699309549959e-03)
19.6                	(5.682606544175e+00 2.375582736518e+00 6.610181058264e-01)	(5.682606544175e+00 2.375582736518e+00 6.610181058264e-01)	(2.431040602906e-03 1.541856038825e-01 6.300088547957e-05)	(2.918508122667e-01 -8.052478926477e-05 2.211095788064e-01)	(3.436439655412e-04 -3.903726691013e-01 1.949708305788e-03)
19.7                	(5.714650416900e+00 2.375572675112e+00 6.784837459098e-01)	(5.714650416900e+00 2.375572675112e+00 6.784837459098e-01)	(2.459429387795e-03 1.057468861396e-01 3.275440424087e-04)	(3.447789093674e-01 -1.209565463900e-04 1.265211659930e-01)	(9.124477642150e-04 -5.694713743518e-01 9.236420641677e-04)
19.8                	(5.750708968910e+00 2.375558928999e+00 6.864258572998e-01)	(5.750708968910e+00 2.375558928999e+00 6.864258572998e-01)	(2.560692940846e-03 4.262064472391e-02 5.297019517235e-04)	(3.720992031741e-01 -1.539500141812e-04 3.476938654072e-02)	(1.397332695521e-03 -6.789161876362e-01 -2.518377516920e-05)
19.9                	(5.788131307873e+00 2.375542983586e+00 6.862321330286e-01)	(5.788131307873e+00 2.375542983586e+00 6.862321330286e-01)	(2.715639925743e-03 -2.687554805573e-02 6.728187634800e-04)	(3.711164965083e-01 -1.598080202497e-04 -3.359636490078e-02)	(1.695674327877e-03 -6.941807207187e-01 -7.333967943092e-04)
20                  	(5.823763997661e+00 2.375526738323e+00 6.808077244227e-01)	(5.823763997661e+00 2.375526738323e+00 6.808077244227e-01)	(2.894572696398e-03 -9.285255148022e-02 7.553373330994e-04)	(3.350908355571e-01 -1.688470129337e-04 -6.944080065702e-02)	(1.744041067421e-03 -6.096636041895e-01 -1.300688585211e-03)
20.1                	(5.853813821902e+00 2.375508031659e+00 6.732313970099e-01)	(5.853813821902e+00 2.375508031659e+00 6.732313970099e-01)	(3.060625039293e-03 -1.460566317563e-01 7.611647684427e-04)	(2.593456031780e-01 -2.092087315584e-04 -7.881303495574e-02)	(1.536737866821e-03 -4.436101102640e-01 -1.720356505309e-03)
20.2                	(5.874471911587e+00 2.375484456977e+00 6.653966408654e-01)	(5.874471911587e+00 2.375484456977e+00 6.653966408654e-01)	(3.184014205179e-03 -1.798499160039e-01 6.794107838032e-04)	(1.491070677083e-01 -2.604603295369e-04 -7.763775382664e-02)	(1.186846857226e-03 -2.264941151196e-01 -1.978720310240e-03)
20.3                	(5.882992763089e+00 2.375456951782e+00 6.574550299953e-01)	(5.882992763089e+00 2.375456951782e+00 6.574550299953e-01)	(3.249642249767e-03 -1.908443786895e-01 5.067041993663e-04)	(1.962312665542e-02 -2.810886742559e-04 -8.376256114531e-02)	(7.706591369943e-04 5.772943822552e-03 -2.103423392241e-03)
20.4                	(5.878424585680e+00 2.375430292142e+00 6.479663431938e-01)	(5.878424585680e+00 2.375430292142e+00 6.479663431938e-01)	(3.259242442814e-03 -1.796492874712e-01 2.532139611523e-04)	(-1.092211168779e-01 -2.384366527394e-04 -1.097770788814e-01)	(3.670571991473e-04 2.098754745678e-01 -2.131678107050e-03)
20.5                	(5.861747998271e+00 2.375412567930e+00 6.348064849462e-01)	(5.861747998271e+00 2.375412567930e+00 6.348064849462e-01)	(3.227796516698e-03 -1.509887680087e-01 -5.058829460064e-05)	(-2.204457050558e-01 -1.042424542556e-04 -1.559829322107e-01)	(2.044804219679e-05 3.516343593478e-01 -1.969358550639e-03)
20.6                	(5.835250533798e+00 2.375411576750e+00 6.165779302873e-01)	(5.835250533798e+00 2.375411576750e+00 6.165779302873e-01)	(3.174419904052e-03 -1.115957452504e-01 -3.586221534511e-04)	(-3.044824305168e-01 9.140238032278e-05 -2.075618618783e-01)	(-2.573084384186e-04 4.261831274778e-01 -1.548568640693e-03)
20.7                	(5.801897208311e+00 2.375430637511e+00 5.939531071811e-01)	(5.801897208311e+00 2.375430637511e+00 5.939531071811e-01)	(3.116849261095e-03 -6.736683540888e-02 -6.243857417339e-04)	(-3.573670903179e-01 2.815963577638e-04 -2.394733018790e-01)	(-3.818640608711e-04 4.523505689920e-01 -9.683242891913e-04)
20.8                	(5.764836783691e+00 2.375465576051e+00 5.700906716931e-01)	(5.764836783691e+00 2.375465576051e+00 5.700906716931e-01)	(3.069678763863e-03 -2.188573375525e-02 -8.349674321183e-04)	(-3.785522663973e-01 4.042493390373e-04 -2.295334082119e-01)	(-3.543328553769e-04 4.553014633472e-01 -4.414298789146e-04)
20.9                	(5.727267269804e+00 2.375508612257e+00 5.497602558302e-01)	(5.727267269804e+00 2.375508612257e+00 5.497602558302e-01)	(3.036295268938e-03 2.354511637735e-02 -9.930556371774e-04)	(-3.673480220462e-01 4.406693383750e-04 -1.687940891464e-01)	(-3.248460690978e-04 4.530836253691e-01 7.038668620418e-05)
21                  	(5.692489605659e+00 2.375550614748e+00 5.378071244458e-01)	(5.692489605659e+00 2.375550614748e+00 5.378071244458e-01)	(3.005453943424e-03 6.855057616406e-02 -1.087534823649e-03)	(-3.224879629901e-01 3.861234297171e-04 -6.436456525081e-02)	(-3.979770093934e-04 4.451495071453e-01 7.910954860351e-04)
21.1                	(5.663909735624e+00 2.375583766607e+00 5.377035960226e-01)	(5.663909735624e+00 2.375583766607e+00 5.377035960226e-01)	(2.957927345910e-03 1.117546872919e-01 -1.095764105393e-03)	(-2.436518417210e-01 2.718566136202e-04 6.404047900549e-02)	(-5.734535952365e-04 4.135714440414e-01 1.626276088987e-03)
21.2                	(5.644694204752e+00 2.375604536096e+00 5.504602229826e-01)	(5.644694204752e+00 2.375604536096e+00 5.504602229826e-01)	(2.878502340015e-03 1.496576276487e-01 -1.005746580879e-03)	(-1.367692725313e-01 1.443542475477e-04 1.878556282357e-01)	(-7.621841336128e-04 3.359758100690e-01 2.345096748503e-03)
21.3                	(5.637056568024e+00 2.375613570538e+00 5.741003398493e-01)	(5.637056568024e+00 2.375613570538e+00 5.741003398493e-01)	(2.767443966160e-03 1.771882941742e-01 -8.195184055325e-04)	(-1.462245642728e-02 4.242316561000e-05 2.771325124375e-01)	(-8.061763303377e-04 2.060743665468e-01 2.837562397156e-03)
21.4                	(5.641718070586e+00 2.375614785823e+00 6.040559995079e-01)	(5.641718070586e+00 2.375614785823e+00 6.040559995079e-01)	(2.644214165115e-03 1.893201172065e-01 -5.545013434646e-04)	(1.062987272721e-01 -1.080118533628e-05 3.122745092620e-01)	(-6.572423263455e-04 3.014011889267e-02 2.969184269701e-03)
21.5                	(5.657747784641e+00 2.375612512238e+00 6.345941419970e-01)	(5.657747784641e+00 2.375612512238e+00 6.345941419970e-01)	(2.537440273188e-03 1.821867499540e-01 -2.463016522424e-04)	(2.106307174606e-01 -3.710236143574e-05 2.891535558629e-01)	(-2.958795357346e-04 -1.762420738258e-01 2.652852050095e-03)
21.6                	(5.683010455996e+00 2.375606880736e+00 6.603367174032e-01)	(5.683010455996e+00 2.375606880736e+00 6.603367174032e-01)	(2.479235009476e-03 1.538677771641e-01 6.003417926621e-05)	(2.901438576347e-01 -7.560124192610e-05 2.196454195717e-01)	(1.814915343969e-04 -3.882714362016e-01 1.904596092522e-03)
21.7                	(5.714880842775e+00 2.375597643869e+00 6.777589841941e-01)	(5.714880842775e+00 2.375597643869e+00 6.777589841941e-01)	(2.489883992344e-03 1.056270468558e-01 3.218925005930e-04)	(3.430323632686e-01 -1.091206612267e-04 1.271340611676e-01)	(7.158134850998e-04 -5.675674068339e-01 8.901936350597e-04)
21.8                	(5.750765558889e+00 2.375585265763e+00 6.858579532255e-01)	(5.750765558889e+00 2.375585265763e+00 6.858579532255e-01)	(2.571223532101e-03 4.268593371715e-02 5.223927563533e-04)	(3.703490834095e-01 -1.379794411712e-04 3.720467592549e-02)	(1.196913211772e-03 -6.770923030987e-01 -3.925410075137e-05)
21.9                	(5.788009113338e+00 2.375570994386e+00 6.859672829511e-01)	(5.788009113338e+00 2.375570994386e+00 6.859672829511e-01)	(2.706876710757e-03 -2.663028648203e-02 6.645613619999e-04)	(3.692778010821e-01 -1.425908888368e-04 -3.014936518811e-02)	(1.513884925228e-03 -6.925011849022e-01 -7.303583388616e-04)
22                  	(5.823453770507e+00 2.375556379612e+00 6.808923966295e-01)	(5.823453770507e+00 2.375556379612e+00 6.808923966295e-01)	(2.869760406762e-03 -9.245684575116e-02 7.464810456207e-04)	(3.331887034373e-01 -1.542191982586e-04 -6.609257632446e-02)	(1.610448134998e-03 -6.084071581830e-01 -1.283601597647e-03)
22.1                	(5.853320484833e+00 2.375538939511e+00 6.736024358592e-01)	(5.853320484833e+00 2.375538939511e+00 6.736024358592e-01)	(3.025885046244e-03 -1.455645226294e-01 7.528241467116e-04)	(2.576309362365e-01 -1.983541894182e-04 -7.659902059796e-02)	(1.472624743911e-03 -4.429586888465e-01 -1.690196759012e-03)
22.2                	(5.873836589443e+00 2.375516351130e+00 6.659051092318e-01)	(5.873836589443e+00 2.375516351130e+00 6.659051092318e-01)	(3.147002540309e-03 -1.793205308812e-01 6.730627481705e-04)	(1.480792315667e-01 -2.517387815449e-04 -7.714608760925e-02)	(1.198284286749e-03 -2.263605982402e-01 -1.945032432645e-03)
22.3                	(5.882292086009e+00 2.375489529327e+00 6.579258728685e-01)	(5.882292086009e+00 2.375489529327e+00 6.579258728685e-01)	(3.217886573229e-03 -1.903236694237e-01 5.034697569146e-04)	(1.942086569161e-02 -2.764026301235e-04 -8.494257319440e-02)	(8.480504638518e-04 5.424620093660e-03 -2.070101900465e-03)
22.4                	(5.877750054709e+00 2.375463081727e+00 6.482591191935e-01)	(5.877750054709e+00 2.375463081727e+00 6.482591191935e-01)	(3.238511409042e-03 -1.791880952214e-01 2.538253586244e-04)	(-1.085058498377e-01 -2.386809060188e-04 -1.120125945688e-01)	(4.903205084919e-04 2.090658785326e-01 -2.098370545544e-03)
22.5                	(5.861182693324e+00 2.375445110524e+00 6.348650583518e-01)	(5.861182693324e+00 2.375445110524e+00 6.348650583518e-01)	(3.221782409721e-03 -1.506189401186e-01 -4.555054486541e-05)	(-2.190343529176e-01 -1.086712316422e-04 -1.582539726024e-01)	(1.718734411966e-04 3.506847911125e-01 -1.927721212705e-03)
22.6                	(5.834852044979e+00 2.375443572555e+00 6.164513912272e-01)	(5.834852044979e+00 2.375443572555e+00 6.164513912272e-01)	(3.185152142767e-03 -1.113226942892e-01 -3.487922974419e-04)	(-3.026270550519e-01 8.540775058611e-05 -2.088656880149e-01)	(-9.133107182943e-05 4.252058905405e-01 -1.503510268919e-03)
22.7                	(5.801693378566e+00 2.375462075882e+00 5.937683785023e-01)	(5.801693378566e+00 2.375462075882e+00 5.937683785023e-01)	(3.144278202909e-03 -6.720160123320e-02 -6.112610078074e-04)	(-3.553926071336e-01 2.767160542153e-04 -2.393310609788e-01)	(-2.249919004494e-04 4.511699987689e-01 -9.381378038246e-04)
22.8                	(5.764826641891e+00 2.375496798453e+00 5.699913272320e-01)	(5.764826641891e+00 2.375496798453e+00 5.699913272320e-01)	(3.111013027572e-03 -2.185134173092e-02 -8.203885236096e-04)	(-3.766633165742e-01 4.045485247697e-04 -2.280710676168e-01)	(-2.390423127949e-04 4.539052303005e-01 -4.245534010620e-04)
22.9                	(5.727436077799e+00 2.375540056594e+00 5.498433193812e-01)	(5.727436077799e+00 2.375540056594e+00 5.498433193812e-01)	(3.086192876574e-03 2.341617001404e-02 -9.791213380239e-04)	(-3.656434866591e-01 4.445231068810e-04 -1.667715002686e-01)	(-2.711025753740e-04 4.512886071039e-01 7.567438415670e-05)
23                  	(5.692818784620e+00 2.375582569371e+00 5.380788593963e-01)	(5.692818784620e+00 2.375582569371e+00 5.380788593963e-01)	(3.057258088496e-03 6.822725419138e-02 -1.075006729793e-03)	(-3.209918374865e-01 3.922451794031e-04 -6.278039907336e-02)	(-4.143833458320e-04 4.431557934852e-01 7.926256549897e-04)
23.1                	(5.664372924572e+00 2.375616276592e+00 5.380756766295e-01)	(5.664372924572e+00 2.375616276592e+00 5.380756766295e-01)	(3.005063917612e-03 1.112391903426e-01 -1.084816864318e-03)	(-2.423082748615e-01 2.769855075905e-04 6.439900116914e-02)	(-6.504829728558e-04 4.121262379307e-01 1.626058832430e-03)
23.2                	(5.645241410402e+00 2.375637445186e+00 5.507874711404e-01)	(5.645241410402e+00 2.375637445186e+00 5.507874711404e-01)	(2.915756873047e-03 1.490251704664e-01 -9.962385882844e-04)	(-1.363633382079e-01 1.475238994381e-04 1.865782917529e-01)	(-8.842618936695e-04 3.350561544950e-01 2.343796709452e-03)
23.3                	(5.637605035897e+00 2.375646711552e+00 5.742232969203e-01)	(5.637605035897e+00 2.375646711552e+00 5.742232969203e-01)	(2.791369909703e-03 1.765072459406e-01 -8.107608475917e-04)	(-1.490712777856e-02 4.394046043112e-05 2.745222964365e-01)	(-9.518627020679e-04 2.060512639418e-01 2.838008085213e-03)
23.4                	(5.642194702932e+00 2.375647969419e+00 6.038800661462e-01)	(5.642194702932e+00 2.375647969419e+00 6.038800661462e-01)	(2.653579291031e-03 1.886977228374e-01 -5.461846298212e-04)	(1.052398063154e-01 -1.202439892600e-05 3.091462767064e-01)	(-8.022350944016e-04 3.137022154841e-02 2.969959623705e-03)
23.5                	(5.658097484630e+00 2.375645289528e+00 6.341225822544e-01)	(5.658097484630e+00 2.375645289528e+00 6.341225822544e-01)	(2.533618132350e-03 1.817270247074e-01 -2.382047337711e-04)	(2.091891067896e-01 -4.439309745607e-05 2.865492723037e-01)	(-4.158246080119e-04 -1.742020410589e-01 2.656391957640e-03)
23.6                	(5.683209134639e+00 2.375638610233e+00 6.596684789732e-01)	(5.683209134639e+00 2.375638610233e+00 6.596684789732e-01)	(2.465659884277e-03 1.536395713400e-01 6.738967419873e-05)	(2.886113490561e-01 -8.888973471059e-05 2.184311553808e-01)	(1.014529186001e-04 -3.857027434789e-01 1.904833017416e-03)
23.7                	(5.714929980151e+00 2.375627810212e+00 6.770574468237e-01)	(5.714929980151e+00 2.375627810212e+00 6.770574468237e-01)	(2.470720723465e-03 1.056678471285e-01 3.276391744290e-04)	(3.415864165401e-01 -1.266895337833e-04 1.277094713984e-01)	(6.791871446824e-04 -5.647888843073e-01 8.884463137315e-04)
23.8                	(5.750675564632e+00 2.375613428015e+00 6.852998304105e-01)	(5.750675564632e+00 2.375613428015e+00 6.852998304105e-01)	(2.550536288662e-03 4.300346625418e-02 5.256757870653e-04)	(3.689961237516e-01 -1.596161560202e-04 3.941867204174e-02)	(1.198603330298e-03 -6.744120529547e-01 -4.584789065544e-05)
23.9                	(5.787784687063e+00 2.375596754968e+00 6.856848272085e-01)	(5.787784687063e+00 2.375596754968e+00 6.856848272085e-01)	(2.688047527364e-03 -2.608105414899e-02 6.647198489843e-04)	(3.679339525245e-01 -1.682339743180e-04 -2.698445000475e-02)	(1.549146448731e-03 -6.905660508354e-01 -7.452472530923e-04)
24                  	(5.823095316502e+00 2.375579502597e+00 6.809318121430e-01)	(5.823095316502e+00 2.375579502597e+00 6.809318121430e-01)	(2.855515904995e-03 -9.177875131020e-02 7.434318074849e-04)	(3.318765311984e-01 -1.804768722367e-04 -6.296058353427e-02)	(1.670332747790e-03 -6.077764149825e-01 -1.300879029343e-03)
24.1                	(5.852839228108e+00 2.375559576408e+00 6.739162255444e-01)	(5.852839228108e+00 2.375559576408e+00 6.739162255444e-01)	(3.018262305692e-03 -1.448855549766e-01 7.475696990949e-04)	(2.564943837442e-01 -2.215731975247e-04 -7.438911735861e-02)	(1.548813902900e-03 -4.436807527643e-01 -1.705486542916e-03)
24.2                	(5.873264330151e+00 2.375534894540e+00 6.663685394842e-01)	(5.873264330151e+00 2.375534894540e+00 6.663685394842e-01)	(3.147064905501e-03 -1.787729225555e-01 6.664558977830e-04)	(1.473948640718e-01 -2.710321824820e-04 -7.642427417748e-02)	(1.277836170452e-03 -2.281697041155e-01 -1.962515936836e-03)
24.3                	(5.881689367318e+00 2.375506144909e+00 6.583847682812e-01)	(5.881689367318e+00 2.375506144909e+00 6.583847682812e-01)	(3.225667554303e-03 -1.899815238211e-01 4.956783556330e-04)	(1.947144430090e-02 -2.964215706415e-04 -8.571053601411e-02)	(9.238898955150e-04 3.339629302937e-03 -2.091093902356e-03)
24.4                	(5.877189407823e+00 2.375477602992e+00 6.485850395560e-01)	(5.877189407823e+00 2.375477602992e+00 6.485850395560e-01)	(3.253122150572e-03 -1.790353656105e-01 2.441877012324e-04)	(-1.077458958178e-01 -2.604911249591e-04 -1.137903382990e-01)	(5.561796134232e-04 2.074897482714e-01 -2.124139732583e-03)
24.5                	(5.860730279400e+00 2.375457411196e+00 6.349955899846e-01)	(5.860730279400e+00 2.375457411196e+00 6.349955899846e-01)	(3.241849635666e-03 -1.505872950720e-01 -5.815713583351e-05)	(-2.176436725737e-01 -1.304791864783e-04 -1.602304860171e-01)	(2.247514521571e-04 3.499551517896e-01 -1.958859385260e-03)
24.6                	(5.834553215744e+00 2.375453903162e+00 6.164111512107e-01)	(5.834553215744e+00 2.375453903162e+00 6.164111512107e-01)	(3.209275176878e-03 -1.113186645719e-01 -3.651685475699e-04)	(-3.009397109822e-01 6.853999960770e-05 -2.101832026442e-01)	(-5.437341280668e-05 4.254282032856e-01 -1.528687588631e-03)
24.7                	(5.801571378785e+00 2.375470990090e+00 5.936527710079e-01)	(5.801571378785e+00 2.375470990090e+00 5.936527710079e-01)	(3.170901116286e-03 -6.715714845497e-02 -6.311324303119e-04)	(-3.536050462801e-01 2.648677872611e-04 -2.395186885800e-01)	(-2.053448550142e-04 4.516356833929e-01 -9.568660204539e-04)
24.8                	(5.764877001032e+00 2.375504761741e+00 5.699161428108e-01)	(5.764877001032e+00 2.375504761741e+00 5.699161428108e-01)	(3.138463510321e-03 -2.178393860192e-02 -8.428192468831e-04)	(-3.750299738031e-01 3.976530826861e-04 -2.271326169878e-01)	(-2.409792296807e-04 4.537609550681e-01 -4.278854618351e-04)
24.9                	(5.727638834806e+00 2.375547610043e+00 5.498958159537e-01)	(5.727638834806e+00 2.375547610043e+00 5.498958159537e-01)	(3.112036203043e-03 2.342332685789e-02 -1.001823152402e-03)	(-3.642400364064e-01 4.426903605676e-04 -1.652610886754e-01)	(-3.017635841308e-04 4.501262269806e-01 9.401611827197e-05)
25                  	(5.693150045162e+00 2.375590141758e+00 5.382779653213e-01)	(5.693150045162e+00 2.375590141758e+00 5.382779653213e-01)	(3.078372888105e-03 6.806598822630e-02 -1.095424164486e-03)	(-3.198341200585e-01 3.944104457340e-04 -6.149409380589e-02)	(-4.746887686521e-04 4.409942931229e-01 8.302673091664e-04)
25.1                	(5.664804425037e+00 2.375624275786e+00 5.383622361945e-01)	(5.664804425037e+00 2.375624275786e+00 5.383622361945e-01)	(3.018609611241e-03 1.108365269838e-01 -1.100820917086e-03)	(-2.414818148086e-01 2.834999737402e-04 6.477008075853e-02)	(-7.318956991640e-04 4.096187112016e-01 1.675369949235e-03)
25.2                	(5.645732155183e+00 2.375646314989e+00 5.510518678625e-01)	(5.645732155183e+00 2.375646314989e+00 5.510518678625e-01)	(2.920040054227e-03 1.484040965166e-01 -1.006826475745e-03)	(-1.361009876872e-01 1.582277262027e-04 1.856705002055e-01)	(-9.724711104236e-04 3.331715547275e-01 2.395828501467e-03)
25.3                	(5.638092968828e+00 2.375656813910e+00 5.743433586999e-01)	(5.638092968828e+00 2.375656813910e+00 5.743433586999e-01)	(2.786371566334e-03 1.757608745536e-01 -8.159981020992e-04)	(-1.531876697898e-02 5.762533890499e-05 2.725421092040e-01)	(-1.031987043384e-03 2.055471760211e-01 2.882324118801e-03)
25.4                	(5.642621856310e+00 2.375659474626e+00 6.037815453824e-01)	(5.642621856310e+00 2.375659474626e+00 6.037815453824e-01)	(2.640932383461e-03 1.879749811083e-01 -5.474722926062e-04)	(1.043768568887e-01 2.091761560990e-06 3.068664222606e-01)	(-8.620830143234e-04 3.231141804544e-02 3.002183527550e-03)
25.5                	(5.658423523617e+00 2.375658176522e+00 6.338121734901e-01)	(5.658423523617e+00 2.375658176522e+00 6.338121734901e-01)	(2.516207534280e-03 1.811756391637e-01 -2.375698011104e-04)	(2.080521104982e-01 -3.090721724735e-05 2.847118834814e-01)	(-4.467714777353e-04 -1.718682172364e-01 2.672427872841e-03)
25.6                	(5.683416321948e+00 2.375652858672e+00 6.592236466781e-01)	(5.683416321948e+00 2.375652858672e+00 6.592236466781e-01)	(2.447057367730e-03 1.533669146483e-01 6.734816495837e-05)	(2.874002377338e-01 -7.452730138530e-05 2.176527258804e-01)	(1.028766971021e-04 -3.825885982922e-01 1.901658881298e-03)
25.7                	(5.715016765701e+00 2.375643644547e+00 6.765997390847e-01)	(5.715016765701e+00 2.375643644547e+00 6.765997390847e-01)	(2.454197006075e-03 1.057117997869e-01 3.251321236559e-04)	(3.403851054485e-01 -1.091599667286e-04 1.282367161034e-01)	(7.121347617908e-04 -5.616452613857e-01 8.778273912159e-04)
25.8                	(5.750641398051e+00 2.375631092938e+00 6.849526270644e-01)	(5.750641398051e+00 2.375631092938e+00 6.849526270644e-01)	(2.538909648620e-03 4.333525532753e-02 5.201918378769e-04)	(3.677539916186e-01 -1.400584217358e-04 4.103210853814e-02)	(1.258468020056e-03 -6.719230761336e-01 -5.944524843177e-05)
25.9                	(5.787621178180e+00 2.375616250010e+00 6.855306718646e-01)	(5.787621178180e+00 2.375616250010e+00 6.855306718646e-01)	(2.683475233565e-03 -2.555481190732e-02 6.567659754510e-04)	(3.665762022715e-01 -1.517510700791e-04 -2.485398943032e-02)	(1.628226493865e-03 -6.892903822133e-01 -7.591049744835e-04)
26                  	(5.822791524589e+00 2.375600416072e+00 6.809877480030e-01)	(5.822791524589e+00 2.375600416072e+00 6.809877480030e-01)	(2.859067887869e-03 -9.119387821476e-02 7.342992287618e-04)	(3.304578685280e-01 -1.687579792361e-04 -6.101245645934e-02)	(1.752650043317e-03 -6.078761549826e-01 -1.303977028247e-03)
26.1                	(5.852401204450e+00 2.375581477689e+00 6.741327326020e-01)	(5.852401204450e+00 2.375581477689e+00 6.741327326020e-01)	(3.029897306759e-03 -1.443643598642e-01 7.395257318522e-04)	(2.553158183561e-01 -2.133763531124e-04 -7.319536181302e-02)	(1.622812346490e-03 -4.446794801443e-01 -1.692135956932e-03)
26.2                	(5.872729330871e+00 2.375557479595e+00 6.666525288326e-01)	(5.872729330871e+00 2.375557479595e+00 6.666525288326e-01)	(3.165470486182e-03 -1.783744713177e-01 6.615373480387e-04)	(1.467125640016e-01 -2.655586558188e-04 -7.627641656875e-02)	(1.326674199415e-03 -2.295258472886e-01 -1.931085676981e-03)
26.3                	(5.881115524267e+00 2.375529136106e+00 6.586340883940e-01)	(5.881115524267e+00 2.375529136106e+00 6.586340883940e-01)	(3.248070830236e-03 -1.897088108663e-01 4.956688603127e-04)	(1.941903548134e-02 -2.938176028667e-04 -8.649020284177e-02)	(9.336601556253e-04 2.261961002713e-03 -2.038534763712e-03)
26.4                	(5.876649023534e+00 2.375500743564e+00 6.487280852970e-01)	(5.876649023534e+00 2.375500743564e+00 6.487280852970e-01)	(3.275626816235e-03 -1.788398603563e-01 2.503909691183e-04)	(-1.070556958941e-01 -2.600186373984e-04 -1.150495573827e-01)	(5.255019436070e-04 2.070286988382e-01 -2.057193257462e-03)
26.5                	(5.860285211813e+00 2.375480565178e+00 6.350152541420e-01)	(5.860285211813e+00 2.375480565178e+00 6.350152541420e-01)	(3.260743004594e-03 -1.504123777642e-01 -4.549626628359e-05)	(-2.163864340658e-01 -1.303371067502e-04 -1.613295751607e-01)	(1.623949015826e-04 3.500405072454e-01 -1.887975507482e-03)
26.6                	(5.834252050248e+00 2.375477112052e+00 6.163548819744e-01)	(5.834252050248e+00 2.375477112052e+00 6.163548819744e-01)	(3.221906973932e-03 -1.111113604263e-01 -3.462541463786e-04)	(-2.993699046773e-01 7.015690541716e-05 -2.105280510364e-01)	(-1.323994176390e-04 4.257456102451e-01 -1.462527845803e-03)
26.7                	(5.801431634633e+00 2.375494459050e+00 5.936101329181e-01)	(5.801431634633e+00 2.375494459050e+00 5.936101329181e-01)	(3.176199960242e-03 -6.692868480339e-02 -6.066590218785e-04)	(-3.519974095452e-01 2.680842623129e-04 -2.389078094216e-01)	(-2.811976099535e-04 4.515764029413e-01 -9.044387762949e-04)
26.8                	(5.764889531882e+00 2.375528591420e+00 5.699728401471e-01)	(5.764889531882e+00 2.375528591420e+00 5.699728401471e-01)	(3.137255551292e-03 -2.161040117253e-02 -8.138104541518e-04)	(-3.736085339186e-01 4.014742558660e-04 -2.258294421232e-01)	(-2.991154557080e-04 4.526514022889e-01 -3.889543190842e-04)
26.9                	(5.727782566936e+00 2.375571826467e+00 5.500941479267e-01)	(5.727782566936e+00 2.375571826467e+00 5.500941479267e-01)	(3.106098453901e-03 2.342968275655e-02 -9.686914548675e-04)	(-3.630230967914e-01 4.462964671659e-04 -1.638495829993e-01)	(-3.366622989194e-04 4.480203651536e-01 1.208386126729e-04)
27                  	(5.693405152954e+00 2.375614653145e+00 5.385942126455e-01)	(5.693405152954e+00 2.375614653145e+00 5.385942126455e-01)	(3.070411025580e-03 6.783645139525e-02 -1.059817373865e-03)	(-3.188414715163e-01 3.969120139712e-04 -6.065754101454e-02)	(-4.775824396151e-04 4.384200334466e-01 8.311822115123e-04)
27.1                	(5.665147907425e+00 2.375649043192e+00 5.387103299437e-01)	(5.665147907425e+00 2.375649043192e+00 5.387103299437e-01)	(3.011974460236e-03 1.103688126774e-01 -1.065584093448e-03)	(-2.409624677124e-01 2.859388314575e-04 6.449324771664e-02)	(-7.038718095089e-04 4.074476028186e-01 1.643804543805e-03)
27.2                	(5.646127777204e+00 2.375671300965e+00 5.513108339639e-01)	(5.646127777204e+00 2.375671300965e+00 5.513108339639e-01)	(2.918062439537e-03 1.477819760237e-01 -9.754573869670e-04)	(-1.358367522939e-01 1.597299929229e-04 1.842054548110e-01)	(-9.212877496874e-04 3.323646333953e-01 2.337092880191e-03)
27.3                	(5.638494544202e+00 2.375681792828e+00 5.744119753448e-01)	(5.638494544202e+00 2.375681792828e+00 5.744119753448e-01)	(2.791388708559e-03 1.751297338758e-01 -7.921803232184e-04)	(-1.545207972545e-02 5.553393926909e-05 2.703594180242e-01)	(-9.734154189024e-04 2.061923292078e-01 2.793189004355e-03)
27.4                	(5.642977863673e+00 2.375683988575e+00 6.036179324125e-01)	(5.642977863673e+00 2.375683988575e+00 6.036179324125e-01)	(2.653624237263e-03 1.874658526112e-01 -5.340859152940e-04)	(1.036543606561e-01 -5.191868942239e-06 3.045128837972e-01)	(-8.097355052379e-04 3.391526260249e-02 2.897556528119e-03)
27.5                	(5.658694394065e+00 2.375681695566e+00 6.334389217664e-01)	(5.658694394065e+00 2.375681695566e+00 6.334389217664e-01)	(2.535539801794e-03 1.808667892036e-01 -2.354812362382e-04)	(2.070732066455e-01 -4.326825509755e-05 2.829795956817e-01)	(-4.130997453623e-04 -1.696916017352e-01 2.562904496027e-03)
27.6                	(5.683584691559e+00 2.375674987901e+00 6.587325997126e-01)	(5.683584691559e+00 2.375674987901e+00 6.587325997126e-01)	(2.470465724614e-03 1.532776318450e-01 5.817043474875e-05)	(2.863577301402e-01 -8.939605610741e-05 2.170889813845e-01)	(1.099327450011e-04 -3.804579502130e-01 1.789550347469e-03)
27.7                	(5.715079355372e+00 2.375664346095e+00 6.761152497881e-01)	(5.715079355372e+00 2.375664346095e+00 6.761152497881e-01)	(2.478290820869e-03 1.058248236895e-01 3.057628993159e-04)	(3.393402578745e-01 -1.230996545385e-04 1.289202158385e-01)	(6.918646864117e-04 -5.598612143453e-01 7.767418343951e-04)
27.8                	(5.750597872723e+00 2.375650562741e+00 6.845910312376e-01)	(5.750597872723e+00 2.375650562741e+00 6.845910312376e-01)	(2.560209213177e-03 4.360599838719e-02 4.927631979065e-04)	(3.666859460981e-01 -1.503226845249e-04 4.273309801704e-02)	(1.211085529717e-03 -6.705935959785e-01 -1.360538199540e-04)
27.9                	(5.787468044811e+00 2.375634826738e+00 6.853707157441e-01)	(5.787468044811e+00 2.375634826738e+00 6.853707157441e-01)	(2.698937920874e-03 -2.517759470820e-02 6.242589519159e-04)	(3.654603639594e-01 -1.597208308099e-04 -2.262804289154e-02)	(1.559129382199e-03 -6.884223274419e-01 -8.033544478159e-04)
28                  	(5.822525979831e+00 2.375618199702e+00 6.810469177690e-01)	(5.822525979831e+00 2.375618199702e+00 6.810469177690e-01)	(2.866919922054e-03 -9.076032559010e-02 6.996784965092e-04)	(3.293532079148e-01 -1.768170439899e-04 -5.896120014372e-02)	(1.675128514441e-03 -6.076020299056e-01 -1.313668388829e-03)
