# Motion State      
# Angle Units       : radians
# Time              	centreOfRotation	centreOfMass	rotation	velocity	omega
0.1                 	(5.750155862856e+00 2.374997252189e+00 5.954100317270e-01)	(5.750155862856e+00 2.374997252189e+00 5.954100317270e-01)	(9.960358922822e-05 1.514888334877e-03 -4.470134670363e-07)	(3.335749720103e-03 -4.975400811016e-05 -1.983500248042e-01)	(3.177096502396e-03 3.805510304946e-02 -2.058698103208e-05)
0.2                 	(5.750585676608e+00 2.374993343825e+00 5.812826120841e-01)	(5.750585676608e+00 2.374993343825e+00 5.812826120841e-01)	(6.082830991060e-04 6.797567742787e-03 -7.724294052380e-06)	(4.872773793677e-03 -2.385623015604e-05 -8.033343931994e-02)	(6.769898464027e-03 6.198492804917e-02 -1.075431752121e-04)
0.3                 	(5.751081477786e+00 2.374990258636e+00 5.794850666686e-01)	(5.751081477786e+00 2.374990258636e+00 5.794850666686e-01)	(1.404836421902e-03 1.274771164316e-02 -2.976228866753e-05)	(4.932053122839e-03 -6.338316885943e-05 4.216848417276e-02)	(8.895767358825e-03 5.158156015075e-02 -1.998971128595e-04)
0.4                 	(5.751560038895e+00 2.374975265469e+00 5.890402833670e-01)	(5.751560038895e+00 2.374975265469e+00 5.890402833670e-01)	(2.333638703936e-03 1.665607831339e-02 -5.613940355589e-05)	(4.589414380265e-03 -2.534963466974e-04 1.426224990556e-01)	(9.382828346688e-03 2.490801306613e-02 -1.796717966564e-04)
0.5                 	(5.751975089767e+00 2.374939184671e+00 6.061376377033e-01)	(5.751975089767e+00 2.374939184671e+00 6.061376377033e-01)	(3.228396239255e-03 1.729279738016e-02 -7.571081907854e-05)	(3.563237336928e-03 -4.567261697928e-04 1.884679456569e-01)	(8.280468174335e-03 -1.356325046866e-02 -2.069900232396e-04)
0.6                 	(5.752247146194e+00 2.374888982942e+00 6.244974835328e-01)	(5.752247146194e+00 2.374888982942e+00 6.244974835328e-01)	(3.954803590775e-03 1.391053156825e-02 -9.149410273436e-05)	(1.800394554688e-03 -5.119000754557e-04 1.683884610105e-01)	(6.108930078727e-03 -5.250535913900e-02 -3.610786459248e-04)
0.7                 	(5.752347190971e+00 2.374844082335e+00 6.382902710673e-01)	(5.752347190971e+00 2.374844082335e+00 6.382902710673e-01)	(4.427315059281e-03 7.657247144692e-03 -1.039601617676e-04)	(4.329012357930e-04 -3.532133653847e-04 1.017795883302e-01)	(3.247675602780e-03 -6.706763053539e-02 -3.919653626332e-04)
0.8                 	(5.752388362498e+00 2.374824521741e+00 6.439588829014e-01)	(5.752388362498e+00 2.374824521741e+00 6.439588829014e-01)	(4.594087285611e-03 1.412294064934e-03 -1.123242236661e-04)	(6.817847478663e-04 -1.425843817569e-05 9.081881734603e-03)	(7.875182553938e-05 -5.402013065182e-02 -3.271922581805e-04)
0.9                 	(5.752543019546e+00 2.374841664746e+00 6.401397454305e-01)	(5.752543019546e+00 2.374841664746e+00 6.401397454305e-01)	(4.453629924719e-03 -2.538271207902e-03 -1.196727995479e-04)	(2.589086697359e-03 3.389392498194e-04 -8.219045648007e-02)	(-2.776588487880e-03 -2.294385426462e-02 -1.731771692177e-04)
1                   	(5.752919019920e+00 2.374886953873e+00 6.288016722518e-01)	(5.752919019920e+00 2.374886953873e+00 6.288016722518e-01)	(4.065129171031e-03 -2.828678036302e-03 -1.270415763274e-04)	(4.825774519290e-03 5.358354775413e-04 -1.361119365590e-01)	(-4.846564877413e-03 1.784595925628e-02 -3.322494203067e-06)
1.1                 	(5.753453420759e+00 2.374945506980e+00 6.146394691258e-01)	(5.753453420759e+00 2.374945506980e+00 6.146394691258e-01)	(3.513240892855e-03 7.416586185596e-04 -1.328067738591e-04)	(5.468048283543e-03 6.213976536717e-04 -1.391623717990e-01)	(-6.043024042966e-03 5.002643579055e-02 1.429613763185e-04)
1.2                 	(5.753931779053e+00 2.375007696964e+00 6.023191215343e-01)	(5.753931779053e+00 2.375007696964e+00 6.023191215343e-01)	(2.890688911592e-03 6.219237679416e-03 -1.361270952032e-04)	(3.743830024238e-03 6.020370622554e-04 -1.016661546617e-01)	(-6.222081799567e-03 5.438676016648e-02 1.238854974792e-04)
1.3                 	(5.754150698354e+00 2.375062945724e+00 5.952185376866e-01)	(5.754150698354e+00 2.375062945724e+00 5.952185376866e-01)	(2.301665356302e-03 1.084830453786e-02 -1.387669508726e-04)	(4.665494302632e-04 4.917575673945e-04 -3.708156346585e-02)	(-5.413741742505e-03 3.563424771623e-02 6.046145783253e-05)
1.4                 	(5.754013184589e+00 2.375105181688e+00 5.951390641073e-01)	(5.754013184589e+00 2.375105181688e+00 5.951390641073e-01)	(1.834370513216e-03 1.299429546678e-02 -1.405000495691e-04)	(-3.229213538208e-03 3.576132614496e-04 3.424713810262e-02)	(-3.826067643079e-03 6.050592840391e-03 7.908972448373e-06)
1.5                 	(5.753509935345e+00 2.375136036690e+00 6.013819408280e-01)	(5.753509935345e+00 2.375136036690e+00 6.013819408280e-01)	(1.550156696765e-03 1.197791947374e-02 -1.373740450924e-04)	(-6.758332624070e-03 2.673007630889e-04 8.565279535270e-02)	(-1.818430486487e-03 -2.560431248043e-02 3.852158948713e-05)
1.6                 	(5.752694685233e+00 2.375159699901e+00 6.111673911502e-01)	(5.752694685233e+00 2.375159699901e+00 6.111673911502e-01)	(1.472189927711e-03 8.364148357431e-03 -1.240253991050e-04)	(-9.292721091075e-03 2.078407318717e-04 1.044977136911e-01)	(2.480483066797e-04 -4.276550610244e-02 1.108271484422e-04)
1.7                 	(5.751717466062e+00 2.375178341873e+00 6.211976565495e-01)	(5.751717466062e+00 2.375178341873e+00 6.211976565495e-01)	(1.591201483060e-03 4.273093154140e-03 -1.064489143550e-04)	(-9.833387108578e-03 1.694996841922e-04 9.076672025983e-02)	(2.068552393346e-03 -3.513828524267e-02 1.252905076999e-04)
1.8                 	(5.750814214147e+00 2.375194330815e+00 6.283565102786e-01)	(5.750814214147e+00 2.375194330815e+00 6.283565102786e-01)	(1.870621886156e-03 1.903316643727e-03 -8.502803919552e-05)	(-7.769255755582e-03 1.505674291366e-04 4.846684512544e-02)	(3.440161131146e-03 -1.030808054197e-02 2.282884904104e-04)
1.9                 	(5.750243586775e+00 2.375208623943e+00 6.304366566585e-01)	(5.750243586775e+00 2.375208623943e+00 6.304366566585e-01)	(2.260859869651e-03 2.447554642250e-03 -5.996077475503e-05)	(-3.323550239758e-03 1.386042688721e-04 -7.063461724854e-03)	(4.258924724887e-03 2.162738941911e-02 2.882457080006e-04)
2                   	(5.750189109835e+00 2.375223713953e+00 6.272956695371e-01)	(5.750189109835e+00 2.375223713953e+00 6.272956695371e-01)	(2.697051566386e-03 6.067712245483e-03 -3.873005251302e-05)	(2.319052359268e-03 1.722370079564e-04 -5.255239652582e-02)	(4.348204245715e-03 4.854385423053e-02 3.089277297689e-04)
2.1                 	(5.750698287995e+00 2.375244764060e+00 6.207203865822e-01)	(5.750698287995e+00 2.375244764060e+00 6.207203865822e-01)	(3.106945649202e-03 1.141550702729e-02 -2.455619896543e-05)	(7.740351616472e-03 2.525617046242e-04 -7.456454556395e-02)	(3.749904630495e-03 5.376485717560e-02 2.788550160773e-04)
2.2                 	(5.751702665757e+00 2.375273889958e+00 6.133131540563e-01)	(5.751702665757e+00 2.375273889958e+00 6.133131540563e-01)	(3.429552111623e-03 1.589944127160e-02 -1.709566075781e-05)	(1.215947803968e-02 3.207887038943e-04 -6.884521798139e-02)	(2.638383635105e-03 3.204697917939e-02 1.375540730249e-04)
2.3                 	(5.753089725348e+00 2.375306488512e+00 6.078052488119e-01)	(5.753089725348e+00 2.375306488512e+00 6.078052488119e-01)	(3.624356218502e-03 1.728390814348e-02 -1.832277633627e-05)	(1.533224136186e-02 3.194827810414e-04 -3.795082379922e-02)	(1.221285048627e-03 -5.944095782570e-03 -5.774297964713e-05)
2.4                 	(5.754706925638e+00 2.375336077071e+00 6.061059622905e-01)	(5.754706925638e+00 2.375336077071e+00 6.061059622905e-01)	(3.670596253681e-03 1.458466048376e-02 -2.230455972239e-05)	(1.660139557603e-02 2.656609128308e-04 4.347912920746e-03)	(-2.919438207851e-04 -4.772923054828e-02 -2.116627323944e-04)
2.5                 	(5.756315377329e+00 2.375359153975e+00 6.084934213639e-01)	(5.756315377329e+00 2.375359153975e+00 6.084934213639e-01)	(3.571903107867e-03 8.071288329040e-03 -2.573263894634e-05)	(1.504545025440e-02 1.986353535393e-04 4.141907763733e-02)	(-1.639398951050e-03 -7.943653951379e-02 -3.129814656243e-04)
2.6                 	(5.757608339138e+00 2.375377220638e+00 6.138379324017e-01)	(5.757608339138e+00 2.375377220638e+00 6.138379324017e-01)	(3.353544737728e-03 -4.583646246809e-04 -2.958552271088e-05)	(1.029959966484e-02 1.742031887088e-04 6.205075250589e-02)	(-2.665490091955e-03 -8.633980707972e-02 -3.286715796579e-04)
2.7                 	(5.758285536013e+00 2.375396279173e+00 6.201022655404e-01)	(5.758285536013e+00 2.375396279173e+00 6.201022655404e-01)	(3.053580597012e-03 -8.255775871155e-03 -3.432615405905e-05)	(2.884384869606e-03 2.154308114380e-04 5.895257415094e-02)	(-3.249008960605e-03 -6.547701723153e-02 -2.541606358304e-04)
2.8                 	(5.758133391030e+00 2.375420507555e+00 6.248256532914e-01)	(5.758133391030e+00 2.375420507555e+00 6.248256532914e-01)	(2.722372778187e-03 -1.287568898380e-02 -4.085172919269e-05)	(-6.023233497281e-03 2.628753064701e-04 3.214437608372e-02)	(-3.272098705967e-03 -2.414914847916e-02 -1.405717567615e-04)
2.9                 	(5.757083616916e+00 2.375447779477e+00 6.260608883960e-01)	(5.757083616916e+00 2.375447779477e+00 6.260608883960e-01)	(2.418191177022e-03 -1.272544428855e-02 -4.870179751221e-05)	(-1.488858245243e-02 2.759087010936e-04 -8.598964487503e-03)	(-2.724645051270e-03 2.788301503864e-02 -1.110298819297e-05)
3                   	(5.755196371163e+00 2.375475023868e+00 6.231391862298e-01)	(5.755196371163e+00 2.375475023868e+00 6.231391862298e-01)	(2.193199403742e-03 -7.463866094722e-03 -5.729269404912e-05)	(-2.261253795965e-02 2.721693238239e-04 -4.849706783662e-02)	(-1.717762265539e-03 7.503778243106e-02 7.088137342727e-05)
3.1                 	(5.752638758425e+00 2.375502953443e+00 6.168547803238e-01)	(5.752638758425e+00 2.375502953443e+00 6.168547803238e-01)	(2.082068654479e-03 1.590070167327e-03 -6.602239659549e-05)	(-2.803100553832e-02 2.859755070765e-04 -7.377165220099e-02)	(-4.805303232946e-04 1.018771357789e-01 1.383889310524e-04)
3.2                 	(5.749723612895e+00 2.375531419054e+00 6.092203660080e-01)	(5.749723612895e+00 2.375531419054e+00 6.092203660080e-01)	(2.098453279001e-03 1.204449461099e-02 -7.098557562178e-05)	(-2.945784238369e-02 2.754570131108e-04 -7.432679131665e-02)	(7.999004103706e-04 1.030438276371e-01 1.938317252273e-04)
3.3                 	(5.746936181830e+00 2.375556472136e+00 6.028774624455e-01)	(5.746936181830e+00 2.375556472136e+00 6.028774624455e-01)	(2.237005776058e-03 2.143303276899e-02 -7.175716781431e-05)	(-2.524651673167e-02 2.198168658840e-04 -4.864042439215e-02)	(1.927380524101e-03 8.133889692450e-02 1.722846292601e-04)
3.4                 	(5.744888718327e+00 2.375574993905e+00 6.000819545062e-01)	(5.744888718327e+00 2.375574993905e+00 6.000819545062e-01)	(2.471875152973e-03 2.775709607690e-02 -7.175511488450e-05)	(-1.467282799756e-02 1.502220867551e-04 -5.373345190591e-03)	(2.696854298869e-03 4.320812318172e-02 1.073075218299e-04)
3.5                 	(5.744178049323e+00 2.375586754196e+00 6.019641588994e-01)	(5.744178049323e+00 2.375586754196e+00 6.019641588994e-01)	(2.759709764660e-03 2.986231585168e-02 -7.247967188551e-05)	(1.093726539209e-03 8.568513001595e-05 4.264580163175e-02)	(2.970074393087e-03 -1.211161831915e-03 -1.241114004694e-05)
3.6                 	(5.745178927221e+00 2.375592535752e+00 6.083067441477e-01)	(5.745178927221e+00 2.375592535752e+00 6.083067441477e-01)	(3.047946047775e-03 2.762665432940e-02 -7.320004592111e-05)	(1.890809831285e-02 3.380922768945e-05 8.149520215035e-02)	(2.706298677777e-03 -4.243316828871e-02 -1.290330828646e-04)
3.7                 	(5.747890328621e+00 2.375594689562e+00 6.175280262033e-01)	(5.747890328621e+00 2.375594689562e+00 6.175280262033e-01)	(3.285624281532e-03 2.163832913809e-02 -6.955900540993e-05)	(3.463807465484e-02 1.449013645189e-05 9.848294608121e-02)	(1.988346759997e-03 -7.574579697300e-02 -1.690704334912e-04)
3.8                 	(5.751922061770e+00 2.375596026327e+00 6.270703923892e-01)	(5.751922061770e+00 2.375596026327e+00 6.270703923892e-01)	(3.437646525543e-03 1.283854111686e-02 -5.603427045549e-05)	(4.484241071090e-02 1.195703262002e-05 8.778623744927e-02)	(1.039104102832e-03 -9.820016539567e-02 -1.486876357667e-04)
3.9                 	(5.756594698690e+00 2.375597358241e+00 6.342553073251e-01)	(5.756594698690e+00 2.375597358241e+00 6.342553073251e-01)	(3.491211865722e-03 2.448844182303e-03 -3.297382742459e-05)	(4.715986261275e-02 1.651184708188e-05 5.237553965689e-02)	(3.934420812259e-05 -1.072184678429e-01 -9.594797417576e-05)
4                   	(5.761055413344e+00 2.375600641895e+00 6.370037364902e-01)	(5.761055413344e+00 2.375600641895e+00 6.370037364902e-01)	(3.447608071442e-03 -8.103894695690e-03 -3.387612569179e-06)	(4.059773647357e-02 5.620785541735e-05 9.170032020718e-04)	(-8.931195686346e-04 -1.011161804658e-01 -4.079173653447e-05)
4.1                 	(5.764439697247e+00 2.375609832345e+00 6.343569610840e-01)	(5.764439697247e+00 2.375609832345e+00 6.343569610840e-01)	(3.319826246410e-03 -1.720163054491e-02 2.682931671557e-05)	(2.588774274124e-02 1.311895766556e-04 -5.291561453580e-02)	(-1.623921811001e-03 -7.780562747978e-02 2.314857426086e-05)
4.2                 	(5.766040084727e+00 2.375627066662e+00 6.268664318148e-01)	(5.766040084727e+00 2.375627066662e+00 6.268664318148e-01)	(3.134200006845e-03 -2.307505369347e-02 4.830398888977e-05)	(5.415836939856e-03 2.089268314283e-04 -9.358869967009e-02)	(-2.037812451135e-03 -3.698592389757e-02 1.146294049843e-05)
4.3                 	(5.765442626775e+00 2.375649822834e+00 6.164496210832e-01)	(5.765442626775e+00 2.375649822834e+00 6.164496210832e-01)	(2.925640166245e-03 -2.417988337043e-02 4.945581732322e-05)	(-1.745492866817e-02 2.339279795676e-04 -1.102396425607e-01)	(-2.068325848354e-03 1.620786719980e-02 -6.377505495739e-05)
4.4                 	(5.762597037791e+00 2.375671067358e+00 6.057379640125e-01)	(5.762597037791e+00 2.375671067358e+00 6.057379640125e-01)	(2.733349555251e-03 -1.974040766979e-02 2.958454135876e-05)	(-3.884632928400e-02 1.816412750646e-04 -9.950020362365e-02)	(-1.712775795660e-03 7.219292132649e-02 -6.174087467387e-05)
4.5                 	(5.757861257274e+00 2.375685042363e+00 5.973588198461e-01)	(5.757861257274e+00 2.375685042363e+00 5.973588198461e-01)	(2.591206329157e-03 -9.994938574559e-03 2.235401024099e-06)	(-5.453884827003e-02 9.989894744130e-05 -6.465928760555e-02)	(-1.096473280463e-03 1.205872220293e-01 3.635893196617e-05)
4.6                 	(5.752009147033e+00 2.375692451675e+00 5.933117082044e-01)	(5.752009147033e+00 2.375692451675e+00 5.933117082044e-01)	(2.515239699374e-03 3.749140837792e-03 -2.326070959671e-05)	(-6.062200533001e-02 5.497200684414e-05 -1.480218788676e-02)	(-4.196551664633e-04 1.502617241855e-01 1.401492419155e-04)
4.7                 	(5.746130315913e+00 2.375696928865e+00 5.944730302866e-01)	(5.746130315913e+00 2.375696928865e+00 5.944730302866e-01)	(2.506804875282e-03 1.910016330029e-02 -4.640001325380e-05)	(-5.496777794477e-02 3.557891898846e-05 3.731291030121e-02)	(2.383508096117e-04 1.515146749076e-01 1.505214273193e-04)
4.8                 	(5.741395175582e+00 2.375699364315e+00 6.004382472278e-01)	(5.741395175582e+00 2.375699364315e+00 6.004382472278e-01)	(2.560889196781e-03 3.298013275982e-02 -7.057086646238e-05)	(-3.802896072155e-02 1.004564292166e-05 7.943791975932e-02)	(8.094725343674e-04 1.209304495661e-01 4.583160703583e-05)
4.9                 	(5.738810220994e+00 2.375698209585e+00 6.097348233907e-01)	(5.738810220994e+00 2.375698209585e+00 6.097348233907e-01)	(2.665518612606e-03 4.236795468605e-02 -9.991821013549e-05)	(-1.260250620429e-02 -3.443574538212e-05 1.027949182814e-01)	(1.230547577295e-03 6.288951049226e-02 -1.578419386071e-04)
5                   	(5.738978251986e+00 2.375692625568e+00 6.201782348366e-01)	(5.738978251986e+00 2.375692625568e+00 6.201782348366e-01)	(2.802590073508e-03 4.496680283506e-02 -1.332948385121e-04)	(1.623961545634e-02 -7.276476839134e-05 1.022477621120e-01)	(1.443741771255e-03 -1.273474060349e-02 -3.390389624104e-04)
5.1                 	(5.741979769880e+00 2.375685234302e+00 6.294403958478e-01)	(5.741979769880e+00 2.375685234302e+00 6.294403958478e-01)	(2.947791679019e-03 3.972109935430e-02 -1.528304103634e-04)	(4.301510434247e-02 -6.703875589510e-05 7.977812104312e-02)	(1.398459487442e-03 -9.132049491355e-02 -3.334235319985e-04)
5.2                 	(5.747337083389e+00 2.375680415830e+00 6.356079067372e-01)	(5.747337083389e+00 2.375680415830e+00 6.356079067372e-01)	(3.075011784579e-03 2.716148334271e-02 -1.452902030007e-04)	(6.267494113215e-02 -2.690883825592e-05 4.169522172900e-02)	(1.117631159862e-03 -1.563491777829e-01 -2.723040374873e-04)
5.3                 	(5.754147101289e+00 2.375679907398e+00 6.375731292804e-01)	(5.754147101289e+00 2.375679907398e+00 6.375731292804e-01)	(3.165403397545e-03 9.432240900075e-03 -1.137931605634e-04)	(7.154503934340e-02 1.420122603297e-05 -2.579786443805e-03)	(6.835599056328e-04 -1.922953362540e-01 -2.044819525638e-04)
5.4                 	(5.761213499839e+00 2.375682305661e+00 6.352229375152e-01)	(5.761213499839e+00 2.375682305661e+00 6.352229375152e-01)	(3.209384584398e-03 -9.969912367145e-03 -6.858343862035e-05)	(6.759778497495e-02 2.718829893506e-05 -4.303332129449e-02)	(1.934584368677e-04 -1.887772428059e-01 -1.277959124549e-04)
5.5                 	(5.767233630547e+00 2.375684112281e+00 6.293729015876e-01)	(5.767233630547e+00 2.375684112281e+00 6.293729015876e-01)	(3.206340903752e-03 -2.694931940998e-02 -2.224839697230e-05)	(5.075826995314e-02 4.874722238171e-06 -7.157352506667e-02)	(-2.610810029149e-04 -1.445588072813e-01 -3.224766364655e-05)
5.6                 	(5.771000480994e+00 2.375683292573e+00 6.214298140056e-01)	(5.771000480994e+00 2.375683292573e+00 6.214298140056e-01)	(3.161452167894e-03 -3.784483794504e-02 1.579066635242e-05)	(2.308857766771e-02 -1.794374603585e-05 -8.459326760177e-02)	(-6.502550274344e-04 -6.943247830287e-02 1.117505778247e-04)
5.7                 	(5.771637582022e+00 2.375681357676e+00 6.129780201722e-01)	(5.771637582022e+00 2.375681357676e+00 6.129780201722e-01)	(3.081304758135e-03 -4.033690195619e-02 4.436481948235e-05)	(-1.089694743001e-02 -1.695250200612e-05 -8.197867064276e-02)	(-9.593741337340e-04 2.057834635813e-02 2.950078049614e-04)
5.8                 	(5.768809276800e+00 2.375680094693e+00 6.054648778730e-01)	(5.768809276800e+00 2.375680094693e+00 6.054648778730e-01)	(2.975639204756e-03 -3.382859844925e-02 5.937389956708e-05)	(-4.506749689102e-02 -9.892628981779e-06 -6.644170618602e-02)	(-1.137957966945e-03 1.076401847878e-01 3.770214399613e-04)
5.9                 	(5.762857142554e+00 2.375678632833e+00 5.999991301978e-01)	(5.762857142554e+00 2.375678632833e+00 5.999991301978e-01)	(2.860715850179e-03 -1.948722789965e-02 5.529561350277e-05)	(-7.231322536465e-02 -2.263736509061e-05 -4.171129510991e-02)	(-1.123996413627e-03 1.745477121158e-01 3.684412299506e-04)
6                   	(5.754764148140e+00 2.375675296178e+00 5.972787229533e-01)	(5.754764148140e+00 2.375675296178e+00 5.972787229533e-01)	(2.756866073704e-03 -4.240390195300e-05 3.560669664788e-05)	(-8.710302495936e-02 -4.354898239036e-05 -1.226565293239e-02)	(-9.234766982574e-04 2.081522476118e-01 3.221629884517e-04)
6.1                 	(5.745975820485e+00 2.375670287165e+00 5.975723247370e-01)	(5.745975820485e+00 2.375670287165e+00 5.975723247370e-01)	(2.680445243976e-03 2.085709147867e-02 7.360426727777e-06)	(-8.585695139173e-02 -5.375513535289e-05 1.802790831584e-02)	(-5.938085557817e-04 2.035299584067e-01 2.446102082493e-04)
6.2                 	(5.738152220987e+00 2.375665262648e+00 6.008131969546e-01)	(5.738152220987e+00 2.375665262648e+00 6.008131969546e-01)	(2.641520597880e-03 3.946579668241e-02 -2.202061332514e-05)	(-6.795262474899e-02 -4.387582856105e-05 4.610431251777e-02)	(-1.968130911040e-04 1.631237252054e-01 1.536876621482e-04)
6.3                 	(5.732867424274e+00 2.375661855295e+00 6.066051387649e-01)	(5.732867424274e+00 2.375661855295e+00 6.066051387649e-01)	(2.643277297476e-03 5.252197844164e-02 -4.748180159719e-05)	(-3.575205415744e-02 -2.467782625244e-05 6.852144456922e-02)	(2.006764259355e-04 9.418497806132e-02 1.956462202057e-05)
6.4                 	(5.731295243052e+00 2.375660057472e+00 6.142141203072e-01)	(5.731295243052e+00 2.375660057472e+00 6.142141203072e-01)	(2.681490026663e-03 5.773191308645e-02 -6.734045501825e-05)	(5.143891818761e-03 -1.446672877621e-05 8.186166647190e-02)	(5.264546247857e-04 8.274504849290e-03 -1.403186824518e-04)
6.5                 	(5.733926325546e+00 2.375658199692e+00 6.225743365582e-01)	(5.733926325546e+00 2.375658199692e+00 6.225743365582e-01)	(2.746933105195e-03 5.404385692609e-02 -7.855614703239e-05)	(4.698179535745e-02 -2.501556678194e-05 8.318688352139e-02)	(7.512875861925e-04 -8.167568035079e-02 -2.770165514686e-04)
6.6                 	(5.740424644581e+00 2.375654880010e+00 6.303806475204e-01)	(5.740424644581e+00 2.375654880010e+00 6.303806475204e-01)	(2.827914995732e-03 4.167071342412e-02 -7.551823486131e-05)	(8.115576205965e-02 -3.971335583792e-05 7.061254903160e-02)	(8.484510391760e-04 -1.634072201636e-01 -3.371040895127e-04)
6.7                 	(5.749665768708e+00 2.375650626734e+00 6.362554121845e-01)	(5.749665768708e+00 2.375650626734e+00 6.362554121845e-01)	(2.911400363428e-03 2.205241446925e-02 -5.245437366792e-05)	(1.007296559688e-01 -4.397918393016e-05 4.488042786674e-02)	(8.167963102105e-04 -2.243246101588e-01 -3.197022021155e-04)
6.8                 	(5.759937917079e+00 2.375646334058e+00 6.390224894176e-01)	(5.759937917079e+00 2.375646334058e+00 6.390224894176e-01)	(2.986930504722e-03 -2.035508327963e-03 -9.573761633717e-06)	(1.014097786931e-01 -4.059831121839e-05 9.212461510302e-03)	(6.856836784702e-04 -2.508228555007e-01 -2.284712396419e-04)
6.9                 	(5.769299499749e+00 2.375642645320e+00 6.379407980241e-01)	(5.769299499749e+00 2.375642645320e+00 6.379407980241e-01)	(3.046460613561e-03 -2.654129190660e-02 4.818508307336e-05)	(8.281464955555e-02 -3.356591680954e-05 -3.114848056538e-02)	(4.781044277208e-04 -2.310842846606e-01 -9.513483733860e-05)
7                   	(5.775977530105e+00 2.375639569548e+00 6.328655919495e-01)	(5.775977530105e+00 2.375639569548e+00 6.328655919495e-01)	(3.083863884082e-03 -4.656963348948e-02 1.058208237045e-04)	(4.854100375575e-02 -2.779761579627e-05 -6.943978003298e-02)	(2.215453473520e-04 -1.613523832915e-01 1.571950196653e-06)
7.1                 	(5.778670890466e+00 2.375637033615e+00 6.243451322234e-01)	(5.778670890466e+00 2.375637033615e+00 6.243451322234e-01)	(3.094317082753e-03 -5.746893552417e-02 1.408732260165e-04)	(4.462022084663e-03 -2.173988371372e-05 -9.879305811809e-02)	(-4.782261387069e-05 -5.133733074439e-02 1.587818289485e-05)
7.2                 	(5.776820433538e+00 2.375635502624e+00 6.136464960815e-01)	(5.776820433538e+00 2.375635502624e+00 6.136464960815e-01)	(3.076157374360e-03 -5.618981422377e-02 1.388639197044e-04)	(-4.113535568071e-02 -7.176670967941e-06 -1.121221882464e-01)	(-3.101379739816e-04 7.793225299228e-02 2.976259131666e-05)
7.3                 	(5.770675185769e+00 2.375635912045e+00 6.026355564252e-01)	(5.770675185769e+00 2.375635912045e+00 6.026355564252e-01)	(3.031189863908e-03 -4.219439657039e-02 1.013506704925e-04)	(-8.013495643447e-02 1.346079818106e-05 -1.044494324672e-01)	(-5.441254256452e-04 1.979734592391e-01 7.705939291293e-05)
7.4                 	(5.761255446901e+00 2.375637616982e+00 5.935057170523e-01)	(5.761255446901e+00 2.375637616982e+00 5.935057170523e-01)	(2.966591725866e-03 -1.792990693903e-02 3.949163852877e-05)	(-1.056310375485e-01 1.372083606945e-05 -7.460104506673e-02)	(-6.872810634415e-04 2.790489467000e-01 1.385337307825e-04)
7.5                 	(5.750174806453e+00 2.375637876185e+00 5.883275691913e-01)	(5.750174806453e+00 2.375637876185e+00 5.883275691913e-01)	(2.896076771369e-03 1.171761459018e-02 -3.321050643168e-05)	(-1.124975600124e-01 -8.295782684124e-06 -2.647777194485e-02)	(-7.032868104558e-04 3.034523330399e-01 1.220051422424e-04)
7.6                 	(5.739474181739e+00 2.375636511639e+00 5.885536904571e-01)	(5.739474181739e+00 2.375636511639e+00 5.885536904571e-01)	(2.830169521184e-03 4.065031766347e-02 -1.106290965390e-04)	(-9.786134866025e-02 -1.385754356441e-05 3.185467012757e-02)	(-6.498801020366e-04 2.650081095579e-01 -1.976991468448e-05)
7.7                 	(5.731301435137e+00 2.375635827030e+00 5.946539535444e-01)	(5.731301435137e+00 2.375635827030e+00 5.946539535444e-01)	(2.773361354338e-03 6.286909231873e-02 -1.806050749680e-04)	(-6.246057682483e-02 6.023896445771e-07 8.881881472925e-02)	(-5.511698843399e-04 1.717428159326e-01 -1.183340346910e-04)
7.8                 	(5.727495076832e+00 2.375636145944e+00 6.058478023326e-01)	(5.727495076832e+00 2.375636145944e+00 6.058478023326e-01)	(2.728545864761e-03 7.387945394764e-02 -2.245505409967e-04)	(-1.202893368969e-02 3.122297399061e-06 1.315578009714e-01)	(-3.971646968419e-04 4.501257493012e-02 -1.456603532505e-04)
7.9                 	(5.729041278221e+00 2.375636126501e+00 6.201003052702e-01)	(5.729041278221e+00 2.375636126501e+00 6.201003052702e-01)	(2.698578344546e-03 7.160578496684e-02 -2.339993610013e-04)	(4.273123966905e-02 -3.985609180062e-06 1.486120618011e-01)	(-2.120134633962e-04 -8.984237842081e-02 -1.715301497279e-04)
8                   	(5.735781946702e+00 2.375635225064e+00 6.345098090580e-01)	(5.735781946702e+00 2.375635225064e+00 6.345098090580e-01)	(2.686504223186e-03 5.641552237604e-02 -2.116499432120e-04)	(9.001210401202e-02 -1.468107865863e-05 1.343234736910e-01)	(6.056487003951e-06 -2.096829786619e-01 -1.816679930595e-04)
8.1                 	(5.746465064983e+00 2.375633364534e+00 6.459750046221e-01)	(5.746465064983e+00 2.375633364534e+00 6.459750046221e-01)	(2.697198363803e-03 3.083414930926e-02 -1.563830968248e-04)	(1.202792442588e-01 -1.966594777911e-05 9.066942760286e-02)	(2.539432451533e-04 -2.950764218235e-01 -6.973155732945e-05)
8.2                 	(5.759061928387e+00 2.375631873677e+00 6.519469843895e-01)	(5.759061928387e+00 2.375631873677e+00 6.519469843895e-01)	(2.732685134870e-03 -9.018249331066e-04 -6.727516063642e-05)	(1.276453290543e-01 -8.860638218866e-06 2.633382954626e-02)	(4.748323136095e-04 -3.298255877377e-01 1.384637249668e-04)
8.3                 	(5.771189709170e+00 2.375631716284e+00 6.509964114286e-01)	(5.771189709170e+00 2.375631716284e+00 6.509964114286e-01)	(2.791203588860e-03 -3.302853862923e-02 4.608973887221e-05)	(1.110910063681e-01 6.459792174776e-06 -4.536133213123e-02)	(6.439124819718e-04 -3.015087284840e-01 3.478452689643e-04)
8.4                 	(5.780570303107e+00 2.375632500723e+00 6.431205979206e-01)	(5.780570303107e+00 2.375632500723e+00 6.431205979206e-01)	(2.866912160686e-03 -5.907428412978e-02 1.574795243815e-04)	(7.347193402257e-02 7.427420394024e-06 -1.097052408665e-01)	(7.549176025597e-04 -2.096291230711e-01 3.698266709961e-04)
8.5                 	(5.785396753900e+00 2.375633275677e+00 6.297637580187e-01)	(5.785396753900e+00 2.375633275677e+00 6.297637580187e-01)	(2.948875457071e-03 -7.337188054318e-02 2.312678244472e-04)	(2.131149953659e-02 6.088636714199e-06 -1.529585551390e-01)	(7.691260543978e-04 -7.062102834194e-02 2.550533894732e-04)
8.6                 	(5.784631211772e+00 2.375633530099e+00 6.135407364527e-01)	(5.784631211772e+00 2.375633530099e+00 6.135407364527e-01)	(3.022699037308e-03 -7.259749910316e-02 2.462912810862e-04)	(-3.680663622759e-02 1.176429505654e-06 -1.660382255194e-01)	(6.595011203912e-04 8.628568057575e-02 1.006532269048e-04)
8.7                 	(5.778182186262e+00 2.375633032814e+00 5.976829118057e-01)	(5.778182186262e+00 2.375633032814e+00 5.976829118057e-01)	(3.075208217853e-03 -5.665016638277e-02 2.021467998554e-04)	(-9.059506590012e-02 -1.700699015524e-05 -1.456548431343e-01)	(4.346524984423e-04 2.273155452225e-01 -7.444352254812e-06)
8.8                 	(5.766999057060e+00 2.375629472564e+00 5.853960842033e-01)	(5.766999057060e+00 2.375629472564e+00 5.853960842033e-01)	(3.100304628224e-03 -2.862613028595e-02 1.107628010937e-04)	(-1.297036382877e-01 -5.307639852184e-05 -9.579368677660e-02)	(1.301400682975e-04 3.237299642790e-01 -7.387976555936e-05)
8.9                 	(5.753031571587e+00 2.375623532812e+00 5.791946444560e-01)	(5.753031571587e+00 2.375623532812e+00 5.791946444560e-01)	(3.092710462285e-03 5.980628257332e-03 -6.961346379277e-06)	(-1.451467136361e-01 -6.176066135809e-05 -2.597813289641e-02)	(-2.649283811931e-04 3.573831089855e-01 -1.450515573538e-04)
9                   	(5.738904719413e+00 2.375617002357e+00 5.804142204987e-01)	(5.738904719413e+00 2.375617002357e+00 5.804142204987e-01)	(3.049987525825e-03 4.053999363192e-02 -1.339346495421e-04)	(-1.326340742195e-01 -7.038073627817e-05 5.023475005971e-02)	(-6.366135624101e-04 3.229475912929e-01 -2.637416537876e-04)
9.1                 	(5.727412923776e+00 2.375609464088e+00 5.889587479775e-01)	(5.727412923776e+00 2.375609464088e+00 5.889587479775e-01)	(2.977893703811e-03 6.850831217294e-02 -2.482025448218e-04)	(-9.305863583152e-02 -7.864134621406e-05 1.179511879384e-01)	(-9.140583893562e-04 2.278277186727e-01 -3.155236531143e-04)
9.2                 	(5.720972356825e+00 2.375601794511e+00 6.032447608708e-01)	(5.720972356825e+00 2.375601794511e+00 6.032447608708e-01)	(2.882604866038e-03 8.476714503793e-02 -3.273564001892e-04)	(-3.339687139755e-02 -6.957249196216e-05 1.629524411720e-01)	(-1.097202164990e-03 9.275809739762e-02 -3.063762933043e-04)
9.3                 	(5.720970366039e+00 2.375596162269e+00 6.204244437234e-01)	(5.720970366039e+00 2.375596162269e+00 6.204244437234e-01)	(2.772271449285e-03 8.654019485599e-02 -3.628176691804e-04)	(3.358632642833e-02 -4.324698167564e-05 1.747757686868e-01)	(-1.141440348080e-03 -5.788915326499e-02 -2.964366642358e-04)
9.4                 	(5.727463768726e+00 2.375593060406e+00 6.369969010226e-01)	(5.727463768726e+00 2.375593060406e+00 6.369969010226e-01)	(2.663969310008e-03 7.344220992152e-02 -3.516092148636e-04)	(9.415323086047e-02 -1.923420455001e-05 1.509631929827e-01)	(-9.732745947391e-04 -2.010724022939e-01 -1.526453223270e-04)
9.5                 	(5.739195699430e+00 2.375592561314e+00 6.496031411626e-01)	(5.739195699430e+00 2.375592561314e+00 6.496031411626e-01)	(2.578771110603e-03 4.725859648586e-02 -2.834732145821e-04)	(1.366060942066e-01 9.386304176975e-06 9.692179975734e-02)	(-6.226135096642e-04 -3.160818653533e-01 1.550625473276e-04)
9.6                 	(5.753909146204e+00 2.375594785833e+00 6.557576422123e-01)	(5.753909146204e+00 2.375594785833e+00 6.557576422123e-01)	(2.536666360238e-03 1.196030327768e-02 -1.638487039663e-04)	(1.530880491847e-01 3.205083264355e-05 2.435154893683e-02)	(-1.328967620539e-04 -3.793936109395e-01 4.191772455015e-04)
9.7                 	(5.768863070553e+00 2.375598232223e+00 6.543808646999e-01)	(5.768863070553e+00 2.375598232223e+00 6.543808646999e-01)	(2.552566690373e-03 -2.623906943756e-02 -1.360844423412e-05)	(1.413873126251e-01 3.416680194370e-05 -5.111349782114e-02)	(4.291189697248e-04 -3.716311615233e-01 6.336656977449e-04)
9.8                 	(5.781310471524e+00 2.375601282217e+00 6.459170770215e-01)	(5.781310471524e+00 2.375601282217e+00 6.459170770215e-01)	(2.628706159513e-03 -5.979226174704e-02 1.430342011994e-04)	(1.037068158156e-01 2.657679313039e-05 -1.151569485403e-01)	(9.386684690180e-04 -2.868811809842e-01 7.333016711647e-04)
9.9                 	(5.788958046982e+00 2.375603098996e+00 6.321319078760e-01)	(5.788958046982e+00 2.375603098996e+00 6.321319078760e-01)	(2.751773815983e-03 -8.144789456159e-02 2.710029806435e-04)	(4.680107844554e-02 3.632984393059e-06 -1.559178742125e-01)	(1.317861912579e-03 -1.376596186719e-01 6.395056302564e-04)
10                  	(5.790366176111e+00 2.375601741672e+00 6.157437548271e-01)	(5.790366176111e+00 2.375601741672e+00 6.157437548271e-01)	(2.899972255355e-03 -8.619976034764e-02 3.412512498370e-04)	(-1.915661498643e-02 -2.714265509291e-05 -1.665938020785e-01)	(1.476706471592e-03 4.482300595921e-02 4.954351422699e-04)
10.1                	(5.785222137026e+00 2.375598482743e+00 5.998617242117e-01)	(5.785222137026e+00 2.375598482743e+00 5.998617242117e-01)	(3.042161895019e-03 -7.273223558864e-02 3.417998414209e-04)	(-8.225763822141e-02 -4.026676692360e-05 -1.460644927466e-01)	(1.320731091397e-03 2.199728877381e-01 3.216199825034e-04)
10.2                	(5.774395944485e+00 2.375593215910e+00 5.874159541063e-01)	(5.774395944485e+00 2.375593215910e+00 5.874159541063e-01)	(3.152419855440e-03 -4.376174003203e-02 2.729493555471e-04)	(-1.309246726883e-01 -6.487020445798e-05 -9.910491005372e-02)	(9.269837184676e-04 3.488541802152e-01 9.253471710356e-05)
10.3                	(5.759833279949e+00 2.375585719938e+00 5.806328856465e-01)	(5.759833279949e+00 2.375585719938e+00 5.806328856465e-01)	(3.214411074736e-03 -5.477677908783e-03 1.471102169868e-04)	(-1.557110015344e-01 -8.588787941316e-05 -3.450814867131e-02)	(3.501959544619e-04 4.030996102123e-01 -1.594505860247e-04)
10.4                	(5.744219206484e+00 2.375576832364e+00 5.807177101700e-01)	(5.744219206484e+00 2.375576832364e+00 5.807177101700e-01)	(3.218293314765e-03 3.400769841155e-02 -8.503061874827e-06)	(-1.516530601207e-01 -8.715467017113e-05 3.614316933474e-02)	(-3.275865038471e-04 3.729275200676e-01 -4.130573006412e-04)
10.5                	(5.730474426869e+00 2.375568701191e+00 5.876468714529e-01)	(5.730474426869e+00 2.375568701191e+00 5.876468714529e-01)	(3.160807320927e-03 6.666797502809e-02 -1.647504749732e-04)	(-1.186729426719e-01 -7.355458095588e-05 1.003312144815e-01)	(-9.629898593496e-04 2.700505349300e-01 -5.954185335768e-04)
10.6                	(5.721284653681e+00 2.375562596012e+00 6.001810513984e-01)	(5.721284653681e+00 2.375562596012e+00 6.001810513984e-01)	(3.047739027551e-03 8.651145427633e-02 -2.909283633196e-04)	(-6.200725680776e-02 -4.665328443801e-05 1.464283731375e-01)	(-1.468585442213e-03 1.222536116000e-01 -6.715758050389e-04)
10.7                	(5.718475801329e+00 2.375559688094e+00 6.159912926816e-01)	(5.718475801329e+00 2.375559688094e+00 6.159912926816e-01)	(2.891491511752e-03 9.070554067945e-02 -3.732638739733e-04)	(6.753840899398e-03 -1.223668739857e-05 1.646743237177e-01)	(-1.758564434051e-03 -3.797543064579e-02 -7.036736152911e-04)
10.8                	(5.722565934079e+00 2.375559835516e+00 6.320478597366e-01)	(5.722565934079e+00 2.375559835516e+00 6.320478597366e-01)	(2.716349328309e-03 7.941182620441e-02 -4.075565966497e-04)	(7.346408544410e-02 1.296048870998e-05 1.511104850679e-01)	(-1.748884496420e-03 -1.836766340913e-01 -5.666570164229e-04)
10.9                	(5.732654872208e+00 2.375561959186e+00 6.452249058805e-01)	(5.732654872208e+00 2.375561959186e+00 6.452249058805e-01)	(2.553775695248e-03 5.510663451445e-02 -3.841169742564e-04)	(1.248758015825e-01 2.939569916834e-05 1.081336110903e-01)	(-1.425523198323e-03 -2.956042002675e-01 -2.201966618634e-04)
11                  	(5.746711803607e+00 2.375565478233e+00 6.529852624194e-01)	(5.746711803607e+00 2.375565478233e+00 6.529852624194e-01)	(2.435399515265e-03 2.194426357300e-02 -3.031301013699e-04)	(1.517082231975e-01 3.865281134525e-05 4.466525575598e-02)	(-8.454704661041e-04 -3.582135190424e-01 1.887611412035e-04)
11.1                	(5.762026985805e+00 2.375569330758e+00 6.539002133142e-01)	(5.762026985805e+00 2.375569330758e+00 6.539002133142e-01)	(2.387100840331e-03 -1.447373732340e-02 -1.780543347046e-04)	(1.497433614736e-01 3.593516451117e-05 -2.655590662853e-02)	(-9.486720210516e-05 -3.594396336799e-01 5.517036499451e-04)
11.2                	(5.775718532973e+00 2.375572153047e+00 6.478741944777e-01)	(5.775718532973e+00 2.375572153047e+00 6.478741944777e-01)	(2.422754377107e-03 -4.772619720467e-02 -2.930197681140e-05)	(1.197573929935e-01 1.887968307922e-05 -9.200692753614e-02)	(7.111024562019e-04 -2.947913742912e-01 7.978086275147e-04)
11.3                	(5.785236388233e+00 2.375572897160e+00 6.361030745750e-01)	(5.785236388233e+00 2.375572897160e+00 6.361030745750e-01)	(2.539415239688e-03 -7.147006074793e-02 1.140712152389e-04)	(6.756850139771e-02 -5.587101772481e-06 -1.396660899219e-01)	(1.423851703535e-03 -1.718454867747e-01 8.621544642621e-04)
11.4                	(5.788831589958e+00 2.375570628521e+00 6.208325932986e-01)	(5.788831589958e+00 2.375570628521e+00 6.208325932986e-01)	(2.717140755601e-03 -8.087651404348e-02 2.224727722523e-04)	(3.248987150923e-03 -4.003541973793e-05 -1.608702305593e-01)	(1.915163642585e-03 -1.256754098265e-02 7.892863725377e-04)
11.5                	(5.785875875913e+00 2.375565373788e+00 6.049336509374e-01)	(5.785875875913e+00 2.375565373788e+00 6.049336509374e-01)	(2.922485795928e-03 -7.379130661792e-02 2.751379028054e-04)	(-6.140470888984e-02 -6.244542542183e-05 -1.520424902990e-01)	(2.042744158248e-03 1.524899962057e-01 6.635182564005e-04)
11.6                	(5.776925697755e+00 2.375557965797e+00 5.913697718012e-01)	(5.776925697755e+00 2.375557965797e+00 5.913697718012e-01)	(3.116922741814e-03 -5.131817583857e-02 2.654511764247e-04)	(-1.147370531423e-01 -8.578524780305e-05 -1.149599243504e-01)	(1.792668322495e-03 2.894544847255e-01 4.807882069199e-04)
11.7                	(5.763637867501e+00 2.375548998418e+00 5.826575545609e-01)	(5.763637867501e+00 2.375548998418e+00 5.826575545609e-01)	(3.265334010014e-03 -1.784706035914e-02 1.930144831928e-04)	(-1.467778375621e-01 -9.344403197664e-05 -5.653621843695e-02)	(1.173733745213e-03 3.686313384757e-01 2.169582009581e-04)
11.8                	(5.748490094962e+00 2.375539158455e+00 5.804261356608e-01)	(5.748490094962e+00 2.375539158455e+00 5.804261356608e-01)	(3.342540227769e-03 1.995484688362e-02 7.604603515678e-05)	(-1.512619429452e-01 -1.008852867887e-04 1.267850971943e-02)	(3.380706046292e-04 3.749935565062e-01 -6.656288375911e-05)
11.9                	(5.734366369745e+00 2.375529738744e+00 5.851295525806e-01)	(5.734366369745e+00 2.375529738744e+00 5.851295525806e-01)	(3.335069042931e-03 5.464050185321e-02 -6.296684181588e-05)	(-1.264957085848e-01 -8.352146164534e-05 8.011539483223e-02)	(-5.971981011692e-04 3.074227682293e-01 -3.754494893836e-04)
12                  	(5.724052038453e+00 2.375523166139e+00 5.959626416489e-01)	(5.724052038453e+00 2.375523166139e+00 5.959626416489e-01)	(3.239857180294e-03 7.949015983679e-02 -1.923336220676e-04)	(-7.620778362157e-02 -4.682185466944e-05 1.331425976204e-01)	(-1.456344311739e-03 1.821392356692e-01 -5.398081518810e-04)
12.1                	(5.719650538713e+00 2.375520572680e+00 6.108989954147e-01)	(5.719650538713e+00 2.375520572680e+00 6.108989954147e-01)	(3.067874734909e-03 9.007679617808e-02 -2.844399569521e-04)	(-1.019959144203e-02 -3.455887796134e-06 1.607217403681e-01)	(-2.093437933564e-03 2.697655383885e-02 -6.139890522480e-04)
12.2                	(5.722065052509e+00 2.375522491918e+00 6.270539989760e-01)	(5.722065052509e+00 2.375522491918e+00 6.270539989760e-01)	(2.844180445132e-03 8.483648835610e-02 -3.305823324715e-04)	(5.764661423913e-02 4.112886917320e-05 1.570030386361e-01)	(-2.399068087369e-03 -1.300220870103e-01 -5.798107443938e-04)
12.3                	(5.730774567021e+00 2.375528342512e+00 6.412573857122e-01)	(5.730774567021e+00 2.375528342512e+00 6.412573857122e-01)	(2.606914086167e-03 6.482082810673e-02 -3.241316248669e-04)	(1.136205524977e-01 7.427459023920e-05 1.223503858041e-01)	(-2.263932775897e-03 -2.649110830544e-01 -3.497755405264e-04)
12.4                	(5.744046246165e+00 2.375536926962e+00 6.507384971274e-01)	(5.744046246165e+00 2.375536926962e+00 6.507384971274e-01)	(2.401649828040e-03 3.330927941630e-02 -2.643400953944e-04)	(1.474473417487e-01 9.317765335874e-05 6.428148812083e-02)	(-1.724580794207e-03 -3.562131148992e-01 -1.999988916699e-05)
12.5                	(5.759327162781e+00 2.375546159560e+00 6.537392866132e-01)	(5.759327162781e+00 2.375546159560e+00 6.537392866132e-01)	(2.268344468251e-03 -4.281166266757e-03 -1.629461436514e-04)	(1.534148613023e-01 8.600334300041e-05 -4.997107467183e-03)	(-8.736397788628e-04 -3.837355649958e-01 2.938342221921e-04)
12.6                	(5.773781158089e+00 2.375553112039e+00 6.498217183329e-01)	(5.773781158089e+00 2.375553112039e+00 6.498217183329e-01)	(2.234827367349e-03 -4.099697688358e-02 -3.802820541115e-05)	(1.311606526704e-01 4.780659137739e-05 -7.193107336954e-02)	(1.654033908253e-04 -3.381365954495e-01 5.368091737847e-04)
12.7                	(5.784744160603e+00 2.375555176219e+00 6.398308109210e-01)	(5.784744160603e+00 2.375555176219e+00 6.398308109210e-01)	(2.311757849734e-03 -6.960388010114e-02 8.647258071457e-05)	(8.471192168647e-02 -6.094083192190e-06 -1.246002513186e-01)	(1.214905859961e-03 -2.236488977156e-01 6.258753591340e-04)
12.8                	(5.790198316657e+00 2.375552015838e+00 6.256958498126e-01)	(5.790198316657e+00 2.375552015838e+00 6.256958498126e-01)	(2.485880225110e-03 -8.412222159747e-02 1.824823653483e-04)	(2.266991644901e-02 -5.686806604969e-05 -1.535790840666e-01)	(2.070074273243e-03 -6.131811273693e-02 6.001521195165e-04)
12.9                	(5.789143938110e+00 2.375544621271e+00 6.100811264819e-01)	(5.789143938110e+00 2.375544621271e+00 6.100811264819e-01)	(2.724179395841e-03 -8.139776889135e-02 2.311628359775e-04)	(-4.350039052909e-02 -8.650262701544e-05 -1.538082024700e-01)	(2.536613945767e-03 1.149111993267e-01 5.112619385039e-04)
13                  	(5.781737031314e+00 2.375534337265e+00 5.958796645765e-01)	(5.781737031314e+00 2.375534337265e+00 5.958796645765e-01)	(2.982454159047e-03 -6.190442447773e-02 2.204834472504e-04)	(-1.023463378594e-01 -1.209062701916e-04 -1.258172384888e-01)	(2.563967596445e-03 2.681864370065e-01 3.835671217643e-04)
13.1                	(5.769289136254e+00 2.375520842451e+00 5.856782764334e-01)	(5.769289136254e+00 2.375520842451e+00 5.856782764334e-01)	(3.217115286930e-03 -2.963505957606e-02 1.494851297716e-04)	(-1.427155350145e-01 -1.448835708357e-04 -7.506123130926e-02)	(2.112778542296e-03 3.659396536629e-01 1.964318972730e-04)
13.2                	(5.754075216297e+00 2.375506183974e+00 5.813345315248e-01)	(5.754075216297e+00 2.375506183974e+00 5.813345315248e-01)	(3.386502666336e-03 8.763658029210e-03 3.027874418009e-05)	(-1.566932174093e-01 -1.460734949975e-04 -1.046181243520e-02)	(1.243196995346e-03 3.887208892484e-01 -5.056060173287e-05)
13.3                	(5.738932425063e+00 2.375492507067e+00 5.836675151887e-01)	(5.738932425063e+00 2.375492507067e+00 5.836675151887e-01)	(3.460689668512e-03 4.552455599043e-02 -1.149981538771e-04)	(-1.412075214101e-01 -1.216348322310e-04 5.652087214268e-02)	(1.318508097242e-04 3.347176663789e-01 -3.191028580585e-04)
13.4                	(5.726764506981e+00 2.375482696252e+00 5.923154272880e-01)	(5.726764506981e+00 2.375482696252e+00 5.923154272880e-01)	(3.423304296294e-03 7.364211356282e-02 -2.525801927829e-04)	(-9.801460498541e-02 -7.174277219809e-05 1.138060668348e-01)	(-1.035135896900e-03 2.193993902050e-01 -4.597082917803e-04)
13.5                	(5.720009796457e+00 2.375477953486e+00 6.057444167708e-01)	(5.720009796457e+00 2.375477953486e+00 6.057444167708e-01)	(3.275171186728e-03 8.827034247113e-02 -3.493726676872e-04)	(-3.476263836268e-02 -2.226480080107e-05 1.505312711970e-01)	(-2.042486961919e-03 6.993500219642e-02 -4.767827580750e-04)
13.6                	(5.720026271001e+00 2.375478222129e+00 6.214527279213e-01)	(5.720026271001e+00 2.375478222129e+00 6.214527279213e-01)	(3.038419564111e-03 8.743343244048e-02 -3.927579591285e-04)	(3.503969112087e-02 2.595208986256e-05 1.585115380727e-01)	(-2.699507165561e-03 -8.553422782790e-02 -4.090094482255e-04)
13.7                	(5.726746284204e+00 2.375482553640e+00 6.363976570385e-01)	(5.726746284204e+00 2.375482553640e+00 6.363976570385e-01)	(2.755089156860e-03 7.176051849634e-02 -3.770924917240e-04)	(9.698632080614e-02 5.812940160700e-05 1.354237439898e-01)	(-2.851990860948e-03 -2.233714704832e-01 -1.510801211606e-04)
13.8                	(5.738763121929e+00 2.375489473710e+00 6.476596168289e-01)	(5.738763121929e+00 2.375489473710e+00 6.476596168289e-01)	(2.479783615511e-03 4.397040063072e-02 -3.020332995540e-04)	(1.392665828597e-01 7.684667674062e-05 8.614662561297e-02)	(-2.485949318727e-03 -3.248767318118e-01 2.103265607554e-04)
13.9                	(5.753690882486e+00 2.375497276308e+00 6.530813533076e-01)	(5.753690882486e+00 2.375497276308e+00 6.530813533076e-01)	(2.265027033981e-03 8.573898384082e-03 -1.803181026958e-04)	(1.544293493773e-01 7.635480968689e-05 2.062859456376e-02)	(-1.687878780344e-03 -3.727691867811e-01 5.315930683295e-04)
14                  	(5.768668877067e+00 2.375503845816e+00 6.516806969560e-01)	(5.768668877067e+00 2.375503845816e+00 6.516806969560e-01)	(2.150512647657e-03 -2.832597848286e-02 -3.471816775853e-05)	(1.404291869200e-01 5.101457438732e-05 -4.811329536861e-02)	(-5.987268913215e-04 -3.534883012026e-01 7.340265248340e-04)
14.1                	(5.780904331342e+00 2.375506855642e+00 6.437879514741e-01)	(5.780904331342e+00 2.375506855642e+00 6.437879514741e-01)	(2.157576151971e-03 -5.977496076910e-02 1.089616014718e-04)	(1.004919697154e-01 6.890314510824e-06 -1.071775445434e-01)	(6.113877043290e-04 -2.642387696629e-01 7.547536341544e-04)
14.2                	(5.788150307953e+00 2.375504922112e+00 6.309229128480e-01)	(5.788150307953e+00 2.375504922112e+00 6.309229128480e-01)	(2.284057564547e-03 -7.930861377045e-02 2.222856374632e-04)	(4.222519457972e-02 -4.742013797693e-05 -1.460201588262e-01)	(1.727930378424e-03 -1.191039688083e-01 6.268698538977e-04)
14.3                	(5.789112776246e+00 2.375497399237e+00 6.155055927579e-01)	(5.789112776246e+00 2.375497399237e+00 6.155055927579e-01)	(2.506086439594e-03 -8.266373489760e-02 2.821065657687e-04)	(-2.322492853091e-02 -9.858211436924e-05 -1.574407704303e-01)	(2.543662718244e-03 5.373460756849e-02 4.055721413219e-04)
14.4                	(5.783641696942e+00 2.375486225262e+00 6.004240223963e-01)	(5.783641696942e+00 2.375486225262e+00 6.004240223963e-01)	(2.780819399894e-03 -6.881582299854e-02 2.785840796782e-04)	(-8.449255399461e-02 -1.231847371034e-04 -1.394038532873e-01)	(2.867665890064e-03 2.188215328018e-01 2.910689215279e-04)
14.5                	(5.772731895069e+00 2.375472926882e+00 5.884957944403e-01)	(5.772731895069e+00 2.375472926882e+00 5.884957944403e-01)	(3.058154335286e-03 -4.041294141156e-02 2.173813219818e-04)	(-1.303532674429e-01 -1.404500342373e-04 -9.540375373545e-02)	(2.655578100609e-03 3.392304243025e-01 1.141915948457e-04)
14.6                	(5.758382307423e+00 2.375458603355e+00 5.819428459606e-01)	(5.758382307423e+00 2.375458603355e+00 5.819428459606e-01)	(3.289608159598e-03 -3.346137607365e-03 9.799614149787e-05)	(-1.520671918829e-01 -1.405642409280e-04 -3.353011153191e-02)	(1.944101825078e-03 3.891517234330e-01 -1.304470421082e-04)
14.7                	(5.743280117469e+00 2.375445721805e+00 5.820174536333e-01)	(5.743280117469e+00 2.375445721805e+00 5.820174536333e-01)	(3.434371157348e-03 3.477362694278e-02 -5.493904600243e-05)	(-1.450701398612e-01 -1.134909660284e-04 3.510437837706e-02)	(8.549025326624e-04 3.603350163359e-01 -3.639259085207e-04)
14.8                	(5.730318309401e+00 2.375436303941e+00 5.887891514403e-01)	(5.730318309401e+00 2.375436303941e+00 5.887891514403e-01)	(3.465911386262e-03 6.636041039664e-02 -2.119001724463e-04)	(-1.097442255340e-01 -7.485478171489e-05 9.823894046630e-02)	(-3.902246334173e-04 2.613059388728e-01 -5.616815378639e-04)
14.9                	(5.722081368758e+00 2.375431179892e+00 6.010537055809e-01)	(5.722081368758e+00 2.375431179892e+00 6.010537055809e-01)	(3.375825422256e-03 8.547602887401e-02 -3.357554686728e-04)	(-5.202501500859e-02 -2.447290783203e-05 1.432320439067e-01)	(-1.577269913025e-03 1.160833694187e-01 -5.692575226688e-04)
15                  	(5.720249800419e+00 2.375431979327e+00 6.164995769954e-01)	(5.720249800419e+00 2.375431979327e+00 6.164995769954e-01)	(3.175310193379e-03 8.907480771631e-02 -4.014614513832e-04)	(1.606403540639e-02 4.119507747115e-05 1.606297924484e-01)	(-2.484621145752e-03 -4.409307293453e-02 -4.865541429225e-04)
15.1                	(5.725168893456e+00 2.375439154398e+00 6.321181577130e-01)	(5.725168893456e+00 2.375439154398e+00 6.321181577130e-01)	(2.900927072821e-03 7.708407246976e-02 -4.049273323276e-04)	(8.056400927152e-02 9.854785738060e-05 1.464766379830e-01)	(-2.918392621232e-03 -1.918190470585e-01 -2.719825686160e-04)
15.2                	(5.735815558754e+00 2.375450929103e+00 6.448283495672e-01)	(5.735815558754e+00 2.375450929103e+00 6.448283495672e-01)	(2.606706055048e-03 5.182988803424e-02 -3.457855375089e-04)	(1.287788324254e-01 1.341856093506e-04 1.035589707084e-01)	(-2.803898285636e-03 -3.061538876910e-01 7.981753309643e-05)
15.3                	(5.750074226332e+00 2.375465044128e+00 6.521664008434e-01)	(5.750074226332e+00 2.375465044128e+00 6.521664008434e-01)	(2.349369112726e-03 1.761960529340e-02 -2.348043645288e-04)	(1.518471658617e-01 1.420060622711e-04 4.093519496256e-02)	(-2.190616837655e-03 -3.678093225479e-01 4.347692321277e-04)
15.4                	(5.765225266800e+00 2.375478120293e+00 6.527884673326e-01)	(5.765225266800e+00 2.375478120293e+00 6.527884673326e-01)	(2.178149768483e-03 -1.954811530140e-02 -9.381124531325e-05)	(1.465139940921e-01 1.133720860051e-04 -2.845192589309e-02)	(-1.182570400692e-03 -3.635914227595e-01 6.886448342114e-04)
15.5                	(5.778444472499e+00 2.375486949483e+00 6.466800031917e-01)	(5.778444472499e+00 2.375486949483e+00 6.466800031917e-01)	(2.126056314437e-03 -5.280569034721e-02 5.279058616646e-05)	(1.137792752191e-01 6.155861030645e-05 -9.171631860218e-02)	(5.092528535938e-05 -2.903981273822e-01 7.887349982913e-04)
15.6                	(5.787282685846e+00 2.375490243313e+00 6.350372965817e-01)	(5.787282685846e+00 2.375490243313e+00 6.350372965817e-01)	(2.202254406629e-03 -7.563712905226e-02 1.791610918411e-04)	(6.025784091104e-02 1.040409722913e-06 -1.373539169123e-01)	(1.294974239716e-03 -1.580844119015e-01 7.281686241702e-04)
15.7                	(5.790124183663e+00 2.375487362127e+00 6.200844522357e-01)	(5.790124183663e+00 2.375487362127e+00 6.200844522357e-01)	(2.392042291892e-03 -8.328583957201e-02 2.623801032781e-04)	(-4.316816997391e-03 -5.595720297812e-05 -1.569278705033e-01)	(2.304131718481e-03 8.109123336257e-03 5.807960029374e-04)
15.8                	(5.786440674103e+00 2.375479330161e+00 6.046345344019e-01)	(5.786440674103e+00 2.375479330161e+00 6.046345344019e-01)	(2.657233786996e-03 -7.403626545841e-02 2.879842566144e-04)	(-6.826850404429e-02 -1.008030189696e-04 -1.471636343377e-01)	(2.873400249103e-03 1.738875048001e-01 3.972917622007e-04)
15.9                	(5.776861564118e+00 2.375467731767e+00 5.915636436278e-01)	(5.776861564118e+00 2.375467731767e+00 5.915636436278e-01)	(2.947865607866e-03 -4.963119812585e-02 2.486489757379e-04)	(-1.202675645954e-01 -1.278841580168e-04 -1.101334962411e-01)	(2.886814627563e-03 3.058084200150e-01 1.847533695311e-04)
16                  	(5.763117450046e+00 2.375454336178e+00 5.832964269099e-01)	(5.763117450046e+00 2.375454336178e+00 5.832964269099e-01)	(3.210381721446e-03 -1.494794272406e-02 1.480506879430e-04)	(-1.502492522779e-01 -1.363130799504e-04 -5.257161754360e-02)	(2.338666427303e-03 3.761256880589e-01 -5.678363324886e-05)
16.1                	(5.747750402486e+00 2.375441324036e+00 5.813892969725e-01)	(5.747750402486e+00 2.375441324036e+00 5.813892969725e-01)	(3.398511838930e-03 2.306768867890e-02 3.409384058462e-06)	(-1.521751211998e-01 -1.190192718479e-04 1.507226841578e-02)	(1.350323131413e-03 3.714324778356e-01 -3.195253541935e-04)
16.2                	(5.733660678009e+00 2.375431657998e+00 5.862226110319e-01)	(5.733660678009e+00 2.375431657998e+00 5.862226110319e-01)	(3.478684904508e-03 5.689701045010e-02 -1.563171977109e-04)	(-1.249575702815e-01 -7.008073424788e-05 8.019317768904e-02)	(9.730026645794e-05 2.940760131739e-01 -5.053593593679e-04)
16.3                	(5.723614315652e+00 2.375427525492e+00 5.969639536507e-01)	(5.723614315652e+00 2.375427525492e+00 5.969639536507e-01)	(3.432994459082e-03 8.016364251029e-02 -2.890441353897e-04)	(-7.248984813145e-02 -1.437611131938e-05 1.314087228461e-01)	(-1.180566366995e-03 1.651052987127e-01 -5.034621862496e-04)
16.4                	(5.719644943908e+00 2.375428883500e+00 6.116769895057e-01)	(5.719644943908e+00 2.375428883500e+00 6.116769895057e-01)	(3.264625014739e-03 8.906931183800e-02 -3.676903058549e-04)	(-5.672358527479e-03 4.245976720491e-05 1.579804132315e-01)	(-2.274258038443e-03 1.116109400657e-02 -4.529192465967e-04)
16.5                	(5.722487587360e+00 2.375436097060e+00 6.275115235656e-01)	(5.722487587360e+00 2.375436097060e+00 6.275115235656e-01)	(2.999344709671e-03 8.247887997901e-02 -3.853475099636e-04)	(6.151313997296e-02 9.966622374519e-05 1.533984303521e-01)	(-2.977059305775e-03 -1.405332524422e-01 -2.709181314596e-04)
16.6                	(5.731507436952e+00 2.375448052325e+00 6.413487550212e-01)	(5.731507436952e+00 2.375448052325e+00 6.413487550212e-01)	(2.687045711058e-03 6.180668869273e-02 -3.375663155397e-04)	(1.157018340933e-01 1.369926607968e-04 1.187693010529e-01)	(-3.100978084000e-03 -2.669578373162e-01 6.728987193396e-05)
16.7                	(5.744868023291e+00 2.375462953120e+00 6.505001747489e-01)	(5.744868023291e+00 2.375462953120e+00 6.505001747489e-01)	(2.389786184324e-03 3.049675183676e-02 -2.340802035585e-04)	(1.470134990637e-01 1.574303420824e-04 6.132871923391e-02)	(-2.661353301845e-03 -3.508306830694e-01 4.074996310989e-04)
16.8                	(5.759960473856e+00 2.375478529909e+00 6.532377513774e-01)	(5.759960473856e+00 2.375478529909e+00 6.532377513774e-01)	(2.164463240197e-03 -6.334196213637e-03 -9.644703963850e-05)	(1.500205681249e-01 1.477881746979e-04 -7.314702254674e-03)	(-1.745018500863e-03 -3.745158716403e-01 6.616383466730e-04)
16.9                	(5.773938566494e+00 2.375491396856e+00 6.491166886120e-01)	(5.773938566494e+00 2.375491396856e+00 6.491166886120e-01)	(2.053331861243e-03 -4.198799113565e-02 5.249098627218e-05)	(1.252114437893e-01 1.041158727831e-04 -7.363519712498e-02)	(-5.152763463303e-04 -3.262072068006e-01 7.896579128841e-04)
17                  	(5.784234147243e+00 2.375498538697e+00 6.390018136076e-01)	(5.784234147243e+00 2.375498538697e+00 6.390018136076e-01)	(2.075552275834e-03 -6.930430164088e-02 1.861555855586e-04)	(7.758650549104e-02 3.580519441325e-05 -1.253724958602e-01)	(8.100938434864e-04 -2.101301538637e-01 7.282332700483e-04)
17.1                	(5.788982776025e+00 2.375498282419e+00 6.248366661605e-01)	(5.788982776025e+00 2.375498282419e+00 6.248366661605e-01)	(2.226319620733e-03 -8.251065994306e-02 2.775269570053e-04)	(1.597493429789e-02 -3.973318850910e-05 -1.533691089031e-01)	(2.025578146966e-03 -4.890928865318e-02 5.121929650449e-04)
17.2                	(5.787329950433e+00 2.375491103336e+00 6.092871380227e-01)	(5.787329950433e+00 2.375491103336e+00 6.092871380227e-01)	(2.478965913417e-03 -7.864464916004e-02 3.074896613233e-04)	(-4.846563713603e-02 -9.933786335264e-05 -1.526146590047e-01)	(2.905122298504e-03 1.253396841768e-01 2.870448193703e-04)
17.3                	(5.779579779932e+00 2.375479177861e+00 5.952816995046e-01)	(5.779579779932e+00 2.375479177861e+00 5.952816995046e-01)	(2.790940881455e-03 -5.826890537514e-02 2.723281239524e-04)	(-1.042040659769e-01 -1.356064944856e-04 -1.231203688934e-01)	(3.288398088394e-03 2.749935148322e-01 8.530440536700e-05)
17.4                	(5.767121772175e+00 2.375464997884e+00 5.854177232520e-01)	(5.767121772175e+00 2.375464997884e+00 5.854177232520e-01)	(3.110549510341e-03 -2.560855403415e-02 1.747686613245e-04)	(-1.409682575565e-01 -1.436923174922e-04 -7.109863431789e-02)	(3.082211836289e-03 3.669068354099e-01 -9.740001439247e-05)
17.5                	(5.752270384471e+00 2.375450738164e+00 5.815073274164e-01)	(5.752270384471e+00 2.375450738164e+00 5.815073274164e-01)	(3.383545062900e-03 1.254576586718e-02 2.895529877772e-05)	(-1.512855744014e-01 -1.394789636283e-04 -5.794584326867e-03)	(2.302879987452e-03 3.831719869797e-01 -3.524366974670e-04)
17.6                	(5.737830357318e+00 2.375438090840e+00 5.843140461121e-01)	(5.737830357318e+00 2.375438090840e+00 5.843140461121e-01)	(3.559523150016e-03 4.844939821057e-02 -1.447988347040e-04)	(-1.327293960641e-01 -1.063786597314e-04 6.116345531217e-02)	(1.042055961173e-03 3.229727792022e-01 -6.021441947056e-04)
17.7                	(5.726613033229e+00 2.375430319315e+00 5.933709424883e-01)	(5.726613033229e+00 2.375430319315e+00 5.933709424883e-01)	(3.599601565801e-03 7.507995720744e-02 -3.046042780626e-04)	(-8.772272539772e-02 -4.756263050525e-05 1.171324991621e-01)	(-4.512964051312e-04 2.016477444544e-01 -6.363605717145e-04)
17.8                	(5.720905445058e+00 2.375428881776e+00 6.070194494303e-01)	(5.720905445058e+00 2.375428881776e+00 6.070194494303e-01)	(3.489669286044e-03 8.772702119912e-02 -4.087182109230e-04)	(-2.443243150326e-02 2.038314511041e-05 1.514902694491e-01)	(-1.883523504927e-03 4.872132817976e-02 -5.275722826106e-04)
17.9                	(5.721863535305e+00 2.375434313427e+00 6.226720549697e-01)	(5.721863535305e+00 2.375434313427e+00 6.226720549697e-01)	(3.246804757077e-03 8.478128688107e-02 -4.425148139384e-04)	(4.336499821015e-02 8.660306226174e-05 1.564230120108e-01)	(-2.954088217265e-03 -1.058488599111e-01 -3.094682892482e-04)
18                  	(5.729269228792e+00 2.375445477840e+00 6.372651364431e-01)	(5.729269228792e+00 2.375445477840e+00 6.372651364431e-01)	(2.918308529193e-03 6.727604525649e-02 -4.007752613874e-04)	(1.022090382683e-01 1.327478425844e-04 1.305741546582e-01)	(-3.448315158030e-03 -2.390736467185e-01 9.153654473714e-05)
18.1                	(5.741633419695e+00 2.375460374371e+00 6.479471076768e-01)	(5.741633419695e+00 2.375460374371e+00 6.479471076768e-01)	(2.569054816095e-03 3.826925579938e-02 -2.901107341523e-04)	(1.407157114691e-01 1.623949641973e-04 7.966499684424e-02)	(-3.314164303612e-03 -3.330530322471e-01 5.220425864701e-04)
18.2                	(5.756549810265e+00 2.375476763080e+00 6.527002594413e-01)	(5.756549810265e+00 2.375476763080e+00 6.527002594413e-01)	(2.266743132791e-03 2.697914066094e-03 -1.349150617554e-04)	(1.526256080312e-01 1.598149975154e-04 1.405354121145e-02)	(-2.582562580673e-03 -3.688578359118e-01 8.356694039005e-04)
18.3                	(5.771205785575e+00 2.375491135438e+00 6.507076166441e-01)	(5.771205785575e+00 2.375491135438e+00 6.507076166441e-01)	(2.067242468704e-03 -3.327416387412e-02 3.437205383660e-05)	(1.359158315137e-01 1.221310217663e-04 -5.307186565502e-02)	(-1.400137600356e-03 -3.389911470956e-01 9.606403549768e-04)
18.4                	(5.782893290075e+00 2.375500243170e+00 6.424492739606e-01)	(5.782893290075e+00 2.375500243170e+00 6.424492739606e-01)	(2.004712118833e-03 -6.288645986832e-02 1.876896753895e-04)	(9.419813504105e-02 5.593189605884e-05 -1.093835022131e-01)	(2.148826995526e-05 -2.428712620449e-01 8.721256972003e-04)
18.5                	(5.789468495937e+00 2.375501799643e+00 6.295307877997e-01)	(5.789468495937e+00 2.375501799643e+00 6.295307877997e-01)	(2.086701896689e-03 -8.017110927000e-02 2.993233461523e-04)	(3.532028035668e-02 -2.702678576905e-05 -1.447872462794e-01)	(1.434840079338e-03 -9.659111194825e-02 6.352949524133e-04)
18.6                	(5.789748073374e+00 2.375495314549e+00 6.144034817643e-01)	(5.789748073374e+00 2.375495314549e+00 6.144034817643e-01)	(2.294274741575e-03 -8.148093099218e-02 3.516355626804e-04)	(-2.981087741812e-02 -1.008043375098e-04 -1.530099335532e-01)	(2.566158686564e-03 7.113155379222e-02 3.557431421214e-04)
18.7                	(5.783674982865e+00 2.375482498484e+00 5.998803019073e-01)	(5.783674982865e+00 2.375482498484e+00 5.998803019073e-01)	(2.587044720528e-03 -6.635695038738e-02 3.360440819921e-04)	(-8.978251366672e-02 -1.484667046305e-04 -1.329259291077e-01)	(3.215093360091e-03 2.264167093153e-01 9.213091010238e-05)
18.8                	(5.772328896143e+00 2.375466560131e+00 5.886309400476e-01)	(5.772328896143e+00 2.375466560131e+00 5.886309400476e-01)	(2.912429799513e-03 -3.770587196371e-02 2.541388456904e-04)	(-1.336268476380e-01 -1.671815644177e-04 -8.859565256157e-02)	(3.278974678689e-03 3.368296012545e-01 -1.452248690853e-04)
18.9                	(5.757765172184e+00 2.375449673279e+00 5.827087036421e-01)	(5.757765172184e+00 2.375449673279e+00 5.827087036421e-01)	(3.217062076625e-03 -1.258409282671e-03 1.149391253451e-04)	(-1.529784752557e-01 -1.655304234345e-04 -2.797591006126e-02)	(2.770545170299e-03 3.798515382274e-01 -4.054038278304e-04)
19                  	(5.742692916581e+00 2.375434625546e+00 5.832172669322e-01)	(5.742692916581e+00 2.375434625546e+00 5.832172669322e-01)	(3.449824049101e-03 3.572661959416e-02 -6.232605116327e-05)	(-1.436439934249e-01 -1.287973311698e-04 3.805465797603e-02)	(1.742853899431e-03 3.476247928708e-01 -6.619308164480e-04)
19.1                	(5.729970576407e+00 2.375424845985e+00 5.901065316338e-01)	(5.729970576407e+00 2.375424845985e+00 5.901065316338e-01)	(3.566270713469e-03 6.605403381372e-02 -2.426851767263e-04)	(-1.065310080699e-01 -6.501605459471e-05 9.765657196886e-02)	(3.633297756764e-04 2.494634035443e-01 -7.656777745207e-04)
19.2                	(5.722120303462e+00 2.375421681713e+00 6.021755409356e-01)	(5.722120303462e+00 2.375421681713e+00 6.021755409356e-01)	(3.539337705406e-03 8.418808308700e-02 -3.801468083365e-04)	(-4.777723934815e-02 2.388768922977e-06 1.399756053482e-01)	(-1.102651813513e-03 1.086544025628e-01 -6.619647660014e-04)
19.3                	(5.720713705333e+00 2.375425333556e+00 6.171947428502e-01)	(5.720713705333e+00 2.375425333556e+00 6.171947428502e-01)	(3.368645561870e-03 8.729471819770e-02 -4.478411791598e-04)	(2.010680725351e-02 7.009059874680e-05 1.555137601436e-01)	(-2.374227615717e-03 -4.664715920926e-02 -4.440625735835e-04)
19.4                	(5.725984975175e+00 2.375435259132e+00 6.322565106086e-01)	(5.725984975175e+00 2.375435259132e+00 6.322565106086e-01)	(3.085113263606e-03 7.523536540560e-02 -4.363452682889e-04)	(8.339271371367e-02 1.239442509697e-04 1.407093336227e-01)	(-3.181336017773e-03 -1.908261405770e-01 -7.684005811551e-05)
19.5                	(5.736819333723e+00 2.375449392204e+00 6.444212880335e-01)	(5.736819333723e+00 2.375449392204e+00 6.444212880335e-01)	(2.746946307214e-03 5.019204676904e-02 -3.492755564301e-04)	(1.295900165699e-01 1.569733536586e-04 9.860990688893e-02)	(-3.370500776961e-03 -3.032405901778e-01 3.581170298702e-04)
19.6                	(5.751046997098e+00 2.375465917648e+00 6.513456727285e-01)	(5.751046997098e+00 2.375465917648e+00 6.513456727285e-01)	(2.421680135085e-03 1.627579920723e-02 -2.067325460134e-04)	(1.503671730629e-01 1.684843048706e-04 3.770725121373e-02)	(-2.940570251419e-03 -3.650543978642e-01 7.180185102019e-04)
19.7                	(5.765941610623e+00 2.375481811099e+00 6.517456581891e-01)	(5.765941610623e+00 2.375481811099e+00 6.517456581891e-01)	(2.172764134336e-03 -2.062098772704e-02 -3.945785709991e-05)	(1.428454669166e-01 1.431566308068e-04 -2.972000465717e-02)	(-1.969636310321e-03 -3.612502319911e-01 9.131148568172e-04)
19.8                	(5.778733853884e+00 2.375493363495e+00 6.456213975690e-01)	(5.778733853884e+00 2.375493363495e+00 6.456213975690e-01)	(2.046301763314e-03 -5.356948843973e-02 1.226631220571e-04)	(1.089955775283e-01 8.428682035030e-05 -9.077292050259e-02)	(-6.434843263535e-04 -2.862289400459e-01 9.055788553062e-04)
19.9                	(5.787078173141e+00 2.375497594752e+00 6.341733506561e-01)	(5.787078173141e+00 2.375497594752e+00 6.341733506561e-01)	(2.063116536114e-03 -7.586286257380e-02 2.498534385807e-04)	(5.535744253147e-02 -3.412113935087e-06 -1.344895344806e-01)	(8.155480181904e-04 -1.514583193645e-01 6.951078639809e-04)
20                  	(5.789471660493e+00 2.375492908981e+00 6.195717215308e-01)	(5.789471660493e+00 2.375492908981e+00 6.195717215308e-01)	(2.217871823544e-03 -8.275863931346e-02 3.202050212501e-04)	(-8.177709843970e-03 -8.187356372544e-05 -1.529236652756e-01)	(2.107003456208e-03 1.632431707689e-02 4.190332056759e-04)
20.1                	(5.785489750162e+00 2.375482041380e+00 6.045447666279e-01)	(5.785489750162e+00 2.375482041380e+00 6.045447666279e-01)	(2.476874780312e-03 -7.263819995842e-02 3.256209544375e-04)	(-7.024666145097e-02 -1.364317266921e-04 -1.428085867544e-01)	(2.988792556745e-03 1.827653736312e-01 1.723501542701e-04)
20.2                	(5.775842763713e+00 2.375466310154e+00 5.919016384904e-01)	(5.775842763713e+00 2.375466310154e+00 5.919016384904e-01)	(2.794069380745e-03 -4.746689186720e-02 2.650125329483e-04)	(-1.197254775653e-01 -1.706708423175e-04 -1.060647849078e-01)	(3.319970954253e-03 3.115215445012e-01 -5.096737118670e-05)
20.3                	(5.762268774859e+00 2.375449207766e+00 5.839932996271e-01)	(5.762268774859e+00 2.375449207766e+00 5.839932996271e-01)	(3.112605295927e-03 -1.250838582922e-02 1.450407615681e-04)	(-1.473960288302e-01 -1.683429692662e-04 -4.957235428745e-02)	(3.022177193362e-03 3.756890159680e-01 -2.742790214155e-04)
20.4                	(5.747293110691e+00 2.375433617038e+00 5.823135145721e-01)	(5.747293110691e+00 2.375433617038e+00 5.823135145721e-01)	(3.377610814015e-03 2.511876147685e-02 -1.714179548391e-05)	(-1.473651185438e-01 -1.380009913534e-04 1.657402226514e-02)	(2.169625917409e-03 3.641616892635e-01 -5.260512769141e-04)
20.5                	(5.733766523760e+00 2.375422591154e+00 5.872343426634e-01)	(5.733766523760e+00 2.375422591154e+00 5.872343426634e-01)	(3.540680107081e-03 5.794114604317e-02 -1.942172029790e-04)	(-1.186482263386e-01 -8.142698916522e-05 8.050057945938e-02)	(8.911473687776e-04 2.819400469190e-01 -7.042271278125e-04)
20.6                	(5.724373433389e+00 2.375417546793e+00 5.979351253664e-01)	(5.724373433389e+00 2.375417546793e+00 5.979351253664e-01)	(3.567359527597e-03 7.982117336707e-02 -3.423785610968e-04)	(-6.595882989938e-02 -1.857788989515e-05 1.301466957083e-01)	(-5.743252456107e-04 1.497149360590e-01 -6.522388867407e-04)
20.7                	(5.721032698354e+00 2.375419230022e+00 6.124328034385e-01)	(5.721032698354e+00 2.375419230022e+00 6.124328034385e-01)	(3.445395743798e-03 8.716406652787e-02 -4.251160965715e-04)	(2.729796915247e-04 5.309405519180e-05 1.550463601428e-01)	(-1.967875083099e-03 -4.057094980624e-03 -4.621865585105e-04)
20.8                	(5.724403187605e+00 2.375428077857e+00 6.279161724392e-01)	(5.724403187605e+00 2.375428077857e+00 6.279161724392e-01)	(3.192856422008e-03 7.922516736790e-02 -4.307109736869e-04)	(6.602167314798e-02 1.213579848548e-04 1.494459379357e-01)	(-3.012875780932e-03 -1.518835890208e-01 -1.399611574248e-04)
20.9                	(5.733769519791e+00 2.375442732812e+00 6.413272666112e-01)	(5.733769519791e+00 2.375442732812e+00 6.413272666112e-01)	(2.858314807704e-03 5.769218684279e-02 -3.575492970910e-04)	(1.181659934788e-01 1.672366507923e-04 1.142999473935e-01)	(-3.472298592426e-03 -2.728549573034e-01 3.068719688535e-04)
21                  	(5.747254220898e+00 2.375460808640e+00 6.500405164116e-01)	(5.747254220898e+00 2.375460808640e+00 6.500405164116e-01)	(2.509412937749e-03 2.611734177917e-02 -2.214976099054e-04)	(1.470678263374e-01 1.897076495922e-04 5.719111797905e-02)	(-3.286250411446e-03 -3.497915535798e-01 6.987912782908e-04)
21.1                	(5.762237731639e+00 2.375479436102e+00 6.524229772028e-01)	(5.762237731639e+00 2.375479436102e+00 6.524229772028e-01)	(2.214547969376e-03 -1.023400425618e-02 -5.352969834256e-05)	(1.478465806545e-01 1.750873873255e-04 -1.013959945191e-02)	(-2.493074868925e-03 -3.660934462420e-01 9.204052533184e-04)
21.2                	(5.775900864877e+00 2.375494438328e+00 6.481066378384e-01)	(5.775900864877e+00 2.375494438328e+00 6.481066378384e-01)	(2.030301603631e-03 -4.477957800963e-02 1.143767119444e-04)	(1.211362437427e-01 1.190154398762e-04 -7.468962575465e-02)	(-1.223912256051e-03 -3.131902781494e-01 9.380881670652e-04)
21.3                	(5.785722176710e+00 2.375502361009e+00 6.379822451711e-01)	(5.785722176710e+00 2.375502361009e+00 6.379822451711e-01)	(1.989687890908e-03 -7.071332772570e-02 2.523330888622e-04)	(7.224818182558e-02 3.686405662195e-05 -1.245440034977e-01)	(2.682443442842e-04 -1.960947367905e-01 7.601201424811e-04)
21.4                	(5.789913255673e+00 2.375501417414e+00 6.239970839533e-01)	(5.789913255673e+00 2.375501417414e+00 6.239970839533e-01)	(2.097253221846e-03 -8.258054356259e-02 3.400607130237e-04)	(1.026505751217e-02 -5.297043115368e-05 -1.506938043481e-01)	(1.710082284052e-03 -3.664018653928e-02 5.045020581979e-04)
21.5                	(5.787710000487e+00 2.375492644916e+00 6.087836637670e-01)	(5.787710000487e+00 2.375492644916e+00 6.087836637670e-01)	(2.329625922998e-03 -7.770523793978e-02 3.660079531859e-04)	(-5.365178671607e-02 -1.189311415559e-04 -1.487087999867e-01)	(2.825298021803e-03 1.327823146659e-01 2.390872739868e-04)
21.6                	(5.779493187998e+00 2.375478532759e+00 5.951890058339e-01)	(5.779493187998e+00 2.375478532759e+00 5.951890058339e-01)	(2.644713590487e-03 -5.688746897303e-02 3.237616268202e-04)	(-1.081825196753e-01 -1.619627038394e-04 -1.189245279625e-01)	(3.438720090319e-03 2.764656183278e-01 -4.832480584549e-05)
21.7                	(5.766726957970e+00 2.375461052507e+00 5.857353699310e-01)	(5.766726957970e+00 2.375461052507e+00 5.857353699310e-01)	(2.990165025102e-03 -2.432606801488e-02 2.121216003745e-04)	(-1.430885190313e-01 -1.814998746075e-04 -6.714834861167e-02)	(3.453333952986e-03 3.637249530948e-01 -3.366150098038e-04)
21.8                	(5.751767113287e+00 2.375443663783e+00 5.821823373120e-01)	(5.751767113287e+00 2.375443663783e+00 5.821823373120e-01)	(3.308879832257e-03 1.336857894325e-02 4.753900204830e-05)	(-1.512896354405e-01 -1.581570431438e-04 -2.741025119626e-03)	(2.831834341082e-03 3.773096422337e-01 -5.738115174976e-04)
21.9                	(5.737430797387e+00 2.375430399891e+00 5.852266869044e-01)	(5.737430797387e+00 2.375430399891e+00 5.852266869044e-01)	(3.543789484199e-03 4.863507739247e-02 -1.420422255815e-04)	(-1.306958858665e-01 -1.044619841006e-04 6.284591481279e-02)	(1.672675144181e-03 3.167632616482e-01 -7.752310589344e-04)
22                  	(5.726499053157e+00 2.375423188744e+00 5.943736494868e-01)	(5.726499053157e+00 2.375423188744e+00 5.943736494868e-01)	(3.649397190897e-03 7.472104502135e-02 -3.153646239870e-04)	(-8.418645533176e-02 -3.723239250815e-05 1.172585405162e-01)	(1.861696276770e-04 1.972739910119e-01 -7.609442631895e-04)
22.1                	(5.721167380513e+00 2.375423449148e+00 6.079359925536e-01)	(5.721167380513e+00 2.375423449148e+00 6.079359925536e-01)	(3.597869749339e-03 8.703045533720e-02 -4.287578529469e-04)	(-2.067725873890e-02 4.443828904855e-05 1.494910586872e-01)	(-1.392122523823e-03 4.611863913085e-02 -5.884066332139e-04)
22.2                	(5.722490524680e+00 2.375431907437e+00 6.232933515573e-01)	(5.722490524680e+00 2.375431907437e+00 6.232933515573e-01)	(3.390750080903e-03 8.387321961089e-02 -4.637459847136e-04)	(4.673137146116e-02 1.222109086073e-04 1.526359755174e-01)	(-2.753815073054e-03 -1.077589272587e-01 -2.995845594782e-04)
22.3                	(5.730153440442e+00 2.375447060803e+00 6.374513079652e-01)	(5.730153440442e+00 2.375447060803e+00 6.374513079652e-01)	(3.063757772992e-03 6.617909205854e-02 -4.151440004705e-04)	(1.038768999431e-01 1.762870521180e-04 1.258058417623e-01)	(-3.610382030477e-03 -2.408766588688e-01 1.512016019918e-04)
22.4                	(5.742572921980e+00 2.375466368575e+00 6.476450258789e-01)	(5.742572921980e+00 2.375466368575e+00 6.476450258789e-01)	(2.681272300009e-03 3.700508012246e-02 -2.928912911096e-04)	(1.403266511049e-01 2.054390973235e-04 7.478249921788e-02)	(-3.795900567829e-03 -3.345069183232e-01 6.036246294499e-04)
22.5                	(5.757317004123e+00 2.375487026528e+00 6.519529323058e-01)	(5.757317004123e+00 2.375487026528e+00 6.519529323058e-01)	(2.318233411545e-03 1.187354938888e-03 -1.265548815641e-04)	(1.497329869975e-01 2.014589636248e-04 1.018018470037e-02)	(-3.291145795506e-03 -3.710483674070e-01 9.076612765935e-04)
22.6                	(5.771581609149e+00 2.375505139717e+00 6.496493395628e-01)	(5.771581609149e+00 2.375505139717e+00 6.496493395628e-01)	(2.043688364018e-03 -3.486859381808e-02 5.040838854017e-05)	(1.311150961648e-01 1.538502612990e-04 -5.535183505044e-02)	(-2.172492555261e-03 -3.379551538213e-01 1.028159437630e-03)
22.7                	(5.782729924464e+00 2.375516507375e+00 6.412610589643e-01)	(5.782729924464e+00 2.375516507375e+00 6.412610589643e-01)	(1.907904436070e-03 -6.410906937631e-02 2.074891320011e-04)	(8.840561059822e-02 6.727015728608e-05 -1.096871130742e-01)	(-6.557106221578e-04 -2.363665030071e-01 9.229278376905e-04)
22.8                	(5.788724688104e+00 2.375517686399e+00 6.284195658440e-01)	(5.788724688104e+00 2.375517686399e+00 6.284195658440e-01)	(1.932836006681e-03 -8.046777363666e-02 3.179180616558e-04)	(2.963253152609e-02 -4.302497273779e-05 -1.430279019033e-01)	(9.853199422935e-04 -8.473981207810e-02 6.430872607295e-04)
22.9                	(5.788465811316e+00 2.375508772238e+00 6.135383257197e-01)	(5.788465811316e+00 2.375508772238e+00 6.135383257197e-01)	(2.110255783884e-03 -8.040200668873e-02 3.667161092803e-04)	(-3.468524528470e-02 -1.306099565270e-04 -1.499216134977e-01)	(2.432310300852e-03 8.632496269508e-02 3.466154003649e-04)
23                  	(5.782000327373e+00 2.375493067693e+00 5.993778143347e-01)	(5.782000327373e+00 2.375493067693e+00 5.993778143347e-01)	(2.407282543708e-03 -6.376808648760e-02 3.494399369177e-04)	(-9.268945823659e-02 -1.772711651599e-04 -1.288225302465e-01)	(3.437851834148e-03 2.405169065572e-01 6.540401569423e-05)
23.1                	(5.770487610802e+00 2.375474051560e+00 5.885692849220e-01)	(5.770487610802e+00 2.375474051560e+00 5.885692849220e-01)	(2.772544475167e-03 -3.399072940067e-02 2.644195773100e-04)	(-1.339658508368e-01 -1.982107683447e-04 -8.396493751966e-02)	(3.839520920999e-03 3.445559274592e-01 -2.147999530420e-04)
23.2                	(5.756046215713e+00 2.375454619042e+00 5.831083992804e-01)	(5.756046215713e+00 2.375454619042e+00 5.831083992804e-01)	(3.146076484958e-03 2.756201363772e-03 1.205198520955e-04)	(-1.502541702036e-01 -1.854868077893e-04 -2.347811156011e-02)	(3.560748449965e-03 3.779926347386e-01 -4.869934971283e-04)
23.3                	(5.741391969945e+00 2.375437975018e+00 5.840359901256e-01)	(5.741391969945e+00 2.375437975018e+00 5.840359901256e-01)	(3.464756454765e-03 3.907713071922e-02 -6.225139485549e-05)	(-1.380107139935e-01 -1.426461233711e-04 4.193744515948e-02)	(2.635933653955e-03 3.369009764211e-01 -7.571123531873e-04)
23.4                	(5.729351889731e+00 2.375426975840e+00 5.912628805139e-01)	(5.729351889731e+00 2.375426975840e+00 5.912628805139e-01)	(3.670593278984e-03 6.798679068988e-02 -2.491462734442e-04)	(-9.863276170429e-02 -7.365086032889e-05 1.004341318023e-01)	(1.211082191472e-03 2.325033994172e-01 -8.624883533241e-04)
23.5                	(5.722342170697e+00 2.375423665792e+00 6.035033352070e-01)	(5.722342170697e+00 2.375423665792e+00 6.035033352070e-01)	(3.719391282132e-03 8.427410368146e-02 -3.902356641544e-04)	(-3.897769417012e-02 8.799507106829e-06 1.404365215107e-01)	(-4.706652278665e-04 8.917748309598e-02 -7.169887909991e-04)
23.6                	(5.721785391520e+00 2.375428540688e+00 6.184363352111e-01)	(5.721785391520e+00 2.375428540688e+00 6.184363352111e-01)	(3.595870234791e-03 8.549691114415e-02 -4.550325246163e-04)	(2.815082809857e-02 8.648116348738e-05 1.533254462302e-01)	(-2.071703056148e-03 -6.419628857298e-02 -4.551110547602e-04)
23.7                	(5.727756185014e+00 2.375440212432e+00 6.331543429482e-01)	(5.727756185014e+00 2.375440212432e+00 6.331543429482e-01)	(3.321588494768e-03 7.191573354966e-02 -4.328371438981e-04)	(8.916127713736e-02 1.424555328645e-04 1.360803754508e-01)	(-3.292422962818e-03 -2.031499923324e-01 -6.850964462468e-06)
23.8                	(5.739034003119e+00 2.375456518624e+00 6.447681702339e-01)	(5.739034003119e+00 2.375456518624e+00 6.447681702339e-01)	(2.950254269062e-03 4.594650849375e-02 -3.267327555502e-04)	(1.325601655221e-01 1.822594723972e-04 9.244013651785e-02)	(-3.895885610548e-03 -3.095956472302e-01 4.856955391483e-04)
23.9                	(5.753388643861e+00 2.375475865153e+00 6.510596406421e-01)	(5.753388643861e+00 2.375475865153e+00 6.510596406421e-01)	(2.556693889819e-03 1.174123005929e-02 -1.647147822713e-04)	(1.499114255912e-01 1.979453846689e-04 3.147330688015e-02)	(-3.758103283433e-03 -3.643032834020e-01 8.450004065237e-04)
24                  	(5.768077192671e+00 2.375494544893e+00 6.508862827973e-01)	(5.768077192671e+00 2.375494544893e+00 6.508862827973e-01)	(2.218109168541e-03 -2.472817345233e-02 1.690667622245e-05)	(1.392401018070e-01 1.677332752415e-04 -3.471365033940e-02)	(-2.935743861394e-03 -3.534477690007e-01 1.014397654720e-03)
24.1                	(5.780381433576e+00 2.375508064339e+00 6.443742869978e-01)	(5.780381433576e+00 2.375508064339e+00 6.443742869978e-01)	(1.995290588514e-03 -5.659620243985e-02 1.840991735316e-04)	(1.030509101779e-01 9.794296561559e-05 -9.335189818925e-02)	(-1.588259981941e-03 -2.725759979611e-01 9.476443053927e-04)
24.2                	(5.788060344021e+00 2.375513040715e+00 6.328154766132e-01)	(5.788060344021e+00 2.375513040715e+00 6.328154766132e-01)	(1.925374309481e-03 -7.732125965108e-02 3.077793685168e-04)	(4.815493733396e-02 -2.874182831227e-06 -1.340823054962e-01)	(4.631355462190e-05 -1.343303770782e-01 6.899189652355e-04)
24.3                	(5.789719784980e+00 2.375507737035e+00 6.183997781323e-01)	(5.789719784980e+00 2.375507737035e+00 6.183997781323e-01)	(2.016044157905e-03 -8.247811711858e-02 3.712743317486e-04)	(-1.541679368639e-02 -9.670648413560e-05 -1.496849586948e-01)	(1.620760361244e-03 3.329685341552e-02 3.791925986039e-04)
24.4                	(5.785062633229e+00 2.375494431936e+00 6.038155735198e-01)	(5.785062633229e+00 2.375494431936e+00 6.038155735198e-01)	(2.243210072203e-03 -7.083678849648e-02 3.682465358344e-04)	(-7.636371564282e-02 -1.660947017987e-04 -1.373944979544e-01)	(2.852734964430e-03 1.957548942903e-01 6.169180022274e-05)
24.5                	(5.774918835740e+00 2.375475637371e+00 5.917744704319e-01)	(5.774918835740e+00 2.375475637371e+00 5.917744704319e-01)	(2.564498727776e-03 -4.471088212644e-02 2.977180950861e-04)	(-1.235046401841e-01 -2.035391781638e-04 -9.971068225011e-02)	(3.557574816149e-03 3.175986056588e-01 -2.012892047959e-04)
24.6                	(5.761120620437e+00 2.375455130379e+00 5.844894155253e-01)	(5.761120620437e+00 2.375455130379e+00 5.844894155253e-01)	(2.926162526500e-03 -9.524401699085e-03 1.694148786519e-04)	(-1.480610249033e-01 -2.005441054430e-04 -4.366005095447e-02)	(3.634902234277e-03 3.738761594053e-01 -4.387721707073e-04)
24.7                	(5.746228249415e+00 2.375436320368e+00 5.833332607416e-01)	(5.746228249415e+00 2.375436320368e+00 5.833332607416e-01)	(3.269811507543e-03 2.759182415475e-02 -3.346042685131e-06)	(-1.449457828960e-01 -1.693240530375e-04 2.092026901687e-02)	(3.096326353666e-03 3.560111799644e-01 -7.149078308435e-04)
24.8                	(5.733067245229e+00 2.375422635132e+00 5.885768551878e-01)	(5.733067245229e+00 2.375422635132e+00 5.885768551878e-01)	(3.535489792830e-03 5.938578268904e-02 -1.931642253645e-04)	(-1.138137851804e-01 -1.000418443504e-04 8.243118809472e-02)	(1.964482862635e-03 2.700766905237e-01 -8.717176054447e-04)
24.9                	(5.724234379983e+00 2.375416700862e+00 5.993141493410e-01)	(5.724234379983e+00 2.375416700862e+00 5.993141493410e-01)	(3.668938662115e-03 8.001771504170e-02 -3.519970138323e-04)	(-5.978604033322e-02 -1.875528455984e-05 1.289478357433e-01)	(4.385282173142e-04 1.370234396586e-01 -7.704707894185e-04)
25                  	(5.721526512824e+00 2.375418753294e+00 6.135523991456e-01)	(5.721526512824e+00 2.375418753294e+00 6.135523991456e-01)	(3.638901017314e-03 8.614867619270e-02 -4.415045384154e-04)	(6.488761997742e-03 5.742683066525e-05 1.512134049924e-01)	(-1.175657443112e-03 -1.535351402682e-02 -5.524211508971e-04)
25.1                	(5.725457152883e+00 2.375427642238e+00 6.285604226827e-01)	(5.725457152883e+00 2.375427642238e+00 6.285604226827e-01)	(3.450007138381e-03 7.719368326843e-02 -4.489108625371e-04)	(7.077016751546e-02 1.172569897394e-04 1.439332890892e-01)	(-2.553530373445e-03 -1.607892265308e-01 -1.931062057880e-04)
25.2                	(5.735185161374e+00 2.375441875785e+00 6.413875404372e-01)	(5.735185161374e+00 2.375441875785e+00 6.413875404372e-01)	(3.140570717360e-03 5.490675033597e-02 -3.708852106197e-04)	(1.204303174069e-01 1.653486203653e-04 1.083575758686e-01)	(-3.431287739057e-03 -2.785257832911e-01 2.886275049653e-04)
25.3                	(5.748767244031e+00 2.375460007261e+00 6.495384929039e-01)	(5.748767244031e+00 2.375460007261e+00 6.495384929039e-01)	(2.774717646075e-03 2.298742142734e-02 -2.251816776500e-04)	(1.466577546086e-01 1.928756107881e-04 5.208400958397e-02)	(-3.661369348399e-03 -3.510090708301e-01 7.137586317679e-04)
25.4                	(5.763576943014e+00 2.375479157042e+00 6.514933518775e-01)	(5.763576943014e+00 2.375479157042e+00 6.514933518775e-01)	(2.425260001176e-03 -1.321871281496e-02 -4.642082898188e-05)	(1.448681623067e-01 1.819538990845e-04 -1.348274441301e-02)	(-3.201115705471e-03 -3.619911977940e-01 9.473752761093e-04)
25.5                	(5.776843323405e+00 2.375494783757e+00 6.469571085304e-01)	(5.776843323405e+00 2.375494783757e+00 6.469571085304e-01)	(2.159125003363e-03 -4.707656713920e-02 1.280498545837e-04)	(1.163631609908e-01 1.225871931641e-04 -7.566602074421e-02)	(-2.140371127984e-03 -3.033803049101e-01 9.522235219711e-04)
25.6                	(5.786136208306e+00 2.375502407079e+00 6.368599162854e-01)	(5.786136208306e+00 2.375502407079e+00 6.368599162854e-01)	(2.023971591261e-03 -7.179316309100e-02 2.655085128378e-04)	(6.663567810338e-02 2.526110746492e-05 -1.230196348775e-01)	(-6.772832272543e-04 -1.820217871302e-01 7.315859062151e-04)
25.7                	(5.789778821158e+00 2.375499785455e+00 6.231421900181e-01)	(5.789778821158e+00 2.375499785455e+00 6.231421900181e-01)	(2.041985591937e-03 -8.216666308793e-02 3.438671003422e-04)	(5.068062656264e-03 -7.559953630522e-05 -1.470111595961e-01)	(9.078701711423e-04 -2.148173460314e-02 4.125725888511e-04)
25.8                	(5.787114999968e+00 2.375487836420e+00 6.083670776031e-01)	(5.787114999968e+00 2.375487836420e+00 6.083670776031e-01)	(2.206984082183e-03 -7.587475807296e-02 3.579554317402e-04)	(-5.751951568606e-02 -1.555291655052e-04 -1.437921480967e-01)	(2.309522267748e-03 1.453723356032e-01 1.415788882163e-04)
25.9                	(5.778620517666e+00 2.375470072078e+00 5.952873111098e-01)	(5.778620517666e+00 2.375470072078e+00 5.952873111098e-01)	(2.485743026167e-03 -5.409977391834e-02 3.076441581800e-04)	(-1.098482144382e-01 -1.952979601500e-04 -1.136946404359e-01)	(3.240902006176e-03 2.824222533323e-01 -1.168121774693e-04)
26                  	(5.765794853300e+00 2.375449587798e+00 5.863299558618e-01)	(5.765794853300e+00 2.375449587798e+00 5.863299558618e-01)	(2.828815085316e-03 -2.133953863299e-02 1.968660573716e-04)	(-1.425755367895e-01 -2.059360128280e-04 -6.263707955493e-02)	(3.587748831351e-03 3.616049084527e-01 -3.406283896777e-04)
26.1                	(5.751001190953e+00 2.375430587581e+00 5.831527573644e-01)	(5.751001190953e+00 2.375430587581e+00 5.831527573644e-01)	(3.175091402123e-03 1.575214703192e-02 4.054939928456e-05)	(-1.486162751891e-01 -1.676208644413e-04 1.182126546400e-04)	(3.230022229419e-03 3.675609226799e-01 -5.651770038308e-04)
26.2                	(5.737016337798e+00 2.375417236458e+00 5.863799744666e-01)	(5.737016337798e+00 2.375417236458e+00 5.863799744666e-01)	(3.459724855343e-03 4.978336739438e-02 -1.393578257813e-04)	(-1.264615201238e-01 -9.495954375431e-05 6.355908844355e-02)	(2.250843084796e-03 3.023337851277e-01 -7.449057875585e-04)
26.3                	(5.726551623076e+00 2.375412031580e+00 5.954870161235e-01)	(5.726551623076e+00 2.375412031580e+00 5.954870161235e-01)	(3.627155167544e-03 7.437770555483e-02 -3.015518773840e-04)	(-7.924897780914e-02 -8.282162576116e-06 1.157265852010e-01)	(8.420699486018e-04 1.824919101172e-01 -7.028241874716e-04)
26.4                	(5.721709957370e+00 2.375415574260e+00 6.087956154405e-01)	(5.721709957370e+00 2.375415574260e+00 6.087956154405e-01)	(3.640205589671e-03 8.535530281835e-02 -4.029478062553e-04)	(-1.597446762148e-02 7.742111527601e-05 1.460913155225e-01)	(-7.454520088762e-04 3.483385010585e-02 -5.087616300447e-04)
26.5                	(5.723468372003e+00 2.375426642441e+00 6.237705177251e-01)	(5.723468372003e+00 2.375426642441e+00 6.237705177251e-01)	(3.493069109175e-03 8.131929309939e-02 -4.269152756359e-04)	(5.040320811905e-02 1.403686352414e-04 1.484668197486e-01)	(-2.189345258164e-03 -1.138110043191e-01 -2.316731830272e-04)
26.6                	(5.731407624592e+00 2.375442930060e+00 6.375043202807e-01)	(5.731407624592e+00 2.375442930060e+00 6.375043202807e-01)	(3.215477383981e-03 6.330666586771e-02 -3.692536843859e-04)	(1.056731741566e-01 1.823104255143e-04 1.216393158798e-01)	(-3.187613905929e-03 -2.413430301249e-01 1.878627912739e-04)
26.7                	(5.743906982158e+00 2.375462591814e+00 6.473145891552e-01)	(5.743906982158e+00 2.375462591814e+00 6.473145891552e-01)	(2.864968703605e-03 3.430884173173e-02 -2.419341248684e-04)	(1.400466234694e-01 2.076574642913e-04 7.140113103843e-02)	(-3.592809518298e-03 -3.307808174946e-01 5.801925090033e-04)
26.8                	(5.758506014632e+00 2.375483359335e+00 6.513458783057e-01)	(5.758506014632e+00 2.375483359335e+00 6.513458783057e-01)	(2.510523785998e-03 -9.466031853166e-04 -7.547836517537e-05)	(1.472430444791e-01 2.009592697124e-04 8.058176689546e-03)	(-3.329622081846e-03 -3.635505584655e-01 8.285284193132e-04)
26.9                	(5.772430768910e+00 2.375501359306e+00 6.488942928066e-01)	(5.772430768910e+00 2.375501359306e+00 6.488942928066e-01)	(2.220160228796e-03 -3.614362551906e-02 9.531199120072e-05)	(1.269040080915e-01 1.520424769577e-04 -5.614264073028e-02)	(-2.448471976683e-03 -3.284762571543e-01 8.869413014237e-04)
27                  	(5.783098607936e+00 2.375512527703e+00 6.404893250408e-01)	(5.783098607936e+00 2.375512527703e+00 6.404893250408e-01)	(2.047070271506e-03 -6.440454841167e-02 2.376588008745e-04)	(8.310861876447e-02 6.613364496603e-05 -1.092619979215e-01)	(-1.098088280892e-03 -2.265940450815e-01 7.230455252052e-04)
27.1                	(5.788550987348e+00 2.375513832755e+00 6.277378071108e-01)	(5.788550987348e+00 2.375513832755e+00 6.277378071108e-01)	(2.021883083608e-03 -7.981835174518e-02 3.261856329004e-04)	(2.444553662701e-02 -4.155909012709e-05 -1.416540196632e-01)	(4.800576943327e-04 -7.585836180547e-02 4.052332104140e-04)
27.2                	(5.787813373723e+00 2.375504930933e+00 6.130304413777e-01)	(5.787813373723e+00 2.375504930933e+00 6.130304413777e-01)	(2.149127292866e-03 -7.894748028248e-02 3.491918675929e-04)	(-3.876829536519e-02 -1.301714467289e-04 -1.477868237864e-01)	(1.988917864515e-03 9.323625450821e-02 1.090460040747e-04)
27.3                	(5.781026518117e+00 2.375489345020e+00 5.991115654115e-01)	(5.781026518117e+00 2.375489345020e+00 5.991115654115e-01)	(2.406210722088e-03 -6.177518797916e-02 3.095118507585e-04)	(-9.490235598589e-02 -1.752118253609e-04 -1.262164418451e-01)	(3.125312526947e-03 2.441459646145e-01 -1.097757923089e-04)
27.4                	(5.769402584541e+00 2.375470915822e+00 5.885747523411e-01)	(5.769402584541e+00 2.375470915822e+00 5.885747523411e-01)	(2.747857916138e-03 -3.180633702864e-02 2.109945415063e-04)	(-1.339096111616e-01 -1.876665407525e-04 -8.115540937954e-02)	(3.687098611092e-03 3.447957291285e-01 -2.996588420724e-04)
27.5                	(5.755083164411e+00 2.375453055802e+00 5.833976544508e-01)	(5.755083164411e+00 2.375453055802e+00 5.833976544508e-01)	(3.113343724271e-03 4.795772003807e-03 6.503698178163e-05)	(-1.479242858625e-01 -1.636306107266e-04 -2.065342057573e-02)	(3.540864071597e-03 3.750520069863e-01 -4.743766956610e-04)
27.6                	(5.740758531394e+00 2.375439391248e+00 5.845889068368e-01)	(5.740758531394e+00 2.375439391248e+00 5.845889068368e-01)	(3.434728083748e-03 4.067375263432e-02 -1.093572697885e-04)	(-1.338774684179e-01 -1.034648375059e-04 4.423234595708e-02)	(2.693638783106e-03 3.305864166078e-01 -6.566966834106e-04)
27.7                	(5.729192630628e+00 2.375433299987e+00 5.919852613748e-01)	(5.729192630628e+00 2.375433299987e+00 5.919852613748e-01)	(3.646880055504e-03 6.877939483851e-02 -2.774746828861e-04)	(-9.327603387798e-02 -1.569906167520e-05 1.015096370480e-01)	(1.293832153339e-03 2.229682729024e-01 -6.629610360847e-04)
27.8                	(5.722714505115e+00 2.375436071798e+00 6.042607348267e-01)	(5.722714505115e+00 2.375436071798e+00 6.042607348267e-01)	(3.702657713150e-03 8.403376506308e-02 -3.915463906196e-04)	(-3.387020647804e-02 7.111291095013e-05 1.400294740069e-01)	(-3.747756909165e-04 7.823890161074e-02 -4.743572069636e-04)
27.9                	(5.722639833111e+00 2.375447262491e+00 6.190708530624e-01)	(5.722639833111e+00 2.375447262491e+00 6.190708530624e-01)	(3.585583599350e-03 8.415860841598e-02 -4.277771815975e-04)	(3.252911709340e-02 1.514533050189e-04 1.513376284456e-01)	(-1.994240850915e-03 -7.504935722029e-02 -2.207313033267e-04)
28                  	(5.728976251811e+00 2.375465636107e+00 6.335192915008e-01)	(5.728976251811e+00 2.375465636107e+00 6.335192915008e-01)	(3.317241933024e-03 6.957927608718e-02 -3.811369081569e-04)	(9.206211566695e-02 2.108018259012e-04 1.328337681690e-01)	(-3.209328031314e-03 -2.120679380973e-01 1.706879362676e-04)
