                 0.1	   7.000343875777e-01   3.438757765784e-05
0.2	   7.000741696815e-01   7.416968145746e-05
0.3	   7.001222520859e-01   1.222520858531e-04
0.4	   7.001800256618e-01   1.800256617617e-04
0.5	   7.002376872603e-01   2.376872603228e-04
0.6	   7.002875836289e-01   2.875836288769e-04
0.7	   7.003479382008e-01   3.479382007754e-04
0.8	   7.004679267913e-01   4.679267913410e-04
0.9	   7.007199771773e-01   7.199771773341e-04
1	   7.011697184012e-01   1.169718401242e-03
1.1	   7.018418213980e-01   1.841821397971e-03
1.2	   7.027048885364e-01   2.704888536431e-03
1.3	   7.036759374212e-01   3.675937421208e-03
1.4	   7.046369062513e-01   4.636906251289e-03
1.5	   7.054516869058e-01   5.451686905839e-03
1.6	   7.059840445631e-01   5.984044563110e-03
1.7	   7.061211423906e-01   6.121142390647e-03
1.8	   7.057979753610e-01   5.797975361006e-03
1.9	   7.049918179240e-01   4.991817924026e-03
2	   7.037335472194e-01   3.733547219434e-03
2.1	   7.021119726517e-01   2.111972651707e-03
2.2	   7.002546027820e-01   2.546027820355e-04
2.3	   6.982990533370e-01  -1.700946663004e-03
2.4	   6.963668717091e-01  -3.633128290878e-03
2.5	   6.945462450512e-01  -5.453754948831e-03
2.6	   6.928940916091e-01  -7.105908390918e-03
2.7	   6.914447386542e-01  -8.555261345782e-03
2.8	   6.902091916067e-01  -9.790808393285e-03
2.9	   6.891944653131e-01  -1.080553468690e-02
3	   6.884151869550e-01  -1.158481304504e-02
3.1	   6.878875229564e-01  -1.211247704362e-02
3.2	   6.876249636998e-01  -1.237503630020e-02
3.3	   6.876388876587e-01  -1.236111234130e-02
3.4	   6.879438212838e-01  -1.205617871618e-02
3.5	   6.885625882623e-01  -1.143741173772e-02
3.6	   6.895310500213e-01  -1.046894997870e-02
3.7	   6.909017076398e-01  -9.098292360201e-03
3.8	   6.927461435042e-01  -7.253856495758e-03
3.9	   6.951427460047e-01  -4.857253995250e-03
4	   6.981607373584e-01  -1.839262641622e-03
4.1	   7.018453694344e-01   1.845369434378e-03
4.2	   7.061526605015e-01   6.152660501527e-03
4.3	   7.109439185660e-01   1.094391856605e-02
4.4	   7.159662541058e-01   1.596625410583e-02
4.5	   7.208004422035e-01   2.080044220348e-02
4.6	   7.249943324893e-01   2.499433248931e-02
4.7	   7.280843813690e-01   2.808438136904e-02
4.8	   7.296870266660e-01   2.968702666601e-02
4.9	   7.295750475778e-01   2.957504757781e-02
5	   7.277027957037e-01   2.770279570374e-02
5.1	   7.242445399393e-01   2.424453993935e-02
5.2	   7.195183378226e-01   1.951833782261e-02
5.3	   7.139346320593e-01   1.393463205935e-02
5.4	   7.078873833035e-01   7.887383303455e-03
5.5	   7.017436722243e-01   1.743672224253e-03
5.6	   6.958122495325e-01  -4.187750467540e-03
5.7	   6.903252315223e-01  -9.674768477710e-03
5.8	   6.854641637869e-01  -1.453583621312e-02
5.9	   6.813265110316e-01  -1.867348896840e-02
6	   6.779916030319e-01  -2.200839696806e-02
6.1	   6.754808773163e-01  -2.451912268374e-02
6.2	   6.737841676552e-01  -2.621583234476e-02
6.3	   6.728485152143e-01  -2.715148478573e-02
6.4	   6.725894351688e-01  -2.741056483119e-02
6.5	   6.729091645407e-01  -2.709083545927e-02
6.6	   6.737209066206e-01  -2.627909337935e-02
6.7	   6.749645058187e-01  -2.503549418132e-02
6.8	   6.766247335866e-01  -2.337526641336e-02
6.9	   6.787489780354e-01  -2.125102196464e-02
7	   6.814417089406e-01  -1.855829105943e-02
7.1	   6.848760891379e-01  -1.512391086206e-02
7.2	   6.892865787122e-01  -1.071342128782e-02
7.3	   6.948704514592e-01  -5.129548540758e-03
7.4	   7.017769770150e-01   1.776977014998e-03
7.5	   7.100186973795e-01   1.001869737948e-02
7.6	   7.194171689364e-01   1.941716893639e-02
7.7	   7.293391000195e-01   2.933910001953e-02
7.8	   7.389410565042e-01   3.894105650421e-02
7.9	   7.471651034206e-01   4.716510342062e-02
8	   7.528988392228e-01   5.289883922280e-02
8.1	   7.553939525012e-01   5.539395250116e-02
8.2	   7.544018341819e-01   5.440183418191e-02
8.3	   7.501454947916e-01   5.014549479161e-02
8.4	   7.432566934246e-01   4.325669342463e-02
8.5	   7.345684812162e-01   3.456848121618e-02
8.6	   7.248284526378e-01   2.482845263777e-02
8.7	   7.147830705273e-01   1.478307052734e-02
8.8	   7.049112909191e-01   4.911290919102e-03
8.9	   6.956012691091e-01  -4.398730890926e-03
9	   6.871285038115e-01  -1.287149618855e-02
9.1	   6.796402086769e-01  -2.035979132314e-02
9.2	   6.732969224846e-01  -2.670307751540e-02
9.3	   6.681808303289e-01  -3.181916967109e-02
9.4	   6.643505779423e-01  -3.564942205768e-02
9.5	   6.617989222689e-01  -3.820107773112e-02
9.6	   6.604581801697e-01  -3.954181983035e-02
9.7	   6.602188002613e-01  -3.978119973865e-02
9.8	   6.609389990826e-01  -3.906100091740e-02
9.9	   6.624563794419e-01  -3.754362055809e-02
10	   6.646222801508e-01  -3.537771984921e-02
10.1	   6.673117293767e-01  -3.268827062334e-02
10.2	   6.704700121160e-01  -2.952998788400e-02
10.3	   6.741377224891e-01  -2.586227751095e-02
10.4	   6.784803087051e-01  -2.151969129486e-02
10.5	   6.837608529491e-01  -1.623914705090e-02
10.6	   6.903121639612e-01  -9.687836038830e-03
10.7	   6.983869083117e-01  -1.613091688338e-03
10.8	   7.080138787034e-01   8.013878703404e-03
10.9	   7.190321467356e-01   1.903214673556e-02
11	   7.307213633185e-01   3.072136331847e-02
11.1	   7.420459195441e-01   4.204591954414e-02
11.2	   7.516626493982e-01   5.166264939815e-02
11.3	   7.582365398533e-01   5.823653985330e-02
11.4	   7.609606814484e-01   6.096068144842e-02
11.5	   7.596659371132e-01   5.966593711317e-02
11.6	   7.547879393788e-01   5.478793937881e-02
11.7	   7.471917884916e-01   4.719178849162e-02
11.8	   7.378601176255e-01   3.786011762550e-02
11.9	   7.275692355919e-01   2.756923559194e-02
12	   7.170781553048e-01   1.707815530476e-02
12.1	   7.068821006287e-01   6.882100628734e-03
12.2	   6.973171423284e-01  -2.682857671562e-03
12.3	   6.886661199812e-01  -1.133388001877e-02
12.4	   6.810514041725e-01  -1.894859582752e-02
12.5	   6.745900717066e-01  -2.540992829339e-02
12.6	   6.693269972464e-01  -3.067300275358e-02
12.7	   6.652754679833e-01  -3.472453201666e-02
12.8	   6.624374657402e-01  -3.756253425984e-02
12.9	   6.607594244698e-01  -3.924057553017e-02
13	   6.601868923598e-01  -3.981310764015e-02
13.1	   6.606283063018e-01  -3.937169369823e-02
13.2	   6.619552840264e-01  -3.804471597360e-02
13.3	   6.640094582829e-01  -3.599054171715e-02
13.4	   6.666225829743e-01  -3.337741702571e-02
13.5	   6.696763908416e-01  -3.032360915844e-02
13.6	   6.731619539031e-01  -2.683804609694e-02
13.7	   6.772106575966e-01  -2.278934240338e-02
13.8	   6.820948878677e-01  -1.790511213232e-02
13.9	   6.881592868018e-01  -1.184071319818e-02
14	   6.957329299116e-01  -4.267070088405e-03
14.1	   7.049120960470e-01   4.912096047010e-03
14.2	   7.155958342952e-01   1.559583429516e-02
14.3	   7.272415823880e-01   2.724158238800e-02
14.4	   7.388516040681e-01   3.885160406811e-02
14.5	   7.491832714726e-01   4.918327147261e-02
14.6	   7.568019725273e-01   5.680197252727e-02
14.7	   7.607147637327e-01   6.071476373270e-02
14.8	   7.605621873755e-01   6.056218737554e-02
14.9	   7.566127613305e-01   5.661276133054e-02
15	   7.496634345147e-01   4.966343451467e-02
15.1	   7.407028303641e-01   4.070283036408e-02
15.2	   7.306148266461e-01   3.061482664607e-02
15.3	   7.201406466734e-01   2.014064667344e-02
15.4	   7.098648603618e-01   9.864860361769e-03
15.5	   7.001108794449e-01   1.108794448696e-04
15.6	   6.911875512198e-01  -8.812448780161e-03
15.7	   6.832621426743e-01  -1.673785732575e-02
15.8	   6.764278514653e-01  -2.357214853469e-02
15.9	   6.707752549501e-01  -2.922474504990e-02
16	   6.663263402325e-01  -3.367365976750e-02
16.1	   6.631061645059e-01  -3.689383549411e-02
16.2	   6.610775419832e-01  -3.892245801680e-02
16.3	   6.601910070959e-01  -3.980899290408e-02
16.4	   6.603615495391e-01  -3.963845046093e-02
16.5	   6.614691641523e-01  -3.853083584770e-02
16.6	   6.633550617570e-01  -3.664493824296e-02
16.7	   6.658446836637e-01  -3.415531633631e-02
16.8	   6.687909186195e-01  -3.120908138048e-02
16.9	   6.721453379710e-01  -2.785466202896e-02
17	   6.759914991167e-01  -2.400850088330e-02
17.1	   6.805724993133e-01  -1.942750068672e-02
17.2	   6.862128006683e-01  -1.378719933168e-02
17.3	   6.932882495115e-01  -6.711750488480e-03
17.4	   7.019644053404e-01   1.964405340419e-03
17.5	   7.122062249566e-01   1.220622495657e-02
17.6	   7.236608133845e-01   2.366081338449e-02
17.7	   7.354028334631e-01   3.540283346310e-02
17.8	   7.463038246920e-01   4.630382469197e-02
17.9	   7.548955328408e-01   5.489553284081e-02
18	   7.600115305592e-01   6.001153055921e-02
18.1	   7.610903830893e-01   6.109038308928e-02
18.2	   7.582080371436e-01   5.820803714359e-02
18.3	   7.520401221326e-01   5.204012213261e-02
18.4	   7.435546226561e-01   4.355462265611e-02
18.5	   7.337101239155e-01   3.371012391551e-02
18.6	   7.232570240989e-01   2.325702409893e-02
18.7	   7.128782829443e-01   1.287828294428e-02
18.8	   7.029232258957e-01   2.923225895727e-03
18.9	   6.937359055496e-01  -6.264094450364e-03
19	   6.855082474400e-01  -1.449175256000e-02
19.1	   6.783343760627e-01  -2.166562393728e-02
19.2	   6.723225058399e-01  -2.767749416008e-02
19.3	   6.675072095842e-01  -3.249279041579e-02
19.4	   6.639182207586e-01  -3.608177924136e-02
19.5	   6.615359024572e-01  -3.846409754276e-02
19.6	   6.603154501110e-01  -3.968454988900e-02
19.7	   6.601852580654e-01  -3.981474193460e-02
19.8	   6.610387427848e-01  -3.896125721515e-02
19.9	   6.627209178533e-01  -3.727908214668e-02
20	   6.650586040194e-01  -3.494139598059e-02
20.1	   6.678842376436e-01  -3.211576235637e-02
20.2	   6.711142967120e-01  -2.888570328803e-02
20.3	   6.747904900890e-01  -2.520950991105e-02
20.4	   6.791153701647e-01  -2.088462983526e-02
20.5	   6.843977839319e-01  -1.560221606814e-02
20.6	   6.910143940754e-01  -8.985605924623e-03
20.7	   6.992113421043e-01  -7.886578956932e-04
20.8	   7.090036381246e-01   9.003638124644e-03
20.9	   7.201818354036e-01   2.018183540361e-02
21	   7.319478998248e-01   3.194789982476e-02
21.1	   7.432415032239e-01   4.324150322392e-02
21.2	   7.526604707778e-01   5.266047077776e-02
21.3	   7.588924152872e-01   5.889241528722e-02
21.4	   7.611849491668e-01   6.118494916681e-02
21.5	   7.594313074564e-01   5.943130745636e-02
21.6	   7.541428418203e-01   5.414284182033e-02
21.7	   7.462447186682e-01   4.624471866823e-02
21.8	   7.367331367747e-01   3.673313677469e-02
21.9	   7.263875160690e-01   2.638751606895e-02
22	   7.159456796935e-01   1.594567969349e-02
22.1	   7.058543475762e-01   5.854347576163e-03
22.2	   6.964240021313e-01  -3.575997868707e-03
22.3	   6.879012710601e-01  -1.209872893993e-02
22.4	   6.803950956700e-01  -1.960490432997e-02
22.5	   6.740217761102e-01  -2.597822388982e-02
22.6	   6.688301226771e-01  -3.116987732293e-02
22.7	   6.648571254857e-01  -3.514287451425e-02
22.8	   6.621072570618e-01  -3.789274293819e-02
22.9	   6.605404418220e-01  -3.945955817800e-02
23	   6.601000296424e-01  -3.989997035760e-02
23.1	   6.606915882274e-01  -3.930841177263e-02
23.2	   6.621638038836e-01  -3.783619611640e-02
23.3	   6.643417083915e-01  -3.565829160852e-02
23.4	   6.670419845375e-01  -3.295801546253e-02
23.5	   6.701489551621e-01  -2.985104483792e-02
23.6	   6.736675908611e-01  -2.633240913891e-02
23.7	   6.777541153335e-01  -2.224588466651e-02
23.8	   6.826989474524e-01  -1.730105254763e-02
23.9	   6.888661509990e-01  -1.113384900096e-02
24	   6.965732265721e-01  -3.426773427895e-03
24.1	   7.058998225017e-01   5.899822501699e-03
24.2	   7.167200387782e-01   1.672003877824e-02
24.3	   7.284251283848e-01   2.842512838485e-02
24.4	   7.399961959719e-01   3.999619597186e-02
24.5	   7.501462071814e-01   5.014620718144e-02
24.6	   7.574515438657e-01   5.745154386568e-02
24.7	   7.609723031303e-01   6.097230313033e-02
24.8	   7.604004498169e-01   6.040044981695e-02
24.9	   7.560747692566e-01   5.607476925658e-02
25	   7.488379554661e-01   4.883795546605e-02
25.1	   7.396968270669e-01   3.969682706687e-02
25.2	   7.295043284886e-01   2.950432848864e-02
25.3	   7.190230482992e-01   1.902304829924e-02
25.4	   7.087947647265e-01   8.794764726538e-03
25.5	   6.991347789964e-01  -8.652210036216e-04
25.6	   6.903258036340e-01  -9.674196365991e-03
25.7	   6.825156182419e-01  -1.748438175808e-02
25.8	   6.757961147887e-01  -2.420388521126e-02
25.9	   6.702464266651e-01  -2.975357333488e-02
26	   6.658952149698e-01  -3.410478503025e-02
26.1	   6.627749001784e-01  -3.722509982163e-02
26.2	   6.608502368741e-01  -3.914976312594e-02
26.3	   6.600810810977e-01  -3.991891890227e-02
26.4	   6.603858280773e-01  -3.961417192269e-02
26.5	   6.616257368238e-01  -3.837426317620e-02
26.6	   6.636264938571e-01  -3.637350614287e-02
26.7	   6.661949433485e-01  -3.380505665150e-02
26.8	   6.691886943604e-01  -3.081130563962e-02
26.9	   6.725773867304e-01  -2.742261326962e-02
27	   6.764682822318e-01  -2.353171776824e-02
27.1	   6.811231848245e-01  -1.887681517549e-02
27.2	   6.868807531729e-01  -1.311924682707e-02
27.3	   6.941082663631e-01  -5.891733636898e-03
27.4	   7.029550386316e-01   2.955038631557e-03
27.5	   7.133600674974e-01   1.336006749744e-02
27.6	   7.249011459058e-01   2.490114590579e-02
27.7	   7.366258228084e-01   3.662582280837e-02
27.8	   7.473653249695e-01   4.736532496947e-02
27.9	   7.556502804625e-01   5.565028046253e-02
28	   7.603652361489e-01   6.036523614891e-02
