                 0.1	(   5.750000000000e+00   3.500000000000e+00  7.000343875777e-01) 
0.2	(   5.750000000000e+00   3.500000000000e+00  7.000741696815e-01) 
0.3	(   5.750000000000e+00   3.500000000000e+00  7.001222520859e-01) 
0.4	(   5.750000000000e+00   3.500000000000e+00  7.001800256618e-01) 
0.5	(   5.750000000000e+00   3.500000000000e+00  7.002376872603e-01) 
0.6	(   5.750000000000e+00   3.500000000000e+00  7.002875836289e-01) 
0.7	(   5.750000000000e+00   3.500000000000e+00  7.003479382008e-01) 
0.8	(   5.750000000000e+00   3.500000000000e+00  7.004679267913e-01) 
0.9	(   5.750000000000e+00   3.500000000000e+00  7.007199771773e-01) 
1	(   5.750000000000e+00   3.500000000000e+00  7.011697184012e-01) 
1.1	(   5.750000000000e+00   3.500000000000e+00  7.018418213980e-01) 
1.2	(   5.750000000000e+00   3.500000000000e+00  7.027048885364e-01) 
1.3	(   5.750000000000e+00   3.500000000000e+00  7.036759374212e-01) 
1.4	(   5.750000000000e+00   3.500000000000e+00  7.046369062513e-01) 
1.5	(   5.750000000000e+00   3.500000000000e+00  7.054516869058e-01) 
1.6	(   5.750000000000e+00   3.500000000000e+00  7.059840445631e-01) 
1.7	(   5.750000000000e+00   3.500000000000e+00  7.061211423906e-01) 
1.8	(   5.750000000000e+00   3.500000000000e+00  7.057979753610e-01) 
1.9	(   5.750000000000e+00   3.500000000000e+00  7.049918179240e-01) 
2	(   5.750000000000e+00   3.500000000000e+00  7.037335472194e-01) 
2.1	(   5.750000000000e+00   3.500000000000e+00  7.021119726517e-01) 
2.2	(   5.750000000000e+00   3.500000000000e+00  7.002546027820e-01) 
2.3	(   5.750000000000e+00   3.500000000000e+00  6.982990533370e-01) 
2.4	(   5.750000000000e+00   3.500000000000e+00  6.963668717091e-01) 
2.5	(   5.750000000000e+00   3.500000000000e+00  6.945462450512e-01) 
2.6	(   5.750000000000e+00   3.500000000000e+00  6.928940916091e-01) 
2.7	(   5.750000000000e+00   3.500000000000e+00  6.914447386542e-01) 
2.8	(   5.750000000000e+00   3.500000000000e+00  6.902091916067e-01) 
2.9	(   5.750000000000e+00   3.500000000000e+00  6.891944653131e-01) 
3	(   5.750000000000e+00   3.500000000000e+00  6.884151869550e-01) 
3.1	(   5.750000000000e+00   3.500000000000e+00  6.878875229564e-01) 
3.2	(   5.750000000000e+00   3.500000000000e+00  6.876249636998e-01) 
3.3	(   5.750000000000e+00   3.500000000000e+00  6.876388876587e-01) 
3.4	(   5.750000000000e+00   3.500000000000e+00  6.879438212838e-01) 
3.5	(   5.750000000000e+00   3.500000000000e+00  6.885625882623e-01) 
3.6	(   5.750000000000e+00   3.500000000000e+00  6.895310500213e-01) 
3.7	(   5.750000000000e+00   3.500000000000e+00  6.909017076398e-01) 
3.8	(   5.750000000000e+00   3.500000000000e+00  6.927461435042e-01) 
3.9	(   5.750000000000e+00   3.500000000000e+00  6.951427460047e-01) 
4	(   5.750000000000e+00   3.500000000000e+00  6.981607373584e-01) 
4.1	(   5.750000000000e+00   3.500000000000e+00  7.018453694344e-01) 
4.2	(   5.750000000000e+00   3.500000000000e+00  7.061526605015e-01) 
4.3	(   5.750000000000e+00   3.500000000000e+00  7.109439185660e-01) 
4.4	(   5.750000000000e+00   3.500000000000e+00  7.159662541058e-01) 
4.5	(   5.750000000000e+00   3.500000000000e+00  7.208004422035e-01) 
4.6	(   5.750000000000e+00   3.500000000000e+00  7.249943324893e-01) 
4.7	(   5.750000000000e+00   3.500000000000e+00  7.280843813690e-01) 
4.8	(   5.750000000000e+00   3.500000000000e+00  7.296870266660e-01) 
4.9	(   5.750000000000e+00   3.500000000000e+00  7.295750475778e-01) 
5	(   5.750000000000e+00   3.500000000000e+00  7.277027957037e-01) 
5.1	(   5.750000000000e+00   3.500000000000e+00  7.242445399393e-01) 
5.2	(   5.750000000000e+00   3.500000000000e+00  7.195183378226e-01) 
5.3	(   5.750000000000e+00   3.500000000000e+00  7.139346320593e-01) 
5.4	(   5.750000000000e+00   3.500000000000e+00  7.078873833035e-01) 
5.5	(   5.750000000000e+00   3.500000000000e+00  7.017436722243e-01) 
5.6	(   5.750000000000e+00   3.500000000000e+00  6.958122495325e-01) 
5.7	(   5.750000000000e+00   3.500000000000e+00  6.903252315223e-01) 
5.8	(   5.750000000000e+00   3.500000000000e+00  6.854641637869e-01) 
5.9	(   5.750000000000e+00   3.500000000000e+00  6.813265110316e-01) 
6	(   5.750000000000e+00   3.500000000000e+00  6.779916030319e-01) 
6.1	(   5.750000000000e+00   3.500000000000e+00  6.754808773163e-01) 
6.2	(   5.750000000000e+00   3.500000000000e+00  6.737841676552e-01) 
6.3	(   5.750000000000e+00   3.500000000000e+00  6.728485152143e-01) 
6.4	(   5.750000000000e+00   3.500000000000e+00  6.725894351688e-01) 
6.5	(   5.750000000000e+00   3.500000000000e+00  6.729091645407e-01) 
6.6	(   5.750000000000e+00   3.500000000000e+00  6.737209066206e-01) 
6.7	(   5.750000000000e+00   3.500000000000e+00  6.749645058187e-01) 
6.8	(   5.750000000000e+00   3.500000000000e+00  6.766247335866e-01) 
6.9	(   5.750000000000e+00   3.500000000000e+00  6.787489780354e-01) 
7	(   5.750000000000e+00   3.500000000000e+00  6.814417089406e-01) 
7.1	(   5.750000000000e+00   3.500000000000e+00  6.848760891379e-01) 
7.2	(   5.750000000000e+00   3.500000000000e+00  6.892865787122e-01) 
7.3	(   5.750000000000e+00   3.500000000000e+00  6.948704514592e-01) 
7.4	(   5.750000000000e+00   3.500000000000e+00  7.017769770150e-01) 
7.5	(   5.750000000000e+00   3.500000000000e+00  7.100186973795e-01) 
7.6	(   5.750000000000e+00   3.500000000000e+00  7.194171689364e-01) 
7.7	(   5.750000000000e+00   3.500000000000e+00  7.293391000195e-01) 
7.8	(   5.750000000000e+00   3.500000000000e+00  7.389410565042e-01) 
7.9	(   5.750000000000e+00   3.500000000000e+00  7.471651034206e-01) 
8	(   5.750000000000e+00   3.500000000000e+00  7.528988392228e-01) 
8.1	(   5.750000000000e+00   3.500000000000e+00  7.553939525012e-01) 
8.2	(   5.750000000000e+00   3.500000000000e+00  7.544018341819e-01) 
8.3	(   5.750000000000e+00   3.500000000000e+00  7.501454947916e-01) 
8.4	(   5.750000000000e+00   3.500000000000e+00  7.432566934246e-01) 
8.5	(   5.750000000000e+00   3.500000000000e+00  7.345684812162e-01) 
8.6	(   5.750000000000e+00   3.500000000000e+00  7.248284526378e-01) 
8.7	(   5.750000000000e+00   3.500000000000e+00  7.147830705273e-01) 
8.8	(   5.750000000000e+00   3.500000000000e+00  7.049112909191e-01) 
8.9	(   5.750000000000e+00   3.500000000000e+00  6.956012691091e-01) 
9	(   5.750000000000e+00   3.500000000000e+00  6.871285038115e-01) 
9.1	(   5.750000000000e+00   3.500000000000e+00  6.796402086769e-01) 
9.2	(   5.750000000000e+00   3.500000000000e+00  6.732969224846e-01) 
9.3	(   5.750000000000e+00   3.500000000000e+00  6.681808303289e-01) 
9.4	(   5.750000000000e+00   3.500000000000e+00  6.643505779423e-01) 
9.5	(   5.750000000000e+00   3.500000000000e+00  6.617989222689e-01) 
9.6	(   5.750000000000e+00   3.500000000000e+00  6.604581801697e-01) 
9.7	(   5.750000000000e+00   3.500000000000e+00  6.602188002613e-01) 
9.8	(   5.750000000000e+00   3.500000000000e+00  6.609389990826e-01) 
9.9	(   5.750000000000e+00   3.500000000000e+00  6.624563794419e-01) 
10	(   5.750000000000e+00   3.500000000000e+00  6.646222801508e-01) 
10.1	(   5.750000000000e+00   3.500000000000e+00  6.673117293767e-01) 
10.2	(   5.750000000000e+00   3.500000000000e+00  6.704700121160e-01) 
10.3	(   5.750000000000e+00   3.500000000000e+00  6.741377224891e-01) 
10.4	(   5.750000000000e+00   3.500000000000e+00  6.784803087051e-01) 
10.5	(   5.750000000000e+00   3.500000000000e+00  6.837608529491e-01) 
10.6	(   5.750000000000e+00   3.500000000000e+00  6.903121639612e-01) 
10.7	(   5.750000000000e+00   3.500000000000e+00  6.983869083117e-01) 
10.8	(   5.750000000000e+00   3.500000000000e+00  7.080138787034e-01) 
10.9	(   5.750000000000e+00   3.500000000000e+00  7.190321467356e-01) 
11	(   5.750000000000e+00   3.500000000000e+00  7.307213633185e-01) 
11.1	(   5.750000000000e+00   3.500000000000e+00  7.420459195441e-01) 
11.2	(   5.750000000000e+00   3.500000000000e+00  7.516626493982e-01) 
11.3	(   5.750000000000e+00   3.500000000000e+00  7.582365398533e-01) 
11.4	(   5.750000000000e+00   3.500000000000e+00  7.609606814484e-01) 
11.5	(   5.750000000000e+00   3.500000000000e+00  7.596659371132e-01) 
11.6	(   5.750000000000e+00   3.500000000000e+00  7.547879393788e-01) 
11.7	(   5.750000000000e+00   3.500000000000e+00  7.471917884916e-01) 
11.8	(   5.750000000000e+00   3.500000000000e+00  7.378601176255e-01) 
11.9	(   5.750000000000e+00   3.500000000000e+00  7.275692355919e-01) 
12	(   5.750000000000e+00   3.500000000000e+00  7.170781553048e-01) 
12.1	(   5.750000000000e+00   3.500000000000e+00  7.068821006287e-01) 
12.2	(   5.750000000000e+00   3.500000000000e+00  6.973171423284e-01) 
12.3	(   5.750000000000e+00   3.500000000000e+00  6.886661199812e-01) 
12.4	(   5.750000000000e+00   3.500000000000e+00  6.810514041725e-01) 
12.5	(   5.750000000000e+00   3.500000000000e+00  6.745900717066e-01) 
12.6	(   5.750000000000e+00   3.500000000000e+00  6.693269972464e-01) 
12.7	(   5.750000000000e+00   3.500000000000e+00  6.652754679833e-01) 
12.8	(   5.750000000000e+00   3.500000000000e+00  6.624374657402e-01) 
12.9	(   5.750000000000e+00   3.500000000000e+00  6.607594244698e-01) 
13	(   5.750000000000e+00   3.500000000000e+00  6.601868923598e-01) 
13.1	(   5.750000000000e+00   3.500000000000e+00  6.606283063018e-01) 
13.2	(   5.750000000000e+00   3.500000000000e+00  6.619552840264e-01) 
13.3	(   5.750000000000e+00   3.500000000000e+00  6.640094582829e-01) 
13.4	(   5.750000000000e+00   3.500000000000e+00  6.666225829743e-01) 
13.5	(   5.750000000000e+00   3.500000000000e+00  6.696763908416e-01) 
13.6	(   5.750000000000e+00   3.500000000000e+00  6.731619539031e-01) 
13.7	(   5.750000000000e+00   3.500000000000e+00  6.772106575966e-01) 
13.8	(   5.750000000000e+00   3.500000000000e+00  6.820948878677e-01) 
13.9	(   5.750000000000e+00   3.500000000000e+00  6.881592868018e-01) 
14	(   5.750000000000e+00   3.500000000000e+00  6.957329299116e-01) 
14.1	(   5.750000000000e+00   3.500000000000e+00  7.049120960470e-01) 
14.2	(   5.750000000000e+00   3.500000000000e+00  7.155958342952e-01) 
14.3	(   5.750000000000e+00   3.500000000000e+00  7.272415823880e-01) 
14.4	(   5.750000000000e+00   3.500000000000e+00  7.388516040681e-01) 
14.5	(   5.750000000000e+00   3.500000000000e+00  7.491832714726e-01) 
14.6	(   5.750000000000e+00   3.500000000000e+00  7.568019725273e-01) 
14.7	(   5.750000000000e+00   3.500000000000e+00  7.607147637327e-01) 
14.8	(   5.750000000000e+00   3.500000000000e+00  7.605621873755e-01) 
14.9	(   5.750000000000e+00   3.500000000000e+00  7.566127613305e-01) 
15	(   5.750000000000e+00   3.500000000000e+00  7.496634345147e-01) 
15.1	(   5.750000000000e+00   3.500000000000e+00  7.407028303641e-01) 
15.2	(   5.750000000000e+00   3.500000000000e+00  7.306148266461e-01) 
15.3	(   5.750000000000e+00   3.500000000000e+00  7.201406466734e-01) 
15.4	(   5.750000000000e+00   3.500000000000e+00  7.098648603618e-01) 
15.5	(   5.750000000000e+00   3.500000000000e+00  7.001108794449e-01) 
15.6	(   5.750000000000e+00   3.500000000000e+00  6.911875512198e-01) 
15.7	(   5.750000000000e+00   3.500000000000e+00  6.832621426743e-01) 
15.8	(   5.750000000000e+00   3.500000000000e+00  6.764278514653e-01) 
15.9	(   5.750000000000e+00   3.500000000000e+00  6.707752549501e-01) 
16	(   5.750000000000e+00   3.500000000000e+00  6.663263402325e-01) 
16.1	(   5.750000000000e+00   3.500000000000e+00  6.631061645059e-01) 
16.2	(   5.750000000000e+00   3.500000000000e+00  6.610775419832e-01) 
16.3	(   5.750000000000e+00   3.500000000000e+00  6.601910070959e-01) 
16.4	(   5.750000000000e+00   3.500000000000e+00  6.603615495391e-01) 
16.5	(   5.750000000000e+00   3.500000000000e+00  6.614691641523e-01) 
16.6	(   5.750000000000e+00   3.500000000000e+00  6.633550617570e-01) 
16.7	(   5.750000000000e+00   3.500000000000e+00  6.658446836637e-01) 
16.8	(   5.750000000000e+00   3.500000000000e+00  6.687909186195e-01) 
16.9	(   5.750000000000e+00   3.500000000000e+00  6.721453379710e-01) 
17	(   5.750000000000e+00   3.500000000000e+00  6.759914991167e-01) 
17.1	(   5.750000000000e+00   3.500000000000e+00  6.805724993133e-01) 
17.2	(   5.750000000000e+00   3.500000000000e+00  6.862128006683e-01) 
17.3	(   5.750000000000e+00   3.500000000000e+00  6.932882495115e-01) 
17.4	(   5.750000000000e+00   3.500000000000e+00  7.019644053404e-01) 
17.5	(   5.750000000000e+00   3.500000000000e+00  7.122062249566e-01) 
17.6	(   5.750000000000e+00   3.500000000000e+00  7.236608133845e-01) 
17.7	(   5.750000000000e+00   3.500000000000e+00  7.354028334631e-01) 
17.8	(   5.750000000000e+00   3.500000000000e+00  7.463038246920e-01) 
17.9	(   5.750000000000e+00   3.500000000000e+00  7.548955328408e-01) 
18	(   5.750000000000e+00   3.500000000000e+00  7.600115305592e-01) 
18.1	(   5.750000000000e+00   3.500000000000e+00  7.610903830893e-01) 
18.2	(   5.750000000000e+00   3.500000000000e+00  7.582080371436e-01) 
18.3	(   5.750000000000e+00   3.500000000000e+00  7.520401221326e-01) 
18.4	(   5.750000000000e+00   3.500000000000e+00  7.435546226561e-01) 
18.5	(   5.750000000000e+00   3.500000000000e+00  7.337101239155e-01) 
18.6	(   5.750000000000e+00   3.500000000000e+00  7.232570240989e-01) 
18.7	(   5.750000000000e+00   3.500000000000e+00  7.128782829443e-01) 
18.8	(   5.750000000000e+00   3.500000000000e+00  7.029232258957e-01) 
18.9	(   5.750000000000e+00   3.500000000000e+00  6.937359055496e-01) 
19	(   5.750000000000e+00   3.500000000000e+00  6.855082474400e-01) 
19.1	(   5.750000000000e+00   3.500000000000e+00  6.783343760627e-01) 
19.2	(   5.750000000000e+00   3.500000000000e+00  6.723225058399e-01) 
19.3	(   5.750000000000e+00   3.500000000000e+00  6.675072095842e-01) 
19.4	(   5.750000000000e+00   3.500000000000e+00  6.639182207586e-01) 
19.5	(   5.750000000000e+00   3.500000000000e+00  6.615359024572e-01) 
19.6	(   5.750000000000e+00   3.500000000000e+00  6.603154501110e-01) 
19.7	(   5.750000000000e+00   3.500000000000e+00  6.601852580654e-01) 
19.8	(   5.750000000000e+00   3.500000000000e+00  6.610387427848e-01) 
19.9	(   5.750000000000e+00   3.500000000000e+00  6.627209178533e-01) 
20	(   5.750000000000e+00   3.500000000000e+00  6.650586040194e-01) 
20.1	(   5.750000000000e+00   3.500000000000e+00  6.678842376436e-01) 
20.2	(   5.750000000000e+00   3.500000000000e+00  6.711142967120e-01) 
20.3	(   5.750000000000e+00   3.500000000000e+00  6.747904900890e-01) 
20.4	(   5.750000000000e+00   3.500000000000e+00  6.791153701647e-01) 
20.5	(   5.750000000000e+00   3.500000000000e+00  6.843977839319e-01) 
20.6	(   5.750000000000e+00   3.500000000000e+00  6.910143940754e-01) 
20.7	(   5.750000000000e+00   3.500000000000e+00  6.992113421043e-01) 
20.8	(   5.750000000000e+00   3.500000000000e+00  7.090036381246e-01) 
20.9	(   5.750000000000e+00   3.500000000000e+00  7.201818354036e-01) 
21	(   5.750000000000e+00   3.500000000000e+00  7.319478998248e-01) 
21.1	(   5.750000000000e+00   3.500000000000e+00  7.432415032239e-01) 
21.2	(   5.750000000000e+00   3.500000000000e+00  7.526604707778e-01) 
21.3	(   5.750000000000e+00   3.500000000000e+00  7.588924152872e-01) 
21.4	(   5.750000000000e+00   3.500000000000e+00  7.611849491668e-01) 
21.5	(   5.750000000000e+00   3.500000000000e+00  7.594313074564e-01) 
21.6	(   5.750000000000e+00   3.500000000000e+00  7.541428418203e-01) 
21.7	(   5.750000000000e+00   3.500000000000e+00  7.462447186682e-01) 
21.8	(   5.750000000000e+00   3.500000000000e+00  7.367331367747e-01) 
21.9	(   5.750000000000e+00   3.500000000000e+00  7.263875160690e-01) 
22	(   5.750000000000e+00   3.500000000000e+00  7.159456796935e-01) 
22.1	(   5.750000000000e+00   3.500000000000e+00  7.058543475762e-01) 
22.2	(   5.750000000000e+00   3.500000000000e+00  6.964240021313e-01) 
22.3	(   5.750000000000e+00   3.500000000000e+00  6.879012710601e-01) 
22.4	(   5.750000000000e+00   3.500000000000e+00  6.803950956700e-01) 
22.5	(   5.750000000000e+00   3.500000000000e+00  6.740217761102e-01) 
22.6	(   5.750000000000e+00   3.500000000000e+00  6.688301226771e-01) 
22.7	(   5.750000000000e+00   3.500000000000e+00  6.648571254857e-01) 
22.8	(   5.750000000000e+00   3.500000000000e+00  6.621072570618e-01) 
22.9	(   5.750000000000e+00   3.500000000000e+00  6.605404418220e-01) 
23	(   5.750000000000e+00   3.500000000000e+00  6.601000296424e-01) 
23.1	(   5.750000000000e+00   3.500000000000e+00  6.606915882274e-01) 
23.2	(   5.750000000000e+00   3.500000000000e+00  6.621638038836e-01) 
23.3	(   5.750000000000e+00   3.500000000000e+00  6.643417083915e-01) 
23.4	(   5.750000000000e+00   3.500000000000e+00  6.670419845375e-01) 
23.5	(   5.750000000000e+00   3.500000000000e+00  6.701489551621e-01) 
23.6	(   5.750000000000e+00   3.500000000000e+00  6.736675908611e-01) 
23.7	(   5.750000000000e+00   3.500000000000e+00  6.777541153335e-01) 
23.8	(   5.750000000000e+00   3.500000000000e+00  6.826989474524e-01) 
23.9	(   5.750000000000e+00   3.500000000000e+00  6.888661509990e-01) 
24	(   5.750000000000e+00   3.500000000000e+00  6.965732265721e-01) 
24.1	(   5.750000000000e+00   3.500000000000e+00  7.058998225017e-01) 
24.2	(   5.750000000000e+00   3.500000000000e+00  7.167200387782e-01) 
24.3	(   5.750000000000e+00   3.500000000000e+00  7.284251283848e-01) 
24.4	(   5.750000000000e+00   3.500000000000e+00  7.399961959719e-01) 
24.5	(   5.750000000000e+00   3.500000000000e+00  7.501462071814e-01) 
24.6	(   5.750000000000e+00   3.500000000000e+00  7.574515438657e-01) 
24.7	(   5.750000000000e+00   3.500000000000e+00  7.609723031303e-01) 
24.8	(   5.750000000000e+00   3.500000000000e+00  7.604004498169e-01) 
24.9	(   5.750000000000e+00   3.500000000000e+00  7.560747692566e-01) 
25	(   5.750000000000e+00   3.500000000000e+00  7.488379554661e-01) 
25.1	(   5.750000000000e+00   3.500000000000e+00  7.396968270669e-01) 
25.2	(   5.750000000000e+00   3.500000000000e+00  7.295043284886e-01) 
25.3	(   5.750000000000e+00   3.500000000000e+00  7.190230482992e-01) 
25.4	(   5.750000000000e+00   3.500000000000e+00  7.087947647265e-01) 
25.5	(   5.750000000000e+00   3.500000000000e+00  6.991347789964e-01) 
25.6	(   5.750000000000e+00   3.500000000000e+00  6.903258036340e-01) 
25.7	(   5.750000000000e+00   3.500000000000e+00  6.825156182419e-01) 
25.8	(   5.750000000000e+00   3.500000000000e+00  6.757961147887e-01) 
25.9	(   5.750000000000e+00   3.500000000000e+00  6.702464266651e-01) 
26	(   5.750000000000e+00   3.500000000000e+00  6.658952149698e-01) 
26.1	(   5.750000000000e+00   3.500000000000e+00  6.627749001784e-01) 
26.2	(   5.750000000000e+00   3.500000000000e+00  6.608502368741e-01) 
26.3	(   5.750000000000e+00   3.500000000000e+00  6.600810810977e-01) 
26.4	(   5.750000000000e+00   3.500000000000e+00  6.603858280773e-01) 
26.5	(   5.750000000000e+00   3.500000000000e+00  6.616257368238e-01) 
26.6	(   5.750000000000e+00   3.500000000000e+00  6.636264938571e-01) 
26.7	(   5.750000000000e+00   3.500000000000e+00  6.661949433485e-01) 
26.8	(   5.750000000000e+00   3.500000000000e+00  6.691886943604e-01) 
26.9	(   5.750000000000e+00   3.500000000000e+00  6.725773867304e-01) 
27	(   5.750000000000e+00   3.500000000000e+00  6.764682822318e-01) 
27.1	(   5.750000000000e+00   3.500000000000e+00  6.811231848245e-01) 
27.2	(   5.750000000000e+00   3.500000000000e+00  6.868807531729e-01) 
27.3	(   5.750000000000e+00   3.500000000000e+00  6.941082663631e-01) 
27.4	(   5.750000000000e+00   3.500000000000e+00  7.029550386316e-01) 
27.5	(   5.750000000000e+00   3.500000000000e+00  7.133600674974e-01) 
27.6	(   5.750000000000e+00   3.500000000000e+00  7.249011459058e-01) 
27.7	(   5.750000000000e+00   3.500000000000e+00  7.366258228084e-01) 
27.8	(   5.750000000000e+00   3.500000000000e+00  7.473653249695e-01) 
27.9	(   5.750000000000e+00   3.500000000000e+00  7.556502804625e-01) 
28	(   5.750000000000e+00   3.500000000000e+00  7.603652361489e-01) 
