# Motion State      
# Angle Units       : radians
# Time              	centreOfRotation	centreOfMass	rotation	velocity	omega
0.1                 	(5.750144187560e+00 2.374997393274e+00 5.953782899761e-01)	(5.750144187560e+00 2.374997393274e+00 5.953782899761e-01)	(1.002768761937e-04 1.488130663391e-03 -2.309318811645e-06)	(3.027958412752e-03 -6.160589142215e-05 -1.990956648614e-01)	(3.195362073716e-03 3.736890742149e-02 -5.359968622428e-05)
0.2                 	(5.750515696862e+00 2.374990746685e+00 5.811307298237e-01)	(5.750515696862e+00 2.374990746685e+00 5.811307298237e-01)	(6.131749197739e-04 6.670018478099e-03 -1.211756196124e-05)	(3.905386334672e-03 -6.230414463955e-05 -8.202111089647e-02)	(6.839435808907e-03 6.069440635154e-02 -9.752762055549e-05)
0.3                 	(5.750871920156e+00 2.374984134013e+00 5.791064893571e-01)	(5.750871920156e+00 2.374984134013e+00 5.791064893571e-01)	(1.415813580282e-03 1.247528755366e-02 -2.726824880203e-05)	(3.108310841345e-03 -8.741179460092e-05 3.954644748911e-02)	(8.934194860201e-03 5.033305784588e-02 -8.863450005608e-05)
0.4                 	(5.751146699679e+00 2.374968846313e+00 5.884367826949e-01)	(5.751146699679e+00 2.374968846313e+00 5.884367826949e-01)	(2.343911535054e-03 1.637620144947e-02 -4.279933840710e-05)	(2.509413496479e-03 -2.338543660980e-04 1.412460797898e-01)	(9.336412994080e-03 2.663761147555e-02 -9.056289646748e-05)
0.5                 	(5.751392789898e+00 2.374936975692e+00 6.055676904827e-01)	(5.751392789898e+00 2.374936975692e+00 6.055676904827e-01)	(3.231457198558e-03 1.745608891410e-02 -5.728948618703e-05)	(2.470069372257e-03 -3.946722780555e-04 1.907185518935e-01)	(8.192986179251e-03 -6.378988405131e-03 -1.522152704986e-04)
0.6                 	(5.751643893485e+00 2.374893775999e+00 6.243205042392e-01)	(5.751643893485e+00 2.374893775999e+00 6.243205042392e-01)	(3.948719843097e-03 1.498990608256e-02 -6.937950530268e-05)	(2.580007137359e-03 -4.457490658117e-04 1.735765061071e-01)	(6.022668540733e-03 -4.231330623880e-02 -2.860697494310e-04)
0.7                 	(5.751941866288e+00 2.374853428409e+00 6.386576157417e-01)	(5.751941866288e+00 2.374853428409e+00 6.386576157417e-01)	(4.413825448427e-03 9.645904705411e-03 -8.357419688989e-05)	(3.693935656556e-03 -3.325612934853e-04 1.070516334939e-01)	(3.185118720147e-03 -6.003868589630e-02 -4.423217507059e-04)
0.8                 	(5.752448288946e+00 2.374833079530e+00 6.447968158817e-01)	(5.752448288946e+00 2.374833079530e+00 6.447968158817e-01)	(4.575916267266e-03 3.745621688661e-03 -1.050105955696e-04)	(6.738583242356e-03 -4.575820982238e-05 1.326655544439e-02)	(4.650110541338e-05 -5.461581387489e-02 -4.916566927300e-04)
0.9                 	(5.753314821050e+00 2.374846454300e+00 6.413701276180e-01)	(5.753314821050e+00 2.374846454300e+00 6.413701276180e-01)	(4.433689057438e-03 -7.275473324614e-04 -1.293337577429e-04)	(1.047441667371e-02 3.044533153049e-04 -7.855868440522e-02)	(-2.785876703684e-03 -3.301836261144e-02 -3.814592674114e-04)
1                   	(5.754456898301e+00 2.374889715565e+00 6.303305967310e-01)	(5.754456898301e+00 2.374889715565e+00 6.303305967310e-01)	(4.045109257445e-03 -2.559323384711e-03 -1.491677309018e-04)	(1.164389084808e-02 5.326293819104e-04 -1.343079106467e-01)	(-4.842382807365e-03 -3.050968491161e-03 -1.742668757537e-04)
1.1                 	(5.755456660064e+00 2.374947562820e+00 6.160871007424e-01)	(5.755456660064e+00 2.374947562820e+00 6.160871007424e-01)	(3.495180720530e-03 -1.602678890260e-03 -1.604969505363e-04)	(7.358305170200e-03 5.975462144101e-04 -1.433101617118e-01)	(-5.994246413747e-03 1.932028366437e-02 5.432719366904e-06)
1.2                 	(5.755770918825e+00 2.375004933117e+00 6.029844840998e-01)	(5.755770918825e+00 2.375004933117e+00 6.029844840998e-01)	(2.881509429591e-03 6.851239919366e-04 -1.637067092907e-04)	(-1.492966308476e-03 5.338831395607e-04 -1.126503811595e-01)	(-6.096190873253e-03 2.413338394651e-02 6.618596467025e-05)
1.3                 	(5.755157439184e+00 2.375052949048e+00 5.946864743069e-01)	(5.755157439184e+00 2.375052949048e+00 5.946864743069e-01)	(2.307298056887e-03 3.136380006344e-03 -1.608138716055e-04)	(-1.038515551669e-02 4.260292571974e-04 -4.873476768199e-02)	(-5.257183676483e-03 2.578746878396e-02 1.229595844037e-04)
1.4                 	(5.753844715039e+00 2.375091211472e+00 5.937445285333e-01)	(5.753844715039e+00 2.375091211472e+00 5.937445285333e-01)	(1.853394326842e-03 6.020875183865e-03 -1.521200804782e-04)	(-1.495838887935e-02 3.473539884140e-04 2.961120432428e-02)	(-3.722309044865e-03 3.188794811477e-02 1.624201201521e-04)
1.5                 	(5.752337913173e+00 2.375123680724e+00 5.998834765051e-01)	(5.752337913173e+00 2.375123680724e+00 5.998834765051e-01)	(1.575885944948e-03 9.233314370789e-03 -1.412981845150e-04)	(-1.417023854059e-02 3.058612102466e-04 8.788410872989e-02)	(-1.786542017775e-03 3.086641076672e-02 1.665877910578e-04)
1.6                 	(5.751244414560e+00 2.375152499224e+00 6.102093762883e-01)	(5.751244414560e+00 2.375152499224e+00 6.102093762883e-01)	(1.498331695559e-03 1.208269427086e-02 -1.278332036198e-04)	(-6.535700502166e-03 2.687847335645e-04 1.132327672918e-01)	(2.265514475077e-04 2.628135586049e-02 1.898474607510e-04)
1.7                 	(5.751180534928e+00 2.375177234807e+00 6.213969321641e-01)	(5.751180534928e+00 2.375177234807e+00 6.213969321641e-01)	(1.612700570360e-03 1.435730711705e-02 -1.123505991206e-04)	(5.642796676417e-03 2.259657340491e-04 1.050206371626e-01)	(2.002330489142e-03 1.771035168095e-02 1.765175372489e-04)
1.8                 	(5.752376233846e+00 2.375197556780e+00 6.302673644519e-01)	(5.752376233846e+00 2.375197556780e+00 6.302673644519e-01)	(1.883746350584e-03 1.523217650226e-02 -9.978008517507e-05)	(1.770458216578e-02 1.794810587986e-04 6.829894172778e-02)	(3.342350416643e-03 -2.912921575831e-03 9.993341901138e-05)
1.9                 	(5.754497367944e+00 2.375213311766e+00 6.344593899023e-01)	(5.754497367944e+00 2.375213311766e+00 6.344593899023e-01)	(2.262969303577e-03 1.323793105327e-02 -8.736473662561e-05)	(2.318167672686e-02 1.414994704869e-04 1.371554866601e-02)	(4.142418782563e-03 -3.913518750494e-02 8.729852035676e-05)
2                   	(5.756656536644e+00 2.375227443726e+00 6.328704094714e-01)	(5.756656536644e+00 2.375227443726e+00 6.328704094714e-01)	(2.687812710263e-03 7.186573153864e-03 -5.753512141857e-05)	(1.821406133690e-02 1.484204469209e-04 -4.499592617514e-02)	(4.239971361446e-03 -8.126205465899e-02 2.146073236075e-04)
2.1                 	(5.757839129688e+00 2.375244145038e+00 6.258776893616e-01)	(5.757839129688e+00 2.375244145038e+00 6.258776893616e-01)	(3.089576319064e-03 -2.384844209277e-03 -4.057709613357e-06)	(4.379272529540e-03 1.886203775833e-04 -9.099405163978e-02)	(3.708689993882e-03 -1.042536134848e-01 2.698279062621e-04)
2.2                 	(5.757444842504e+00 2.375265062144e+00 6.157965446669e-01)	(5.757444842504e+00 2.375265062144e+00 6.157965446669e-01)	(3.415793733403e-03 -1.199091893538e-02 4.902030470871e-05)	(-1.207680435518e-02 2.274376925628e-04 -1.038400133213e-01)	(2.749101953023e-03 -7.805289786098e-02 1.333963486282e-04)
2.3                 	(5.755568779072e+00 2.375288880509e+00 6.064035888933e-01)	(5.755568779072e+00 2.375288880509e+00 6.064035888933e-01)	(3.629531922497e-03 -1.622303349437e-02 6.885405779172e-05)	(-2.442282281793e-02 2.488555565512e-04 -7.929346723875e-02)	(1.466378840601e-03 -6.846899832074e-04 -2.855293820660e-05)
2.4                 	(5.752909018823e+00 2.375315155544e+00 6.006822268492e-01)	(5.752909018823e+00 2.375315155544e+00 6.006822268492e-01)	(3.701052400076e-03 -1.145437759954e-02 4.378338042114e-05)	(-2.682023955574e-02 2.762383446930e-04 -3.357527090032e-02)	(-5.020667141498e-05 9.534993666393e-02 -1.134835086769e-04)
2.5                 	(5.750659463218e+00 2.375343911648e+00 5.998169410408e-01)	(5.750659463218e+00 2.375343911648e+00 5.998169410408e-01)	(3.619581833785e-03 2.119257328419e-03 -2.129305656252e-05)	(-1.597117347311e-02 2.947337093072e-04 1.595916487891e-02)	(-1.543227676181e-03 1.691826951948e-01 -1.904788451040e-04)
2.6                 	(5.750087506045e+00 2.375373398471e+00 6.036912638358e-01)	(5.750087506045e+00 2.375373398471e+00 6.036912638358e-01)	(3.403388275927e-03 2.041024041228e-02 -1.078127692889e-04)	(5.677303824885e-03 2.907306653585e-04 5.995057633322e-02)	(-2.728004610001e-03 1.841372658531e-01 -2.429052426198e-04)
2.7                 	(5.751830416320e+00 2.375401643728e+00 6.113431719872e-01)	(5.751830416320e+00 2.375401643728e+00 6.113431719872e-01)	(3.094797276646e-03 3.607688557000e-02 -1.827214234536e-04)	(2.858894148806e-02 2.749302680110e-04 9.038373567685e-02)	(-3.385477575882e-03 1.154615899700e-01 -2.158896311842e-04)
2.8                 	(5.755470083357e+00 2.375428449808e+00 6.210071810866e-01)	(5.755470083357e+00 2.375428449808e+00 6.210071810866e-01)	(2.750778944196e-03 4.105583730175e-02 -2.135622680928e-04)	(4.153667943271e-02 2.615524958372e-04 9.725195214635e-02)	(-3.420365457511e-03 -2.544878501961e-02 -9.559919499067e-05)
2.9                 	(5.759514376488e+00 2.375453750010e+00 6.295231910748e-01)	(5.759514376488e+00 2.375453750010e+00 6.295231910748e-01)	(2.428602437502e-03 3.006522487591e-02 -1.898644074865e-04)	(3.602649747481e-02 2.422506516785e-04 6.673523656555e-02)	(-2.929574798784e-03 -1.929439804108e-01 8.802665047428e-07)
3                   	(5.762075065614e+00 2.375476438394e+00 6.333899132754e-01)	(5.762075065614e+00 2.375476438394e+00 6.333899132754e-01)	(2.177417503474e-03 4.220766991332e-03 -1.287400778176e-04)	(1.286703545213e-02 2.097459495712e-04 8.311691430423e-03)	(-2.000980583909e-03 -3.074070273479e-01 3.488599943836e-05)
3.1                 	(5.761838797841e+00 2.375495542831e+00 6.312588562772e-01)	(5.761838797841e+00 2.375495542831e+00 6.312588562772e-01)	(2.040890980033e-03 -2.688070500674e-02 -5.885203491364e-05)	(-1.767096116668e-02 1.712587222047e-04 -4.839106464575e-02)	(-6.999447716573e-04 -2.888877257245e-01 6.276992677202e-05)
3.2                 	(5.758805873117e+00 2.375510697320e+00 6.244014739992e-01)	(5.758805873117e+00 2.375510697320e+00 6.244014739992e-01)	(2.044329472856e-03 -4.852821010007e-02 -5.184165275837e-06)	(-4.057868694128e-02 1.347974869010e-04 -8.508748750674e-02)	(7.212115254348e-04 -1.232759195691e-01 1.278371798477e-04)
3.3                 	(5.754376758475e+00 2.375523506300e+00 6.150371832385e-01)	(5.754376758475e+00 2.375523506300e+00 6.150371832385e-01)	(2.182146858212e-03 -4.872580389314e-02 9.763250638294e-06)	(-4.397534714994e-02 1.292408232840e-04 -9.719825094731e-02)	(1.966214542764e-03 1.259726182761e-01 1.807964671686e-04)
3.4                 	(5.750776620702e+00 2.375538078846e+00 6.059833982114e-01)	(5.750776620702e+00 2.375538078846e+00 6.059833982114e-01)	(2.421584304641e-03 -2.399902980680e-02 -1.873328075284e-05)	(-2.473632299361e-02 1.647306318904e-04 -7.899881931055e-02)	(2.751234163030e-03 3.546914389605e-01 4.149134672071e-04)
3.5                 	(5.749882783189e+00 2.375556108547e+00 6.001436678754e-01)	(5.749882783189e+00 2.375556108547e+00 6.001436678754e-01)	(2.711706556462e-03 1.751513897237e-02 -7.501231116692e-05)	(7.937978142034e-03 1.877476538990e-04 -3.408121847553e-02)	(2.952838040107e-03 4.443990527776e-01 5.593203091679e-04)
3.6                 	(5.752365936914e+00 2.375572538608e+00 5.998510804473e-01)	(5.752365936914e+00 2.375572538608e+00 5.998510804473e-01)	(2.998021462591e-03 5.803047386472e-02 -1.353837285330e-04)	(4.078993640127e-02 1.259705745138e-04 3.083314256811e-02)	(2.660165555876e-03 3.321968088292e-01 5.052911505745e-04)
3.7                 	(5.757598216036e+00 2.375580081375e+00 6.061989535292e-01)	(5.757598216036e+00 2.375580081375e+00 6.061989535292e-01)	(3.234799051173e-03 7.808156991824e-02 -1.585992649048e-04)	(6.066405995691e-02 2.367761345326e-05 9.219059210104e-02)	(1.980892310917e-03 4.777282708536e-02 2.321740768147e-04)
3.8                 	(5.763700365674e+00 2.375577552341e+00 6.168951198332e-01)	(5.763700365674e+00 2.375577552341e+00 6.168951198332e-01)	(3.383617852094e-03 6.568243302057e-02 -1.137005933957e-04)	(5.663839794777e-02 -7.086617889845e-05 1.128045821320e-01)	(1.034606042771e-03 -2.930683882858e-01 -1.794234018031e-04)
3.9                 	(5.767912035615e+00 2.375566646970e+00 6.270706514895e-01)	(5.767912035615e+00 2.375566646970e+00 6.270706514895e-01)	(3.433651546297e-03 2.253476752218e-02 -5.346042020881e-06)	(2.273068142961e-02 -1.414121582933e-04 8.432359236934e-02)	(8.967994844554e-05 -5.423036038250e-01 -6.043277766604e-04)
4                   	(5.767600697503e+00 2.375551616207e+00 6.330031147124e-01)	(5.767600697503e+00 2.375551616207e+00 6.330031147124e-01)	(3.404752174784e-03 -3.517808641239e-02 1.102433776056e-04)	(-2.960078325057e-02 -1.462935406942e-04 3.238187510651e-02)	(-6.370286527120e-04 -5.671141529070e-01 -1.010813433183e-03)
4.1                 	(5.762426854735e+00 2.375540440792e+00 6.332422682686e-01)	(5.762426854735e+00 2.375540440792e+00 6.332422682686e-01)	(3.315898677550e-03 -8.188273929056e-02 1.607003281260e-04)	(-6.924397143434e-02 -6.517241960604e-05 -2.872482493147e-02)	(-1.165704746468e-03 -3.259274345801e-01 -1.081237299587e-03)
4.2                 	(5.754960230010e+00 2.375540724209e+00 6.272965085019e-01)	(5.754960230010e+00 2.375540724209e+00 6.272965085019e-01)	(3.174211817084e-03 -9.404729766899e-02 1.044397257840e-04)	(-7.312812312320e-02 8.268242179157e-05 -8.786860235736e-02)	(-1.542155079448e-03 1.017217769818e-01 -7.971944513359e-04)
4.3                 	(5.749193449727e+00 2.375556593788e+00 6.167695814928e-01)	(5.749193449727e+00 2.375556593788e+00 6.167695814928e-01)	(2.997646427116e-03 -6.102003316279e-02 -4.899439517031e-05)	(-3.656832580429e-02 2.211435859220e-04 -1.148588542672e-01)	(-1.686519944664e-03 5.423269361776e-01 -1.554431043972e-04)
4.4                 	(5.748132010549e+00 2.375582066899e+00 6.057147622454e-01)	(5.748132010549e+00 2.375582066899e+00 6.057147622454e-01)	(2.830184866287e-03 6.752967938419e-03 -2.240158753632e-04)	(1.558630131092e-02 2.687752523904e-04 -9.809723240638e-02)	(-1.515285479936e-03 7.608344950562e-01 5.609568429351e-04)
4.5                 	(5.751959308794e+00 2.375606313571e+00 5.987016970658e-01)	(5.751959308794e+00 2.375606313571e+00 5.987016970658e-01)	(2.701599834923e-03 7.902488380206e-02 -3.470474047820e-04)	(5.852199300658e-02 2.012399819859e-04 -3.482323470818e-02)	(-1.136451069370e-03 6.237862693895e-01 8.763702817141e-04)
4.6                 	(5.759262402369e+00 2.375619927364e+00 5.995483772681e-01)	(5.759262402369e+00 2.375619927364e+00 5.995483772681e-01)	(2.615000699189e-03 1.210582669601e-01 -3.789780343594e-04)	(8.444464446453e-02 6.866202329207e-05 5.153986793553e-02)	(-6.486232202524e-04 1.793144039069e-01 6.501008650127e-04)
4.7                 	(5.768058110271e+00 2.375619916231e+00 6.079402397084e-01)	(5.768058110271e+00 2.375619916231e+00 6.079402397084e-01)	(2.568252096895e-03 1.113680806100e-01 -3.119315929807e-04)	(8.604056016257e-02 -6.310976428901e-05 1.071194074291e-01)	(-1.381271137460e-04 -3.699799985224e-01 1.793547414506e-04)
4.8                 	(5.775057251197e+00 2.375607656260e+00 6.191084245248e-01)	(5.775057251197e+00 2.375607656260e+00 6.191084245248e-01)	(2.567432441927e-03 5.151088311083e-02 -1.650721266622e-04)	(4.568497113060e-02 -1.792822059167e-04 1.086391767144e-01)	(3.774653523400e-04 -7.886216825421e-01 -3.599730540721e-04)
4.9                 	(5.775866116937e+00 2.375585511547e+00 6.286230886465e-01)	(5.775866116937e+00 2.375585511547e+00 6.286230886465e-01)	(2.631683580737e-03 -3.571630527172e-02 -5.008952856065e-06)	(-3.195545897752e-02 -2.523307691200e-04 7.812613132356e-02)	(9.302066210280e-04 -8.905997455919e-01 -8.988880695000e-04)
5                   	(5.769276132528e+00 2.375558715771e+00 6.339271356475e-01)	(5.769276132528e+00 2.375558715771e+00 6.339271356475e-01)	(2.757009201916e-03 -1.130389292146e-01 1.120429597659e-04)	(-9.269017098187e-02 -2.831419628528e-04 2.320424435953e-02)	(1.385905935452e-03 -5.930582434165e-01 -8.332036841607e-04)
5.1                 	(5.759121378603e+00 2.375532921530e+00 6.325713239189e-01)	(5.759121378603e+00 2.375532921530e+00 6.325713239189e-01)	(2.911972012845e-03 -1.441060563960e-01 1.360594355807e-04)	(-9.963138797840e-02 -1.910694750855e-04 -4.961525429825e-02)	(1.588270593286e-03 9.931368688548e-03 -3.912665610152e-04)
5.2                 	(5.751394777016e+00 2.375524994267e+00 6.246050980731e-01)	(5.751394777016e+00 2.375524994267e+00 6.246050980731e-01)	(3.046796842045e-03 -1.087091909369e-01 2.717658003787e-05)	(-4.696239601105e-02 3.525969095857e-05 -1.044885337610e-01)	(1.322080552925e-03 6.788145581867e-01 4.270650364841e-04)
5.3                 	(5.750531908761e+00 2.375537433499e+00 6.133000787695e-01)	(5.750531908761e+00 2.375537433499e+00 6.133000787695e-01)	(3.144473563460e-03 -1.788149174249e-02 -1.689430865585e-04)	(2.859051425616e-02 1.813995745301e-04 -1.135348970657e-01)	(8.721129285156e-04 1.065084087706e+00 1.259710372633e-03)
5.4                 	(5.756286166117e+00 2.375556595695e+00 6.037656588763e-01)	(5.756286166117e+00 2.375556595695e+00 6.037656588763e-01)	(3.211214327878e-03 8.701623357818e-02 -3.558086251829e-04)	(8.142943494105e-02 1.834498942777e-04 -6.735810307879e-02)	(3.303154186602e-04 9.428668408596e-01 1.540534497137e-03)
5.5                 	(5.765934895348e+00 2.375571280848e+00 6.012744435206e-01)	(5.765934895348e+00 2.375571280848e+00 6.012744435206e-01)	(3.224462651372e-03 1.548580069669e-01 -4.419661219217e-04)	(1.078894044065e-01 9.872107554392e-05 1.912365253381e-02)	(-2.782488888206e-04 3.549558362579e-01 1.015634829364e-03)
5.6                 	(5.777134894028e+00 2.375574313468e+00 6.067035172280e-01)	(5.777134894028e+00 2.375574313468e+00 6.067035172280e-01)	(3.159104453406e-03 1.521893200674e-01 -3.768674861871e-04)	(1.111692504137e-01 -4.351182968794e-05 8.074727725837e-02)	(-7.932149335326e-04 -4.057861403504e-01 8.151394911563e-05)
5.7                 	(5.786579172783e+00 2.375561116495e+00 6.156554149486e-01)	(5.786579172783e+00 2.375561116495e+00 6.156554149486e-01)	(3.047686602518e-03 7.966527616475e-02 -1.930905011895e-04)	(6.678323031251e-02 -2.252262717541e-04 9.216662161736e-02)	(-9.038788450277e-04 -9.946506211929e-01 -9.559831438486e-04)
5.8                 	(5.788317644420e+00 2.375531974241e+00 6.243649160658e-01)	(5.788317644420e+00 2.375531974241e+00 6.243649160658e-01)	(2.961096492195e-03 -3.359372616058e-02 -7.954421740217e-06)	(-3.785075505121e-02 -3.401114812022e-04 7.862690988266e-02)	(-7.077034497736e-04 -1.188664158632e+00 -2.043982219810e-03)
5.9                 	(5.779657747463e+00 2.375496215124e+00 6.304901416312e-01)	(5.779657747463e+00 2.375496215124e+00 6.304901416312e-01)	(2.911867939770e-03 -1.401574399861e-01 9.850007157200e-05)	(-1.247952339688e-01 -3.681138214241e-04 3.774567968508e-02)	(-4.518021069729e-04 -8.580528917257e-01 -1.862126253579e-03)
6                   	(5.765921791217e+00 2.375461589348e+00 6.309338622350e-01)	(5.765921791217e+00 2.375461589348e+00 6.309338622350e-01)	(2.879761478772e-03 -1.910750326751e-01 9.926723791651e-05)	(-1.367660583560e-01 -2.779095513923e-04 -3.132812568424e-02)	(-2.087359498583e-04 -1.063089830256e-01 -1.050557863379e-03)
6.1                 	(5.755132523403e+00 2.375447928146e+00 6.248447876276e-01)	(5.755132523403e+00 2.375447928146e+00 6.248447876276e-01)	(2.835719696266e-03 -1.562111173916e-01 -4.987016341257e-05)	(-6.708485972280e-02 1.247094465553e-05 -8.471729479699e-02)	(-1.673227025440e-04 7.885905566603e-01 1.616276850939e-04)
6.2                 	(5.753566733313e+00 2.375459974837e+00 6.152753114767e-01)	(5.753566733313e+00 2.375459974837e+00 6.152753114767e-01)	(2.798133966243e-03 -4.479771404753e-02 -2.909959540561e-04)	(3.427397521815e-02 1.929240319641e-04 -9.958041420800e-02)	(-5.713193923901e-05 1.349214415765e+00 1.262215732148e-03)
6.3                 	(5.760791884423e+00 2.375480358504e+00 6.066735260656e-01)	(5.760791884423e+00 2.375480358504e+00 6.066735260656e-01)	(2.807760010061e-03 9.154921782009e-02 -5.148824238837e-04)	(1.025822081344e-01 1.941915247327e-04 -6.253971843971e-02)	(1.488508961276e-04 1.258703464211e+00 1.722891341446e-03)
6.4                 	(5.772814127341e+00 2.375495780959e+00 6.043855525800e-01)	(5.772814127341e+00 2.375495780959e+00 6.043855525800e-01)	(2.842210680716e-03 1.854346835407e-01 -6.272642777961e-04)	(1.333542694404e-01 1.048539645989e-04 1.894676103725e-02)	(2.082584132685e-04 5.370461576487e-01 1.226239762408e-03)
6.5                 	(5.786843015848e+00 2.375499947454e+00 6.095931961812e-01)	(5.786843015848e+00 2.375499947454e+00 6.095931961812e-01)	(2.849461064589e-03 1.908885291866e-01 -5.633966612055e-04)	(1.431368467303e-01 -2.878210781938e-05 7.556088441473e-02)	(1.804335209377e-04 -4.247360074961e-01 3.009356737563e-04)
6.6                 	(5.799725939020e+00 2.375487542401e+00 6.176184256443e-01)	(5.799725939020e+00 2.375487542401e+00 6.176184256443e-01)	(2.842508567979e-03 1.080508204543e-01 -3.491059962300e-04)	(1.006313259624e-01 -2.392759053256e-04 7.902148048314e-02)	(4.354540064681e-04 -1.172165200814e+00 -8.460208755725e-04)
6.7                 	(5.803748080206e+00 2.375452545819e+00 6.248748401890e-01)	(5.803748080206e+00 2.375452545819e+00 6.248748401890e-01)	(2.899969434309e-03 -2.873193110614e-02 -1.103004053739e-04)	(-3.142467356526e-02 -4.309166552355e-04 6.428989324213e-02)	(8.686172206884e-04 -1.470012149345e+00 -2.169050370093e-03)
6.8                 	(5.793750265115e+00 2.375406169966e+00 6.296882498133e-01)	(5.793750265115e+00 2.375406169966e+00 6.296882498133e-01)	(3.009805745871e-03 -1.642754159233e-01 6.774078806895e-05)	(-1.544389175053e-01 -4.880792738542e-04 2.576833508975e-02)	(9.379014046616e-04 -1.133357557796e+00 -1.972812976725e-03)
6.9                 	(5.776495034011e+00 2.375360493172e+00 6.290853586817e-01)	(5.776495034011e+00 2.375360493172e+00 6.290853586817e-01)	(3.115738076408e-03 -2.372365249679e-01 1.408941315350e-04)	(-1.729717787471e-01 -3.660823831178e-04 -3.848401114947e-02)	(8.717377206658e-04 -2.513092408088e-01 -1.040321155154e-03)
7                   	(5.762537382079e+00 2.375341530792e+00 6.225067801001e-01)	(5.762537382079e+00 2.375341530792e+00 6.225067801001e-01)	(3.149965566744e-03 -2.064944896695e-01 -1.304889646673e-06)	(-9.039614562055e-02 8.983727653856e-07 -8.550011057560e-02)	(3.731761030775e-04 8.592575329766e-01 3.555175933860e-04)
7.1                 	(5.759830835862e+00 2.375355672436e+00 6.132781571625e-01)	(5.759830835862e+00 2.375355672436e+00 6.132781571625e-01)	(3.118737950984e-03 -7.794824426414e-02 -2.876585391248e-04)	(3.466103968125e-02 2.247933234708e-04 -9.229734478600e-02)	(-8.202810503609e-05 1.604580377756e+00 1.982279768995e-03)
7.2                 	(5.767960432404e+00 2.375379271884e+00 6.055917446052e-01)	(5.767960432404e+00 2.375379271884e+00 6.055917446052e-01)	(3.101613852951e-03 8.794299970796e-02 -5.616337341920e-04)	(1.184887209184e-01 2.312765183982e-04 -5.155710092584e-02)	(-2.888951999812e-04 1.567934003187e+00 2.584887891506e-03)
7.3                 	(5.781926204195e+00 2.375399691198e+00 6.046659030177e-01)	(5.781926204195e+00 2.375399691198e+00 6.046659030177e-01)	(3.072508395898e-03 2.084139711921e-01 -7.121079149536e-04)	(1.557929811347e-01 1.635374487897e-04 3.620273774098e-02)	(-7.528267814420e-04 7.353130861455e-01 1.722683685120e-03)
7.4                 	(5.798626097945e+00 2.375410826129e+00 6.118323567196e-01)	(5.798626097945e+00 2.375410826129e+00 6.118323567196e-01)	(2.962630000686e-03 2.244789041390e-01 -6.555403253101e-04)	(1.750231395958e-01 5.272566764944e-05 9.443241034365e-02)	(-1.147071829871e-03 -4.100299922832e-01 3.582661099528e-04)
7.5                 	(5.815149863650e+00 2.375403987182e+00 6.211512284954e-01)	(5.815149863650e+00 2.375403987182e+00 6.211512284954e-01)	(2.814652710286e-03 1.353449996107e-01 -4.278430050414e-04)	(1.390353833842e-01 -2.246765464865e-04 8.514050773895e-02)	(-7.434090588952e-04 -1.304997603628e+00 -1.112088178292e-03)
7.6                 	(5.822113313597e+00 2.375366622435e+00 6.284096683109e-01)	(5.822113313597e+00 2.375366622435e+00 6.284096683109e-01)	(2.773692790304e-03 -2.083760247609e-02 -1.925287272686e-04)	(-1.792800208828e-02 -4.847539830303e-04 5.940981233971e-02)	(1.681839353917e-04 -1.718470564707e+00 -2.858030439740e-03)
7.7                 	(5.811145912979e+00 2.375314829291e+00 6.323807441065e-01)	(5.811145912979e+00 2.375314829291e+00 6.323807441065e-01)	(2.828156065995e-03 -1.837123583576e-01 -3.916312378306e-05)	(-1.849853540550e-01 -5.470398456978e-04 1.368765264008e-02)	(5.354718717520e-04 -1.408027284467e+00 -2.730306741860e-03)
7.8                 	(5.790087574658e+00 2.375262177696e+00 6.303403876513e-01)	(5.790087574658e+00 2.375262177696e+00 6.303403876513e-01)	(2.908516970262e-03 -2.801529722557e-01 2.625961844453e-05)	(-2.131650483910e-01 -4.414150691746e-04 -5.436148372628e-02)	(7.871407813995e-04 -4.279108883852e-01 -1.509287921700e-03)
7.9                 	(5.772620711057e+00 2.375238875563e+00 6.224370820302e-01)	(5.772620711057e+00 2.375238875563e+00 6.224370820302e-01)	(2.942596212782e-03 -2.572850883587e-01 -1.292102056827e-04)	(-1.177575683062e-01 -5.642242824715e-06 -9.472881188413e-02)	(5.999539450814e-04 8.924241507510e-01 1.076870700303e-04)
8                   	(5.768448024505e+00 2.375254872900e+00 6.128823846138e-01)	(5.768448024505e+00 2.375254872900e+00 6.128823846138e-01)	(2.930541354044e-03 -1.148096746756e-01 -4.334883489463e-04)	(3.105558927509e-02 2.497679610531e-04 -9.418656628884e-02)	(4.711299390646e-04 1.813434321770e+00 2.175324527762e-03)
8.1                 	(5.777081840155e+00 2.375282050325e+00 6.048191281312e-01)	(5.777081840155e+00 2.375282050325e+00 6.048191281312e-01)	(2.976828490810e-03 7.417854946147e-02 -7.300106853144e-04)	(1.311051236837e-01 2.849455726277e-04 -5.523548085344e-02)	(4.655180613206e-04 1.813932616598e+00 2.742499920911e-03)
8.2                 	(5.792831004727e+00 2.375310035780e+00 6.039312997545e-01)	(5.792831004727e+00 2.375310035780e+00 6.039312997545e-01)	(3.021576193590e-03 2.174602794556e-01 -9.273209489145e-04)	(1.786979451133e-01 2.755818235874e-04 4.186301108327e-02)	(-2.486841326903e-04 9.240491261780e-01 1.749440678576e-03)
8.3                 	(5.812358287906e+00 2.375337992393e+00 6.119308612245e-01)	(5.812358287906e+00 2.375337992393e+00 6.119308612245e-01)	(2.948661375767e-03 2.456172305371e-01 -9.159937907087e-04)	(2.093261093319e-01 2.700056258113e-04 1.040460534562e-01)	(-1.054700613197e-03 -3.591580148304e-01 1.560948736346e-04)
8.4                 	(5.832897790681e+00 2.375354939791e+00 6.220498787845e-01)	(5.832897790681e+00 2.375354939791e+00 6.220498787845e-01)	(2.791163544292e-03 1.554373604708e-01 -7.226550077826e-04)	(1.825466630753e-01 -9.162186237878e-06 8.981581303354e-02)	(-8.061576504713e-04 -1.373869822659e+00 -1.663995496145e-03)
8.5                 	(5.843401167014e+00 2.375331851276e+00 6.294263676599e-01)	(5.843401167014e+00 2.375331851276e+00 6.294263676599e-01)	(2.772626836027e-03 -1.313148426955e-02 -4.977915153911e-04)	(2.335260287889e-03 -3.628496199993e-04 5.766114320066e-02)	(4.363989463438e-04 -1.896719361001e+00 -3.099413199678e-03)
8.6                 	(5.831869581623e+00 2.375279318689e+00 6.328132890241e-01)	(5.831869581623e+00 2.375279318689e+00 6.328132890241e-01)	(2.874577165969e-03 -1.978322770052e-01 -3.022089729120e-04)	(-2.173579081998e-01 -6.540501425382e-04 2.832869951610e-03)	(1.232093059533e-03 -1.648407386784e+00 -3.448700528688e-03)
8.7                 	(5.806293646742e+00 2.375225731580e+00 6.294279553065e-01)	(5.806293646742e+00 2.375225731580e+00 6.294279553065e-01)	(3.030356142093e-03 -3.161116511268e-01 -2.132333070108e-04)	(-2.626797813842e-01 -5.156478624667e-04 -6.785324891863e-02)	(1.450608495703e-03 -6.083227916138e-01 -1.772194884230e-03)
8.8                 	(5.783891548563e+00 2.375190344881e+00 6.203605300147e-01)	(5.783891548563e+00 2.375190344881e+00 6.203605300147e-01)	(3.123121818558e-03 -3.034165403645e-01 -3.464205213558e-04)	(-1.633855970353e-01 -5.716619196991e-05 -1.009827766669e-01)	(9.508781533577e-04 8.957448449335e-01 6.354180630554e-04)
8.9                 	(5.775639519513e+00 2.375202531556e+00 6.101997830754e-01)	(5.775639519513e+00 2.375202531556e+00 6.101997830754e-01)	(3.118108102184e-03 -1.535179024100e-01 -6.539996699697e-04)	(-2.130157989835e-03 2.700851736926e-04 -9.985848290457e-02)	(4.976215416002e-04 1.952321069872e+00 2.713298173872e-03)
9                   	(5.781636313301e+00 2.375235734197e+00 6.012788996174e-01)	(5.781636313301e+00 2.375235734197e+00 6.012788996174e-01)	(3.154886576269e-03 5.258338883734e-02 -9.619202277806e-04)	(1.108311346946e-01 3.684294087606e-04 -6.739064907570e-02)	(5.318222079455e-04 2.004629986721e+00 3.771477735536e-03)
9.1                 	(5.795882014670e+00 2.375274534053e+00 5.991919105549e-01)	(5.795882014670e+00 2.375274534053e+00 5.991919105549e-01)	(3.191879535781e-03 2.162948896769e-01 -1.135929213866e-03)	(1.680655027055e-01 3.904491611411e-04 3.196720633677e-02)	(-3.763022003981e-04 1.127081522512e+00 2.879639524877e-03)
9.2                 	(5.814789398242e+00 2.375315080182e+00 6.067024792126e-01)	(5.814789398242e+00 2.375315080182e+00 6.067024792126e-01)	(3.070962967782e-03 2.614391157561e-01 -1.076056069088e-03)	(2.084016002774e-01 4.153210542575e-04 1.046698168805e-01)	(-1.601196410426e-03 -2.320466247243e-01 1.067548023786e-03)
9.3                 	(5.835990804757e+00 2.375346269135e+00 6.174714913249e-01)	(5.835990804757e+00 2.375346269135e+00 6.174714913249e-01)	(2.805107251875e-03 1.794237047474e-01 -8.203832063219e-04)	(1.968416368584e-01 2.268446754414e-04 9.942259256387e-02)	(-1.658934119179e-03 -1.336025656838e+00 -1.381967542067e-03)
9.4                 	(5.848539363660e+00 2.375354675510e+00 6.256329891934e-01)	(5.848539363660e+00 2.375354675510e+00 6.256329891934e-01)	(2.750800910162e-03 1.047596318065e-02 -6.024370813102e-04)	(2.504190068028e-02 -6.001436131121e-05 6.504152160934e-02)	(3.372206048290e-04 -1.944588892555e+00 -3.149438687829e-03)
9.5                 	(5.838524164896e+00 2.375327794986e+00 6.298488998400e-01)	(5.838524164896e+00 2.375327794986e+00 6.298488998400e-01)	(2.844466330605e-03 -1.835739459841e-01 -4.026977299351e-04)	(-2.131792768518e-01 -3.887749883661e-04 1.272805429846e-02)	(1.288350664932e-03 -1.783449230575e+00 -3.249706683583e-03)
9.6                 	(5.812188782919e+00 2.375292999488e+00 6.276100777489e-01)	(5.812188782919e+00 2.375292999488e+00 6.276100777489e-01)	(3.039239999213e-03 -3.174201878188e-01 -2.254282495431e-04)	(-2.775025232244e-01 -2.421826221062e-04 -5.342495764381e-02)	(1.810714862244e-03 -7.737244453783e-01 -1.790830103813e-03)
9.7                 	(5.788075623857e+00 2.375282544325e+00 6.203226218363e-01)	(5.788075623857e+00 2.375282544325e+00 6.203226218363e-01)	(3.170071480533e-03 -3.202181436355e-01 -3.132427554209e-04)	(-1.839079289047e-01 5.291371085490e-05 -8.184189637901e-02)	(1.110500314084e-03 7.667653417803e-01 1.594857610225e-04)
9.8                 	(5.777701152583e+00 2.375314713244e+00 6.119166277378e-01)	(5.777701152583e+00 2.375314713244e+00 6.119166277378e-01)	(3.164606715099e-03 -1.787854328686e-01 -5.984811217931e-04)	(-2.120602790359e-02 4.717092435040e-04 -8.478382687238e-02)	(4.251359737417e-04 1.917329748178e+00 3.055425211920e-03)
9.9                 	(5.782388466775e+00 2.375364094852e+00 6.040052941363e-01)	(5.782388466775e+00 2.375364094852e+00 6.040052941363e-01)	(3.188480512344e-03 2.883781932052e-02 -8.900687942739e-04)	(1.035199986698e-01 4.794255507818e-04 -6.393498192828e-02)	(5.076651434958e-04 2.067178827461e+00 3.902940746718e-03)
10                  	(5.796289902666e+00 2.375410822084e+00 6.015643026352e-01)	(5.796289902666e+00 2.375410822084e+00 6.015643026352e-01)	(3.222911026560e-03 2.031884785900e-01 -1.090565662568e-03)	(1.664535841114e-01 3.691035584856e-04 2.234891519010e-02)	(-2.344690746107e-04 1.268505433641e+00 2.991444224147e-03)
10.1                	(5.814921717527e+00 2.375434395692e+00 6.078610055567e-01)	(5.814921717527e+00 2.375434395692e+00 6.078610055567e-01)	(3.169719485649e-03 2.629192525211e-01 -1.092055786487e-03)	(2.041774062437e-01 2.105252545358e-04 9.136960839291e-02)	(-9.226505775260e-04 -9.817658124452e-02 9.583479053312e-04)
10.2                	(5.835779781581e+00 2.375458789658e+00 6.173224714742e-01)	(5.835779781581e+00 2.375458789658e+00 6.173224714742e-01)	(2.952622238440e-03 1.914263068503e-01 -8.619867546884e-04)	(1.972482541523e-01 2.368365069468e-04 8.828635941088e-02)	(-1.795404052871e-03 -1.258193384020e+00 -1.262595022849e-03)
10.3                	(5.849084135225e+00 2.375474472008e+00 6.244955637484e-01)	(5.849084135225e+00 2.375474472008e+00 6.244955637484e-01)	(2.862450838451e-03 2.749620578286e-02 -6.484682507770e-04)	(3.915239237083e-02 2.907765398779e-05 5.644581492395e-02)	(-6.077415938552e-05 -1.925625386290e+00 -3.417496975652e-03)
10.4                	(5.840588294282e+00 2.375459683207e+00 6.281330143804e-01)	(5.840588294282e+00 2.375459683207e+00 6.281330143804e-01)	(2.890134168903e-03 -1.685505904602e-01 -4.659708642688e-04)	(-2.008810250864e-01 -2.984757521948e-04 1.060456206655e-02)	(6.779338057950e-04 -1.841923122676e+00 -3.980417162090e-03)
10.5                	(5.814691729919e+00 2.375426702456e+00 6.260443950095e-01)	(5.814691729919e+00 2.375426702456e+00 6.260443950095e-01)	(3.014252836418e-03 -3.110373566142e-01 -3.274522898190e-04)	(-2.805018546692e-01 -2.885174269327e-04 -4.905390009517e-02)	(1.211469322452e-03 -8.824511677843e-01 -2.334316302377e-03)
10.6                	(5.789716588454e+00 2.375410399704e+00 6.194258562046e-01)	(5.789716588454e+00 2.375410399704e+00 6.194258562046e-01)	(3.099032665672e-03 -3.259334558468e-01 -4.090233795305e-04)	(-1.980109040592e-01 -1.665634272678e-04 -7.400322015077e-02)	(8.616148070914e-04 6.451448919177e-01 -3.477749059043e-04)
10.7                	(5.777724042526e+00 2.375431191819e+00 6.119267139838e-01)	(5.777724042526e+00 2.375431191819e+00 6.119267139838e-01)	(3.081986103152e-03 -1.939770370319e-01 -7.064453700331e-04)	(-3.748147709521e-02 4.305529346119e-04 -7.520253974389e-02)	(4.879744820955e-04 1.857733615616e+00 2.594952110272e-03)
10.8                	(5.781133089849e+00 2.375479125021e+00 6.048397618463e-01)	(5.781133089849e+00 2.375479125021e+00 6.048397618463e-01)	(3.113205349963e-03 1.205718327559e-02 -9.980916616711e-04)	(9.465224099205e-02 4.557449569714e-04 -5.850656526274e-02)	(7.347364115054e-04 2.094062666107e+00 3.912854839300e-03)
10.9                	(5.794523302396e+00 2.375519331061e+00 6.025464145915e-01)	(5.794523302396e+00 2.375519331061e+00 6.025464145915e-01)	(3.192204504263e-03 1.930721096306e-01 -1.200853790744e-03)	(1.640488943596e-01 2.872842304143e-04 2.044413323241e-02)	(4.153260161337e-04 1.370085832290e+00 3.258136425823e-03)
11                  	(5.812996629687e+00 2.375537524354e+00 6.086049828611e-01)	(5.812996629687e+00 2.375537524354e+00 6.086049828611e-01)	(3.203877404532e-03 2.640491472330e-01 -1.209570652710e-03)	(2.029910436079e-01 1.287736570678e-04 8.925957464698e-02)	(-2.790397850074e-04 1.124003766526e-02 1.134359090506e-03)
11.1                	(5.833953451374e+00 2.375554106715e+00 6.179014397826e-01)	(5.833953451374e+00 2.375554106715e+00 6.179014397826e-01)	(3.046167130282e-03 2.016423953308e-01 -9.808689289069e-04)	(2.026167954352e-01 1.735206472206e-04 8.761650904974e-02)	(-1.568791870567e-03 -1.186261804970e+00 -9.082579580251e-04)
11.2                	(5.848517687581e+00 2.375567203434e+00 6.249903047696e-01)	(5.848517687581e+00 2.375567203434e+00 6.249903047696e-01)	(2.957553932208e-03 4.274211525720e-02 -7.605552371524e-04)	(5.816356019397e-02 2.447885617095e-06 5.482437847858e-02)	(-8.432468558432e-05 -1.901576773662e+00 -3.580275970184e-03)
11.3                	(5.841990311510e+00 2.375553384702e+00 6.284644664367e-01)	(5.841990311510e+00 2.375553384702e+00 6.284644664367e-01)	(2.974830014815e-03 -1.544654175684e-01 -5.838878605672e-04)	(-1.844550267950e-01 -2.983908801130e-04 9.628446676017e-03)	(6.032620851122e-04 -1.890912821378e+00 -4.530645526732e-03)
11.4                	(5.816889448184e+00 2.375516151703e+00 6.263191068501e-01)	(5.816889448184e+00 2.375516151703e+00 6.263191068501e-01)	(3.092352557132e-03 -3.047012626160e-01 -4.517706018877e-04)	(-2.802790643686e-01 -3.492196347069e-04 -4.940999072130e-02)	(1.114577022836e-03 -9.820660687356e-01 -2.303843885454e-03)
11.5                	(5.791358502976e+00 2.375494298559e+00 6.195484089886e-01)	(5.791358502976e+00 2.375494298559e+00 6.195484089886e-01)	(3.188429252441e-03 -3.311854887646e-01 -4.980342679838e-04)	(-2.092624010159e-01 -2.619489464839e-04 -7.682621111637e-02)	(8.914401154153e-04 5.221093980642e-01 -3.185699029447e-04)
11.6                	(5.777982594102e+00 2.375500867632e+00 6.118444646161e-01)	(5.777982594102e+00 2.375500867632e+00 6.118444646161e-01)	(3.170362031896e-03 -2.089446235390e-01 -8.034715406047e-04)	(-5.232986802285e-02 3.032461499803e-04 -7.579259913450e-02)	(5.070048208374e-04 1.794164075357e+00 2.221921127827e-03)
11.7                	(5.780105168750e+00 2.375537388544e+00 6.047195133753e-01)	(5.780105168750e+00 2.375537388544e+00 6.047195133753e-01)	(3.188329291977e-03 -4.763051080278e-03 -1.122213385137e-03)	(8.428652761299e-02 3.582836029046e-04 -5.941323822558e-02)	(6.239209604390e-04 2.118808272068e+00 4.061741496637e-03)
11.8                	(5.792737344195e+00 2.375570146273e+00 6.021630802629e-01)	(5.792737344195e+00 2.375570146273e+00 6.021630802629e-01)	(3.249533437857e-03 1.826850220964e-01 -1.316452053198e-03)	(1.590739019809e-01 2.316613292186e-04 1.677491800862e-02)	(2.454634785464e-04 1.471619205144e+00 3.871246658442e-03)
11.9                	(5.810813172634e+00 2.375578543453e+00 6.080137175929e-01)	(5.810813172634e+00 2.375578543453e+00 6.080137175929e-01)	(3.241540771725e-03 2.652071139128e-01 -1.288976298380e-03)	(1.997182460004e-01 8.484404504033e-06 8.983950844412e-02)	(-3.099560874069e-04 1.262214106746e-01 2.047385927922e-03)
12                  	(5.831702480086e+00 2.375587348898e+00 6.176137321810e-01)	(5.831702480086e+00 2.375587348898e+00 6.176137321810e-01)	(3.064766123269e-03 2.125055690033e-01 -9.939281298575e-04)	(2.066134619928e-01 1.476127993743e-04 9.278005287945e-02)	(-1.805525222689e-03 -1.108211844877e+00 4.700025657271e-05)
12.1                	(5.847497883764e+00 2.375604404087e+00 6.252145938472e-01)	(5.847497883764e+00 2.375604404087e+00 6.252145938472e-01)	(2.932092570999e-03 5.937411346052e-02 -7.354965269701e-04)	(7.839189449675e-02 1.036856658111e-04 5.892527516170e-02)	(-2.664168896769e-04 -1.869146158709e+00 -3.554905497260e-03)
12.2                	(5.843143283669e+00 2.375597369246e+00 6.290417609184e-01)	(5.843143283669e+00 2.375597369246e+00 6.290417609184e-01)	(2.923058494075e-03 -1.384087170794e-01 -5.636378685667e-04)	(-1.656434391985e-01 -2.660265652507e-04 1.318650043095e-02)	(3.872302005031e-04 -1.937784567309e+00 -4.746524963307e-03)
12.3                	(5.818988733321e+00 2.375558002830e+00 6.271828992683e-01)	(5.818988733321e+00 2.375558002830e+00 6.271828992683e-01)	(3.021664581210e-03 -2.967262758945e-01 -4.551444179336e-04)	(-2.798085749451e-01 -4.097709212353e-04 -4.777980155044e-02)	(9.789898071236e-04 -1.089933430518e+00 -2.411421165715e-03)
12.4                	(5.792971472429e+00 2.375522538040e+00 6.203718106108e-01)	(5.792971472429e+00 2.375522538040e+00 6.203718106108e-01)	(3.120838946879e-03 -3.357857006589e-01 -5.170600473445e-04)	(-2.197002105706e-01 -3.801061610826e-04 -8.026445220506e-02)	(1.114483348072e-03 3.831274174045e-01 -8.402316008950e-04)
12.5                	(5.778312951164e+00 2.375506398593e+00 6.122606584567e-01)	(5.778312951164e+00 2.375506398593e+00 6.122606584567e-01)	(3.119715742026e-03 -2.246656990587e-01 -8.395348896840e-04)	(-6.645125840634e-02 1.209024910005e-04 -8.044625918575e-02)	(8.203042858740e-04 1.719310652422e+00 1.735463778573e-03)
12.6                	(5.779223643528e+00 2.375532636554e+00 6.047160196418e-01)	(5.779223643528e+00 2.375532636554e+00 6.047160196418e-01)	(3.158367513817e-03 -2.329543542472e-02 -1.174696810268e-03)	(7.445762240830e-02 3.402036151713e-04 -6.452015182667e-02)	(8.745077406765e-04 2.137091944538e+00 3.995718135959e-03)
12.7                	(5.791101552106e+00 2.375566171128e+00 6.015147848065e-01)	(5.791101552106e+00 2.375566171128e+00 6.015147848065e-01)	(3.238147912017e-03 1.702536289823e-01 -1.364469555065e-03)	(1.534648874672e-01 2.682455451221e-04 9.907718563714e-03)	(4.874267517108e-04 1.572991795434e+00 4.911341374703e-03)
12.8                	(5.808696529041e+00 2.375584067399e+00 6.069038318741e-01)	(5.808696529041e+00 2.375584067399e+00 6.069038318741e-01)	(3.223029494850e-03 2.648236068438e-01 -1.221913985372e-03)	(1.956395394115e-01 1.166565921944e-04 8.891616780301e-02)	(-1.958494192249e-04 2.516457694342e-01 3.493572434581e-03)
12.9                	(5.829418710094e+00 2.375598599290e+00 6.167835954779e-01)	(5.829418710094e+00 2.375598599290e+00 6.167835954779e-01)	(3.042797009097e-03 2.230340139638e-01 -8.565621632150e-04)	(2.092410077262e-01 1.728013182795e-04 9.867739647245e-02)	(-1.775004484297e-03 -1.018250029938e+00 9.023631890262e-04)
13                  	(5.846300327846e+00 2.375617541612e+00 6.250561344590e-01)	(5.846300327846e+00 2.375617541612e+00 6.250561344590e-01)	(2.891624808051e-03 7.680063784047e-02 -5.416079832421e-04)	(9.788446875461e-02 1.045159675265e-04 6.488875091544e-02)	(-1.168539245545e-04 -1.825612011758e+00 -2.730010821267e-03)
13.1                	(5.844169588916e+00 2.375614972561e+00 6.294381482850e-01)	(5.844169588916e+00 2.375614972561e+00 6.294381482850e-01)	(2.892379581784e-03 -1.204932280493e-01 -3.101587410011e-04)	(-1.453213949153e-01 -1.668005989196e-04 1.866670871011e-02)	(3.811354673222e-04 -1.976440889773e+00 -4.296277292656e-03)
13.2                	(5.821101134238e+00 2.375587357375e+00 6.280872169698e-01)	(5.821101134238e+00 2.375587357375e+00 6.280872169698e-01)	(2.994729412741e-03 -2.865712082478e-01 -1.770020822636e-04)	(-2.792157673704e-01 -2.710997069017e-04 -4.461945346882e-02)	(9.390969320265e-04 -1.199680085715e+00 -2.399920530135e-03)
13.3                	(5.794573028828e+00 2.375565259904e+00 6.214387182681e-01)	(5.794573028828e+00 2.375565259904e+00 6.214387182681e-01)	(3.098320938682e-03 -3.386553757693e-01 -2.207339867437e-04)	(-2.303057013180e-01 -2.421445980613e-04 -8.247363229825e-02)	(1.212165803374e-03 2.311436258179e-01 -1.368386390347e-03)
13.4                	(5.778572307999e+00 2.375554029033e+00 6.130309982113e-01)	(5.778572307999e+00 2.375554029033e+00 6.130309982113e-01)	(3.088431839812e-03 -2.399851921417e-01 -5.511926340191e-04)	(-8.097209058204e-02 1.418582943967e-04 -8.413878920078e-02)	(7.327197794886e-04 1.630893334107e+00 1.286579053554e-03)
13.5                	(5.778217445390e+00 2.375581954701e+00 6.050224355543e-01)	(5.778217445390e+00 2.375581954701e+00 6.050224355543e-01)	(3.110753471782e-03 -4.267548233070e-02 -9.055578120138e-04)	(6.469187868683e-02 3.300043714627e-04 -7.060952939335e-02)	(8.674666228656e-04 2.145601205238e+00 3.633637380411e-03)
13.6                	(5.789374536109e+00 2.375614214420e+00 6.009693343345e-01)	(5.789374536109e+00 2.375614214420e+00 6.009693343345e-01)	(3.209110296185e-03 1.562556427631e-01 -1.147748002488e-03)	(1.484445944086e-01 3.171765423881e-04 2.757326696086e-04)	(5.922347763689e-04 1.670847023393e+00 3.674904109586e-03)
13.7                	(5.806532903536e+00 2.375630437415e+00 6.056023770645e-01)	(5.806532903536e+00 2.375630437415e+00 6.056023770645e-01)	(3.252920113456e-03 2.630122665370e-01 -1.201619021282e-03)	(1.916777374098e-01 5.173966015828e-05 8.539402881566e-02)	(6.187647137602e-05 3.823773943094e-01 2.118224303132e-03)
13.8                	(5.827042223073e+00 2.375640577715e+00 6.155882046499e-01)	(5.827042223073e+00 2.375640577715e+00 6.155882046499e-01)	(3.136738122579e-03 2.327792482706e-01 -9.657677941525e-04)	(2.106471348089e-01 1.483325510020e-04 1.035505696147e-01)	(-1.585733495843e-03 -9.224098168290e-01 5.331009223289e-04)
13.9                	(5.844862122668e+00 2.375657976961e+00 6.245507435624e-01)	(5.844862122668e+00 2.375657976961e+00 6.245507435624e-01)	(2.982904737835e-03 9.407781906600e-02 -6.906113885722e-04)	(1.161490586784e-01 1.361738651181e-04 7.165688535668e-02)	(-9.720763388199e-05 -1.773711885652e+00 -3.400964967853e-03)
14                  	(5.844965350074e+00 2.375653768115e+00 6.296113230739e-01)	(5.844965350074e+00 2.375653768115e+00 6.296113230739e-01)	(2.984973938355e-03 -1.017664954969e-01 -4.992610593504e-04)	(-1.236489108284e-01 -1.984122421720e-04 2.579875801988e-02)	(3.082290714608e-04 -2.005905211987e+00 -4.622271911081e-03)
14.1                	(5.823139255541e+00 2.375621160733e+00 6.289661267856e-01)	(5.823139255541e+00 2.375621160733e+00 6.289661267856e-01)	(3.079435045574e-03 -2.750099106182e-01 -3.796117142389e-04)	(-2.775587606952e-01 -3.581619965258e-04 -3.852210970622e-02)	(8.706676041357e-04 -1.306440286677e+00 -2.658286661900e-03)
14.2                	(5.796076580901e+00 2.375590140788e+00 6.226984275180e-01)	(5.796076580901e+00 2.375590140788e+00 6.226984275180e-01)	(3.187141304092e-03 -3.400563906530e-01 -3.984533635452e-04)	(-2.413952509013e-01 -3.439638567110e-04 -8.184631537989e-02)	(1.262812467283e-03 8.212464886721e-02 -1.614961737174e-03)
14.3                	(5.778617876261e+00 2.375574643125e+00 6.141644546878e-01)	(5.778617876261e+00 2.375574643125e+00 6.141644546878e-01)	(3.187449940580e-03 -2.545653190973e-01 -7.032754516689e-04)	(-9.698207403203e-02 1.890246239538e-04 -8.627859070578e-02)	(6.608156788491e-04 1.532951894914e+00 1.453622045745e-03)
14.4                	(5.776852209084e+00 2.375600434726e+00 6.058118581156e-01)	(5.776852209084e+00 2.375600434726e+00 6.058118581156e-01)	(3.189821902834e-03 -6.217635930818e-02 -1.052287405253e-03)	(5.369450372572e-02 3.236752267290e-04 -7.611847708542e-02)	(6.646836045177e-04 2.146064995469e+00 3.787240620127e-03)
14.5                	(5.787226050160e+00 2.375633157818e+00 6.008895391427e-01)	(5.787226050160e+00 2.375633157818e+00 6.008895391427e-01)	(3.265892581780e-03 1.414703082472e-01 -1.301050638463e-03)	(1.435634660691e-01 3.193064457939e-04 -1.072850960699e-02)	(4.268528323658e-04 1.764331509988e+00 3.835977557610e-03)
14.6                	(5.804031668554e+00 2.375657318843e+00 6.045001081256e-01)	(5.804031668554e+00 2.375657318843e+00 6.045001081256e-01)	(3.267817982926e-03 2.605724756301e-01 -1.384438792546e-03)	(1.890266917084e-01 1.567716798838e-04 7.813404066405e-02)	(-6.470344108507e-04 5.204151142797e-01 2.291672340508e-03)
14.7                	(5.824439694081e+00 2.375667789306e+00 6.142145478927e-01)	(5.824439694081e+00 2.375667789306e+00 6.142145478927e-01)	(3.117062295020e-03 2.427252387926e-01 -1.184130621097e-03)	(2.126023744069e-01 8.885516943930e-05 1.046673135256e-01)	(-1.774935784779e-03 -8.199158095395e-01 6.732196160724e-04)
14.8                	(5.843211382885e+00 2.375678925403e+00 6.235994987082e-01)	(5.843211382885e+00 2.375678925403e+00 6.235994987082e-01)	(2.924739134493e-03 1.119721029874e-01 -9.117547822720e-04)	(1.343825527708e-01 1.210436483273e-04 7.663398474373e-02)	(-2.927200699178e-04 -1.718436856706e+00 -3.347321881499e-03)
14.9                	(5.845667139067e+00 2.375671631621e+00 6.292298584900e-01)	(5.845667139067e+00 2.375671631621e+00 6.292298584900e-01)	(2.925883606220e-03 -8.203958120865e-02 -7.497301492470e-04)	(-9.983989838868e-02 -2.536353521794e-04 3.251126493671e-02)	(3.503780978027e-04 -2.032099318344e+00 -4.747689589325e-03)
15                  	(5.825393381282e+00 2.375630688382e+00 6.293290694106e-01)	(5.825393381282e+00 2.375630688382e+00 6.293290694106e-01)	(3.030699178129e-03 -2.623158373355e-01 -6.555975464644e-04)	(-2.730987634693e-01 -5.061276372584e-04 -3.154430783217e-02)	(1.119485303296e-03 -1.415372628097e+00 -2.979035074790e-03)
15.1                	(5.797968674422e+00 2.375584995105e+00 6.236177658664e-01)	(5.797968674422e+00 2.375584995105e+00 6.236177658664e-01)	(3.180737114733e-03 -3.406471361507e-01 -6.527836513768e-04)	(-2.514465619999e-01 -3.969797332107e-04 -7.856948319843e-02)	(1.716972184006e-03 -6.833192141846e-02 -1.487179117808e-03)
15.2                	(5.779077945056e+00 2.375551349186e+00 6.151788957583e-01)	(5.779077945056e+00 2.375551349186e+00 6.151788957583e-01)	(3.243888598564e-03 -2.692392239581e-01 -9.258264847729e-04)	(-1.139141691725e-01 2.269242488086e-05 -8.711336818841e-02)	(1.134119051912e-03 1.423184397249e+00 1.511905697364e-03)
15.3                	(5.775810621018e+00 2.375570236531e+00 6.067269383367e-01)	(5.775810621018e+00 2.375570236531e+00 6.067269383367e-01)	(3.282064954689e-03 -8.272093492609e-02 -1.244622166817e-03)	(4.153219404694e-02 2.950897084161e-04 -7.890950412411e-02)	(9.350782133980e-04 2.138609063287e+00 4.149591004837e-03)
15.4                	(5.785287085034e+00 2.375600550410e+00 6.011849718791e-01)	(5.785287085034e+00 2.375600550410e+00 6.011849718791e-01)	(3.375748539888e-03 1.249848875837e-01 -1.475909488288e-03)	(1.374692475879e-01 3.096234090434e-04 -2.010360642841e-02)	(6.379663302608e-04 1.852417036926e+00 4.736661523808e-03)
15.5                	(5.801636614942e+00 2.375615657383e+00 6.038214659429e-01)	(5.801636614942e+00 2.375615657383e+00 6.038214659429e-01)	(3.417532707949e-03 2.563670946052e-01 -1.555007816933e-03)	(1.852719683574e-01 -2.262050537206e-05 7.000848040542e-02)	(-9.293171558480e-05 6.632580787687e-01 2.474189295995e-03)
15.6                	(5.821794891958e+00 2.375612648700e+00 6.131071481757e-01)	(5.821794891958e+00 2.375612648700e+00 6.131071481757e-01)	(3.300926082348e-03 2.517106660668e-01 -1.369632328192e-03)	(2.126121947541e-01 4.181591037539e-05 1.036282034378e-01)	(-1.759147258159e-03 -7.088728574100e-01 1.159336513383e-03)
15.7                	(5.841281818112e+00 2.375622283888e+00 6.227082903771e-01)	(5.841281818112e+00 2.375622283888e+00 6.227082903771e-01)	(3.035749846033e-03 1.296980781505e-01 -1.012853138303e-03)	(1.503874154819e-01 1.602701665098e-04 8.017422395126e-02)	(-1.001031918785e-03 -1.654854961436e+00 -2.321553013918e-03)
15.8                	(5.846012595294e+00 2.375626635184e+00 6.287639422991e-01)	(5.846012595294e+00 2.375626635184e+00 6.287639422991e-01)	(2.968380137565e-03 -6.145315707044e-02 -7.678475961213e-04)	(-7.459240667077e-02 -1.141651842749e-04 3.800225188598e-02)	(-3.894050260901e-04 -2.044175354531e+00 -3.973441956927e-03)
15.9                	(5.827534120454e+00 2.375598741695e+00 6.295382251507e-01)	(5.827534120454e+00 2.375598741695e+00 6.295382251507e-01)	(3.011354682176e-03 -2.478033185620e-01 -6.119193540317e-04)	(-2.657251654551e-01 -3.952358997590e-04 -2.484765289440e-02)	(4.962261249370e-04 -1.518616959967e+00 -2.947311849038e-03)
16                  	(5.799966875190e+00 2.375561555763e+00 6.244011845892e-01)	(5.799966875190e+00 2.375561555763e+00 6.244011845892e-01)	(3.110350456899e-03 -3.391737524062e-01 -5.699160442252e-04)	(-2.596569625798e-01 -3.048565345901e-04 -7.475198538745e-02)	(1.236696085394e-03 -2.199146183895e-01 -1.751945980526e-03)
16.1                	(5.779771328225e+00 2.375526618426e+00 6.161417608438e-01)	(5.779771328225e+00 2.375526618426e+00 6.161417608438e-01)	(3.138484953762e-03 -2.825465316035e-01 -8.322624406466e-04)	(-1.302104615108e-01 -1.914434904129e-05 -8.686070601567e-02)	(8.593773623364e-04 1.301622354999e+00 1.082741163947e-03)
16.2                	(5.774969018685e+00 2.375547667483e+00 6.076568727961e-01)	(5.774969018685e+00 2.375547667483e+00 6.076568727961e-01)	(3.155790584057e-03 -1.034311849354e-01 -1.133810017206e-03)	(2.880950996493e-02 3.672363839740e-04 -8.049854851131e-02)	(8.194046793138e-04 2.116246805047e+00 3.998037602359e-03)
16.3                	(5.783488220827e+00 2.375584413330e+00 6.016084710415e-01)	(5.783488220827e+00 2.375584413330e+00 6.016084710415e-01)	(3.246360095332e-03 1.069671579914e-01 -1.356246994056e-03)	(1.310642647753e-01 3.548656087129e-04 -2.853605784021e-02)	(8.588200359149e-04 1.928568327198e+00 4.724295710428e-03)
16.4                	(5.799380094951e+00 2.375609870800e+00 6.033474026321e-01)	(5.799380094951e+00 2.375609870800e+00 6.033474026321e-01)	(3.314032346515e-03 2.499777374815e-01 -1.393578368286e-03)	(1.815927566842e-01 1.334860631296e-04 6.224844528584e-02)	(2.999692386119e-04 8.055177170824e-01 3.479431378888e-03)
16.5                	(5.819249917447e+00 2.375620762542e+00 6.122033024552e-01)	(5.819249917447e+00 2.375620762542e+00 6.122033024552e-01)	(3.229793615909e-03 2.589336842586e-01 -1.161557776917e-03)	(2.116290445746e-01 1.275888663579e-04 1.023925219891e-01)	(-8.732930062368e-04 -5.906565689568e-01 1.545400536818e-03)
16.6                	(5.839274737872e+00 2.375633772233e+00 6.219327016242e-01)	(5.839274737872e+00 2.375633772233e+00 6.219327016242e-01)	(3.007547135818e-03 1.463997075442e-01 -7.860596177316e-04)	(1.643595919639e-01 1.613849637501e-04 8.298272947568e-02)	(-7.506482668217e-04 -1.582760117832e+00 -1.795890821557e-03)
16.7                	(5.846193530605e+00 2.375639506562e+00 6.282908108144e-01)	(5.846193530605e+00 2.375639506562e+00 6.282908108144e-01)	(2.971298093716e-03 -4.074021456850e-02 -5.271866227018e-04)	(-4.878066556562e-02 -1.079637678902e-04 4.205360115695e-02)	(-9.497229926552e-05 -2.044262053268e+00 -3.636787286394e-03)
16.8                	(5.829720464449e+00 2.375615380313e+00 6.296111414132e-01)	(5.829720464449e+00 2.375615380313e+00 6.296111414132e-01)	(3.030618752934e-03 -2.319656953286e-01 -3.647354044837e-04)	(-2.553573560001e-01 -3.421517327188e-04 -1.847346217376e-02)	(6.751995324215e-04 -1.612758328644e+00 -3.518288213779e-03)
16.9                	(5.802222522163e+00 2.375586949741e+00 6.249808537758e-01)	(5.802222522163e+00 2.375586949741e+00 6.249808537758e-01)	(3.130413672054e-03 -3.357982903352e-01 -3.173824369333e-04)	(-2.658715608824e-01 -2.301581951428e-04 -7.053239900400e-02)	(1.203161722831e-03 -3.681113816015e-01 -2.261679529770e-03)
17                  	(5.780830697647e+00 2.375559799426e+00 6.168641340083e-01)	(5.780830697647e+00 2.375559799426e+00 6.168641340083e-01)	(3.148276366839e-03 -2.943477600663e-01 -5.850337137707e-04)	(-1.455685153664e-01 -1.158827718251e-06 -8.583843866049e-02)	(7.261425197870e-04 1.171747338459e+00 4.146641730519e-04)
17.1                	(5.774464766029e+00 2.375581862196e+00 6.083571042374e-01)	(5.774464766029e+00 2.375581862196e+00 6.083571042374e-01)	(3.135149362736e-03 -1.238180861675e-01 -9.257256138991e-04)	(1.503572275956e-02 3.507957426405e-04 -8.181064884871e-02)	(6.502220584654e-04 2.080606736986e+00 3.282190443083e-03)
17.2                	(5.781940123828e+00 2.375615530596e+00 6.018949589433e-01)	(5.781940123828e+00 2.375615530596e+00 6.018949589433e-01)	(3.214499527587e-03 8.803496717855e-02 -1.214311018572e-03)	(1.236964663513e-01 3.487645727055e-04 -3.610282594895e-02)	(8.740943328688e-04 1.992210585507e+00 4.085490500189e-03)
17.3                	(5.797286220091e+00 2.375639463519e+00 6.028011407900e-01)	(5.797286220091e+00 2.375639463519e+00 6.028011407900e-01)	(3.301226617591e-03 2.417421136547e-01 -1.324779209057e-03)	(1.771401738732e-01 1.230042098787e-04 5.497496212502e-02)	(4.700204254533e-04 9.431496753395e-01 3.409176393882e-03)
17.4                	(5.816787550520e+00 2.375648477473e+00 6.112938773813e-01)	(5.816787550520e+00 2.375648477473e+00 6.112938773813e-01)	(3.252488601508e-03 2.643680357428e-01 -1.142522093886e-03)	(2.097479787292e-01 1.201349905941e-04 1.023965364338e-01)	(-6.177762319977e-04 -4.682489998090e-01 1.501455185111e-03)
17.5                	(5.837187857607e+00 2.375662291143e+00 6.212563276702e-01)	(5.837187857607e+00 2.375662291143e+00 6.212563276702e-01)	(3.031349414488e-03 1.618484731691e-01 -7.826131841096e-04)	(1.763079692499e-01 1.743897286412e-04 8.725175517419e-02)	(-1.018370330974e-03 -1.504273583884e+00 -1.603574494102e-03)
17.6                	(5.846164131750e+00 2.375671611879e+00 6.280210301474e-01)	(5.846164131750e+00 2.375671611879e+00 6.280210301474e-01)	(2.981165304471e-03 -2.032490802044e-02 -5.297405028316e-04)	(-2.270338504312e-02 -2.265267514648e-05 4.663028234552e-02)	(-1.836230944173e-04 -2.031833503031e+00 -3.680294545115e-03)
17.7                	(5.831833745145e+00 2.375653658300e+00 6.299085671610e-01)	(5.831833745145e+00 2.375653658300e+00 6.299085671610e-01)	(3.021623585279e-03 -2.151901233154e-01 -3.719371043097e-04)	(-2.428650079595e-01 -2.888026523666e-04 -1.243353679827e-02)	(5.854184512337e-04 -1.696486871080e+00 -3.923036128731e-03)
17.8                	(5.804552219983e+00 2.375627115435e+00 6.257745887027e-01)	(5.804552219983e+00 2.375627115435e+00 6.257745887027e-01)	(3.111830974933e-03 -3.308120678773e-01 -3.145092557009e-04)	(-2.708260656746e-01 -2.568953827331e-04 -6.579330473018e-02)	(1.123785127414e-03 -5.113890739078e-01 -2.637449814587e-03)
17.9                	(5.782034740412e+00 2.375599304649e+00 6.177595701234e-01)	(5.782034740412e+00 2.375599304649e+00 6.177595701234e-01)	(3.131140927248e-03 -3.046574973551e-01 -5.694083154935e-04)	(-1.607316704795e-01 -1.111673989412e-04 -8.584685860608e-02)	(7.069837979855e-04 1.035136956656e+00 -1.125521775535e-04)
18                  	(5.774080631234e+00 2.375618214400e+00 6.091428275277e-01)	(5.774080631234e+00 2.375618214400e+00 6.091428275277e-01)	(3.104893019757e-03 -1.436763718186e-01 -9.143614581255e-04)	(7.531175295691e-04 3.740839043085e-04 -8.341967650946e-02)	(5.119899791608e-04 2.034198271718e+00 3.071033601860e-03)
18.1                	(5.780436880443e+00 2.375654859948e+00 6.022323312893e-01)	(5.780436880443e+00 2.375654859948e+00 6.022323312893e-01)	(3.167777832636e-03 6.851376395334e-02 -1.207739432731e-03)	(1.156836648097e-01 3.503301029198e-04 -4.381250648440e-02)	(8.926584154074e-04 2.044311045168e+00 4.003125337942e-03)
18.2                	(5.795220466352e+00 2.375681091352e+00 6.022399119813e-01)	(5.795220466352e+00 2.375681091352e+00 6.022399119813e-01)	(3.263399394739e-03 2.321098935182e-01 -1.365756088720e-03)	(1.731371921450e-01 9.918456909730e-05 4.649827576832e-02)	(5.418622268691e-04 1.078477773729e+00 2.824496251140e-03)
18.3                	(5.814404151495e+00 2.375679805971e+00 6.102452500349e-01)	(5.814404151495e+00 2.375679805971e+00 6.102452500349e-01)	(3.263902986754e-03 2.687407180637e-01 -1.307632344352e-03)	(2.080259729182e-01 6.696549311791e-06 1.014148190719e-01)	(-4.715544106451e-04 -3.388417682729e-01 8.879222420825e-04)
18.4                	(5.835114551748e+00 2.375685822631e+00 6.203908900010e-01)	(5.835114551748e+00 2.375685822631e+00 6.203908900010e-01)	(3.050262125260e-03 1.768008318038e-01 -1.004709211734e-03)	(1.867942963114e-01 1.011912554136e-04 9.173494540513e-02)	(-1.285665191259e-03 -1.421568105745e+00 -1.534233450430e-03)
18.5                	(5.846018873503e+00 2.375689245906e+00 6.275907253565e-01)	(5.846018873503e+00 2.375689245906e+00 6.275907253565e-01)	(2.994338156090e-03 1.301258730967e-04 -7.627843271729e-04)	(3.098160590670e-03 -6.664302932869e-05 5.139447362432e-02)	(-8.814136098454e-05 -2.012569994735e+00 -3.752748902009e-03)
18.6                	(5.833934730795e+00 2.375665295709e+00 6.300665443417e-01)	(5.833934730795e+00 2.375665295709e+00 6.300665443417e-01)	(3.030978422426e-03 -1.976600726823e-01 -6.108602749196e-04)	(-2.283650521492e-01 -3.778431339686e-04 -5.558577374946e-03)	(6.062004346083e-04 -1.774415981395e+00 -4.203779498292e-03)
18.7                	(5.807003973325e+00 2.375625635404e+00 6.264802729830e-01)	(5.807003973325e+00 2.375625635404e+00 6.264802729830e-01)	(3.130966205743e-03 -3.247189337298e-01 -5.304218779341e-04)	(-2.757286298110e-01 -4.192794567845e-04 -6.171755992071e-02)	(1.229018291900e-03 -6.544871317749e-01 -2.799117511227e-03)
18.8                	(5.783425453216e+00 2.375580385260e+00 6.186566941236e-01)	(5.783425453216e+00 2.375580385260e+00 6.186566941236e-01)	(3.180038607946e-03 -3.139980720425e-01 -7.622938844649e-04)	(-1.759627494334e-01 -3.421351480537e-04 -8.567545882404e-02)	(9.542135471913e-04 8.912737307956e-01 -3.837019250776e-04)
18.9                	(5.773862684294e+00 2.375581949396e+00 6.099802803214e-01)	(5.773862684294e+00 2.375581949396e+00 6.099802803214e-01)	(3.169825596788e-03 -1.633912635864e-01 -1.102827198599e-03)	(-1.427812417460e-02 2.891331273512e-04 -8.493152955257e-02)	(6.162562990252e-04 1.978749252191e+00 3.133346955465e-03)
19                  	(5.779036159337e+00 2.375615662155e+00 6.026748135775e-01)	(5.779036159337e+00 2.375615662155e+00 6.026748135775e-01)	(3.230387077575e-03 4.833458279922e-02 -1.379212343809e-03)	(1.069356821484e-01 3.462257965493e-04 -5.124835670903e-02)	(9.347968805310e-04 2.088282554505e+00 4.508777486600e-03)
19.1                	(5.793227681994e+00 2.375644355947e+00 6.017623895420e-01)	(5.793227681994e+00 2.375644355947e+00 6.017623895420e-01)	(3.316366191255e-03 2.212234922839e-01 -1.514168519953e-03)	(1.692110390180e-01 1.550593517022e-04 3.708535435610e-02)	(4.049067330571e-04 1.212044565992e+00 3.906740188403e-03)
19.2                	(5.812090545921e+00 2.375644784176e+00 6.091657051857e-01)	(5.812090545921e+00 2.375644784176e+00 6.091657051857e-01)	(3.288446836166e-03 2.721068261309e-01 -1.359310725404e-03)	(2.058287692981e-01 -4.893329007143e-05 9.926292767159e-02)	(-3.064163910740e-04 -2.040670113150e-01 2.454483562878e-03)
19.3                	(5.832992425060e+00 2.375646221012e+00 6.194020235752e-01)	(5.832992425060e+00 2.375646221012e+00 6.194020235752e-01)	(3.052535524328e-03 1.912128202049e-01 -9.339129670103e-04)	(1.954987734432e-01 8.680113103160e-05 9.576415961633e-02)	(-1.639511885761e-03 -1.335134766178e+00 -1.447057006763e-04)
19.4                	(5.845685727706e+00 2.375655316270e+00 6.270227960158e-01)	(5.845685727706e+00 2.375655316270e+00 6.270227960158e-01)	(2.957520849022e-03 2.056540482469e-02 -6.490198009309e-04)	(2.834147131503e-02 -6.217969025451e-06 5.604903078748e-02)	(-2.220731876609e-04 -1.986342452398e+00 -3.630415435977e-03)
19.5                	(5.835977174145e+00 2.375638500566e+00 6.300801300852e-01)	(5.835977174145e+00 2.375638500566e+00 6.300801300852e-01)	(2.971836951612e-03 -1.793314248532e-01 -5.252810718186e-04)	(-2.113834965988e-01 -3.354000377247e-04 1.322062722313e-03)	(5.432159191372e-04 -1.845392622810e+00 -4.898207196990e-03)
19.6                	(5.809619424497e+00 2.375598726323e+00 6.271045651339e-01)	(5.809619424497e+00 2.375598726323e+00 6.271045651339e-01)	(3.056509813212e-03 -3.173245215573e-01 -4.824706305648e-04)	(-2.795162333402e-01 -4.336552994419e-04 -5.727706512160e-02)	(1.197704399583e-03 -7.948373380289e-01 -3.389477640877e-03)
19.7                	(5.785084479629e+00 2.375547924618e+00 6.195560488599e-01)	(5.785084479629e+00 2.375547924618e+00 6.195560488599e-01)	(3.111663796421e-03 -3.221059102220e-01 -7.517492614705e-04)	(-1.908045659773e-01 -5.042611104575e-04 -8.505756992925e-02)	(1.286042908530e-03 7.401514756426e-01 -1.286214339405e-03)
19.8                	(5.773906603873e+00 2.375536834732e+00 6.108861492316e-01)	(5.773906603873e+00 2.375536834732e+00 6.108861492316e-01)	(3.121492093343e-03 -1.828201012148e-01 -1.131448262020e-03)	(-2.993453096021e-02 2.009913190489e-04 -8.575088249505e-02)	(9.895391218644e-04 1.911804605110e+00 2.471260032995e-03)
19.9                	(5.777837565149e+00 2.375566476794e+00 6.032681792560e-01)	(5.777837565149e+00 2.375566476794e+00 6.032681792560e-01)	(3.207270904950e-03 2.738276816119e-02 -1.441161794415e-03)	(9.770936966335e-02 3.231504859032e-04 -5.770203031739e-02)	(1.254243705744e-03 2.122762109726e+00 4.282236372757e-03)
20                  	(5.791363323494e+00 2.375595327418e+00 6.014761046885e-01)	(5.791363323494e+00 2.375595327418e+00 6.014761046885e-01)	(3.331981356817e-03 2.086007191375e-01 -1.597796866779e-03)	(1.640543262937e-01 1.720749743588e-04 2.750275427052e-02)	(8.211336377849e-04 1.337644732417e+00 3.900059836115e-03)
20.1                	(5.809777578947e+00 2.375598983493e+00 6.082353473699e-01)	(5.809777578947e+00 2.375598983493e+00 6.082353473699e-01)	(3.344606638349e-03 2.734592166025e-01 -1.520994490846e-03)	(2.022109873969e-01 -1.307271047440e-05 9.658105520201e-02)	(-3.023925336277e-04 -6.675823448401e-02 2.059981181307e-03)
20.2                	(5.830679612792e+00 2.375599833386e+00 6.184917421258e-01)	(5.830679612792e+00 2.375599833386e+00 6.184917421258e-01)	(3.126215316402e-03 2.041300421795e-01 -1.156764236621e-03)	(2.017447927028e-01 3.776211867873e-05 9.901509927848e-02)	(-1.889016584535e-03 -1.241817012595e+00 4.188148853954e-06)
20.3                	(5.844921381126e+00 2.375604958902e+00 6.264798937691e-01)	(5.844921381126e+00 2.375604958902e+00 6.264798937691e-01)	(3.008392829306e-03 4.041185933554e-02 -8.318403135622e-04)	(5.221409314271e-02 -3.657949349725e-05 5.996897114471e-02)	(-1.647759843808e-04 -1.946464089490e+00 -2.845873379714e-03)
20.4                	(5.837628244009e+00 2.375591360895e+00 6.300441483569e-01)	(5.837628244009e+00 2.375591360895e+00 6.300441483569e-01)	(3.012922629719e-03 -1.601571708730e-01 -6.015148897156e-04)	(-1.922209515889e-01 -2.704001186523e-04 7.596555948429e-03)	(3.316844922641e-04 -1.902422208144e+00 -4.246727715243e-03)
20.5                	(5.812073740989e+00 2.375558897821e+00 6.276519065385e-01)	(5.812073740989e+00 2.375558897821e+00 6.276519065385e-01)	(3.095789124069e-03 -3.080317228097e-01 -4.591704755740e-04)	(-2.813667246190e-01 -3.210813935354e-04 -5.232041253672e-02)	(8.139222074913e-04 -9.267235222739e-01 -2.576631079014e-03)
20.6                	(5.786743757667e+00 2.375521008574e+00 6.203879704099e-01)	(5.786743757667e+00 2.375521008574e+00 6.203879704099e-01)	(3.153681333419e-03 -3.279866454937e-01 -6.244416108127e-04)	(-2.047846870260e-01 -4.636932275154e-04 -8.455864118236e-02)	(1.049286262132e-03 5.825340134411e-01 -1.210494387829e-03)
20.7                	(5.773999825813e+00 2.375512459408e+00 6.117206865366e-01)	(5.773999825813e+00 2.375512459408e+00 6.117206865366e-01)	(3.136503162925e-03 -2.009080902275e-01 -9.637848056312e-04)	(-4.552347522766e-02 2.321395301207e-04 -8.592671860689e-02)	(5.954297018171e-04 1.833883536443e+00 2.527906011795e-03)
20.8                	(5.776640874300e+00 2.375545558533e+00 6.038660880053e-01)	(5.776640874300e+00 2.375545558533e+00 6.038660880053e-01)	(3.175820136115e-03 6.563877909464e-03 -1.255753855289e-03)	(8.798487647945e-02 3.714362692601e-04 -6.294395147085e-02)	(8.544134057776e-04 2.145819892338e+00 4.399139418253e-03)
20.9                	(5.789489035420e+00 2.375579940676e+00 6.012655607079e-01)	(5.789489035420e+00 2.375579940676e+00 6.012655607079e-01)	(3.266606308218e-03 1.949856319618e-01 -1.404378867504e-03)	(1.595617368073e-01 2.522298505021e-04 1.812496016463e-02)	(6.403206378799e-04 1.455986275272e+00 4.343753402447e-03)
21                  	(5.807540540170e+00 2.375593963541e+00 6.073324218888e-01)	(5.807540540170e+00 2.375593963541e+00 6.073324218888e-01)	(3.269854910570e-03 2.736551369733e-01 -1.341863071045e-03)	(1.993194395904e-01 7.292160366232e-05 9.325887298305e-02)	(-3.541358468011e-04 7.369063759702e-02 2.000275267312e-03)
21.1                	(5.828443107557e+00 2.375602864774e+00 6.175619588144e-01)	(5.828443107557e+00 2.375602864774e+00 6.175619588144e-01)	(3.066945217242e-03 2.162617611974e-01 -1.036915235995e-03)	(2.071089777498e-01 9.333929303796e-05 1.018629509242e-01)	(-2.115120345380e-03 -1.145461422555e+00 1.420829909868e-04)
21.2                	(5.844129158065e+00 2.375612946259e+00 6.259460736023e-01)	(5.844129158065e+00 2.375612946259e+00 6.259460736023e-01)	(2.924999810012e-03 5.980001077046e-02 -7.244087362267e-04)	(7.529976914594e-02 1.233500040861e-05 6.417911039781e-02)	(-6.975667426413e-05 -1.902472256935e+00 -2.719510943874e-03)
21.3                	(5.839314919134e+00 2.375598322176e+00 6.300186056602e-01)	(5.839314919134e+00 2.375598322176e+00 6.300186056602e-01)	(2.936866179618e-03 -1.407620130769e-01 -4.779883727948e-04)	(-1.710431807610e-01 -3.105593835126e-04 1.384846426185e-02)	(4.838592721864e-04 -1.951924833918e+00 -4.261388503004e-03)
21.4                	(5.814768741117e+00 2.375561296011e+00 6.282159723945e-01)	(5.814768741117e+00 2.375561296011e+00 6.282159723945e-01)	(3.036566107068e-03 -2.979736500099e-01 -3.262009768670e-04)	(-2.819323390709e-01 -3.539118140555e-04 -4.753926788463e-02)	(8.844996766119e-04 -1.055195261559e+00 -2.411621085564e-03)
21.5                	(5.788733120665e+00 2.375520211546e+00 6.212554641356e-01)	(5.788733120665e+00 2.375520211546e+00 6.212554641356e-01)	(3.119791011453e-03 -3.328892705051e-01 -4.536108380136e-04)	(-2.174770615658e-01 -6.008748052533e-04 -8.439702480431e-02)	(1.256597305846e-03 4.218945260107e-01 -1.668395980468e-03)
21.6                	(5.774414151517e+00 2.375499527917e+00 6.125613018217e-01)	(5.774414151517e+00 2.375499527917e+00 6.125613018217e-01)	(3.111878974500e-03 -2.187034349881e-01 -8.005309783493e-04)	(-6.218393352543e-02 1.381168379623e-04 -8.728461582987e-02)	(7.001988253752e-04 1.745033007419e+00 1.949395271991e-03)
21.7                	(5.775685333084e+00 2.375524706406e+00 6.044536301125e-01)	(5.775685333084e+00 2.375524706406e+00 6.044536301125e-01)	(3.145621211758e-03 -1.487477861370e-02 -1.131377293099e-03)	(7.738267147004e-02 2.831300360520e-04 -6.819372190947e-02)	(9.121915162899e-04 2.160086462135e+00 3.872106275819e-03)
21.8                	(5.787769205674e+00 2.375555270120e+00 6.010431910824e-01)	(5.787769205674e+00 2.375555270120e+00 6.010431910824e-01)	(3.247058300484e-03 1.799282909536e-01 -1.347786740264e-03)	(1.542813509297e-01 2.904567018016e-04 8.605169375519e-03)	(6.165617716085e-04 1.568119179898e+00 3.978439806518e-03)
21.9                	(5.805366056129e+00 2.375570781605e+00 6.063538665147e-01)	(5.805366056129e+00 2.375570781605e+00 6.063538665147e-01)	(3.270240724171e-03 2.722225941870e-01 -1.311779261088e-03)	(1.953463714397e-01 3.663740959199e-05 8.921904516930e-02)	(3.914833652179e-05 2.170009702364e-01 2.573943528137e-03)
22                  	(5.826112381251e+00 2.375575039922e+00 6.165137673200e-01)	(5.826112381251e+00 2.375575039922e+00 6.165137673200e-01)	(3.120278966560e-03 2.272594295901e-01 -9.848622640495e-04)	(2.101425379383e-01 4.446896348891e-05 1.041564013773e-01)	(-1.593653725165e-03 -1.043543444987e+00 6.885008019388e-04)
22.1                	(5.843007241500e+00 2.375582101788e+00 6.252969114932e-01)	(5.843007241500e+00 2.375582101788e+00 6.252969114932e-01)	(3.009129630847e-03 7.872464956743e-02 -6.835364280843e-04)	(9.675442338486e-02 -6.561016406402e-06 6.845549650235e-02)	(3.754346165010e-04 -1.849478630640e+00 -3.281055456851e-03)
22.2                	(5.840652155928e+00 2.375563682624e+00 6.298809896439e-01)	(5.840652155928e+00 2.375563682624e+00 6.298809896439e-01)	(3.056201125702e-03 -1.207065135869e-01 -4.894918438977e-04)	(-1.483864937479e-01 -3.995442472501e-04 1.998980990531e-02)	(8.100747553958e-04 -1.989527722319e+00 -5.086403631104e-03)
22.3                	(5.817336301829e+00 2.375512675025e+00 6.287113358003e-01)	(5.817336301829e+00 2.375512675025e+00 6.287113358003e-01)	(3.170681212903e-03 -2.862823139141e-01 -3.987624389385e-04)	(-2.808999704026e-01 -5.091718320250e-04 -4.264285136379e-02)	(9.975048443858e-04 -1.178139019869e+00 -3.139015312055e-03)
22.4                	(5.790743624592e+00 2.375461821362e+00 6.221345606831e-01)	(5.790743624592e+00 2.375461821362e+00 6.221345606831e-01)	(3.254029037273e-03 -3.357257777346e-01 -5.508407475286e-04)	(-2.298259385962e-01 -6.823579982372e-04 -8.373909339566e-02)	(1.382522875275e-03 2.539320572773e-01 -2.534111119334e-03)
22.5                	(5.774916473364e+00 2.375428553453e+00 6.134601393514e-01)	(5.774916473364e+00 2.375428553453e+00 6.134601393514e-01)	(3.230892017195e-03 -2.352310255114e-01 -9.369021985217e-04)	(-7.900636608462e-02 6.291214649865e-05 -8.748655458960e-02)	(6.009624407761e-04 1.644181514147e+00 1.561979455841e-03)
22.6                	(5.774800275508e+00 2.375453874715e+00 6.051747632958e-01)	(5.774800275508e+00 2.375453874715e+00 6.051747632958e-01)	(3.238958825411e-03 -3.610300683439e-02 -1.289456904231e-03)	(6.666509816441e-02 3.452591560803e-04 -7.226080983384e-02)	(6.859033491609e-04 2.163911168346e+00 3.883041442854e-03)
22.7                	(5.786109433333e+00 2.375490291979e+00 6.010256158826e-01)	(5.786109433333e+00 2.375490291979e+00 6.010256158826e-01)	(3.312198219234e-03 1.639988168127e-01 -1.530774914088e-03)	(1.492750498965e-01 3.240995131031e-04 -6.833156525116e-04)	(3.491668081673e-04 1.670714656897e+00 4.081418960827e-03)
22.8                	(5.803301575264e+00 2.375509777680e+00 6.055192785280e-01)	(5.803301575264e+00 2.375509777680e+00 6.055192785280e-01)	(3.309197497344e-03 2.694748780773e-01 -1.529862785949e-03)	(1.918891157917e-01 8.095502519295e-05 8.404293780379e-02)	(-4.424347330356e-04 3.612543363563e-01 2.638901187662e-03)
22.9                	(5.823885571474e+00 2.375518563469e+00 6.155095665471e-01)	(5.823885571474e+00 2.375518563469e+00 6.155095665471e-01)	(3.114420563251e-03 2.372425081565e-01 -1.239942913469e-03)	(2.121348065777e-01 8.611895761261e-05 1.052720856041e-01)	(-2.258046410434e-03 -9.386144937195e-01 1.039385781324e-03)
23                  	(5.841841924201e+00 2.375529263437e+00 6.246374100024e-01)	(5.841841924201e+00 2.375529263437e+00 6.246374100024e-01)	(2.903073199773e-03 9.695996920360e-02 -9.006226946999e-04)	(1.168729656147e-01 6.790938055714e-05 7.235031870553e-02)	(-3.090039915287e-04 -1.791552327482e+00 -2.472501207046e-03)
23.1                	(5.841942952238e+00 2.375519764928e+00 6.296952550572e-01)	(5.841942952238e+00 2.375519764928e+00 6.296952550572e-01)	(2.891595495263e-03 -1.006241883396e-01 -6.372483381390e-04)	(-1.242855301903e-01 -2.751187027330e-04 2.576266327130e-02)	(2.643725777947e-04 -2.018099576131e+00 -3.945056821385e-03)
23.2                	(5.820075408413e+00 2.375482667790e+00 6.291438877804e-01)	(5.820075408413e+00 2.375482667790e+00 6.291438877804e-01)	(2.985313563508e-03 -2.738492338099e-01 -4.737208909393e-04)	(-2.775162066379e-01 -3.697013924345e-04 -3.690986453721e-02)	(7.663748392705e-04 -1.294226812687e+00 -2.222945674957e-03)
23.3                	(5.793051889341e+00 2.375447352229e+00 6.229731760011e-01)	(5.793051889341e+00 2.375447352229e+00 6.229731760011e-01)	(3.099151901482e-03 -3.374015998142e-01 -5.000950758473e-04)	(-2.403548333877e-01 -4.941805509625e-04 -8.191670282869e-02)	(1.545472985646e-03 9.500442590479e-02 -2.029536052504e-03)
23.4                	(5.775751803008e+00 2.375416257871e+00 6.143197111643e-01)	(5.775751803008e+00 2.375416257871e+00 6.143197111643e-01)	(3.118877180271e-03 -2.511233969119e-01 -8.160374876961e-04)	(-9.487047298398e-02 5.271222858260e-05 -8.783870277863e-02)	(8.384925184509e-04 1.540866032586e+00 1.513444371686e-03)
23.5                	(5.774153037746e+00 2.375442099431e+00 6.058807739526e-01)	(5.774153037746e+00 2.375442099431e+00 6.058807739526e-01)	(3.144293417957e-03 -5.770845443731e-02 -1.132895525689e-03)	(5.479692759871e-02 3.449215981658e-04 -7.598037829391e-02)	(8.418853554425e-04 2.157981969131e+00 3.915085732008e-03)
23.6                	(5.784584326535e+00 2.375477857569e+00 6.010341690839e-01)	(5.784584326535e+00 2.375477857569e+00 6.010341690839e-01)	(3.237859653446e-03 1.467741734589e-01 -1.359245078080e-03)	(1.434472657542e-01 3.540557869627e-04 -9.936751725094e-03)	(6.760259012773e-04 1.765257161231e+00 4.371232150320e-03)
23.7                	(5.801319866568e+00 2.375499694502e+00 6.046738930748e-01)	(5.801319866568e+00 2.375499694502e+00 6.046738930748e-01)	(3.276557933679e-03 2.650981585180e-01 -1.368729271543e-03)	(1.880765194070e-01 7.348858125654e-05 7.817073078163e-02)	(5.145240679275e-05 5.074323291886e-01 2.863201229564e-03)
23.8                	(5.821677630184e+00 2.375505519136e+00 6.144407648392e-01)	(5.821677630184e+00 2.375505519136e+00 6.144407648392e-01)	(3.153607566087e-03 2.461567574079e-01 -1.102938883637e-03)	(2.128060988143e-01 6.179529738024e-05 1.058294342252e-01)	(-1.564685541993e-03 -8.272913437719e-01 1.268330900589e-03)
23.9                	(5.840499318359e+00 2.375513997083e+00 6.238976052347e-01)	(5.840499318359e+00 2.375513997083e+00 6.238976052347e-01)	(2.965386864228e-03 1.147249775059e-01 -7.615097979364e-04)	(1.347557553335e-01 9.808379595318e-05 7.629129552546e-02)	(-9.309337860893e-05 -1.726888712357e+00 -2.700006229193e-03)
24                  	(5.842962879907e+00 2.375508049266e+00 6.294250301049e-01)	(5.842962879907e+00 2.375508049266e+00 6.294250301049e-01)	(2.971336693715e-03 -8.014084859991e-02 -5.449480819657e-04)	(-9.942032817804e-02 -2.251300909275e-04 3.152761751901e-02)	(2.909425245256e-04 -2.035602419868e+00 -4.625930187276e-03)
24.1                	(5.822710960792e+00 2.375473717274e+00 6.295159955996e-01)	(5.822710960792e+00 2.375473717274e+00 6.295159955996e-01)	(3.052639556529e-03 -2.601317322000e-01 -4.526895421690e-04)	(-2.725178905728e-01 -3.788859724541e-04 -3.093822038537e-02)	(7.376855700732e-04 -1.405377430092e+00 -3.280806199539e-03)
24.2                	(5.795371805241e+00 2.375440708471e+00 6.238179060203e-01)	(5.795371805241e+00 2.375440708471e+00 6.238179060203e-01)	(3.144672557377e-03 -3.374135191894e-01 -5.100331953736e-04)	(-2.501646714029e-01 -3.113956782784e-04 -7.920703792942e-02)	(1.410521071417e-03 -6.114719483989e-02 -2.423729398531e-03)
24.3                	(5.776650302556e+00 2.375408970396e+00 6.152415937646e-01)	(5.776650302556e+00 2.375408970396e+00 6.152415937646e-01)	(3.151100431822e-03 -2.658398937484e-01 -8.568929998162e-04)	(-1.118954754582e-01 -1.475460549242e-05 -8.865906690384e-02)	(8.038322790908e-04 1.423526456292e+00 8.744930984841e-04)
24.4                	(5.773539667505e+00 2.375430137552e+00 6.066860021225e-01)	(5.773539667505e+00 2.375430137552e+00 6.066860021225e-01)	(3.159701510315e-03 -7.911195366093e-02 -1.209326562347e-03)	(4.248507536549e-02 3.251265067666e-04 -7.916165832710e-02)	(7.692561947351e-04 2.142263005641e+00 3.606573509814e-03)
24.5                	(5.783061485044e+00 2.375465864856e+00 6.011888816928e-01)	(5.783061485044e+00 2.375465864856e+00 6.011888816928e-01)	(3.244992219169e-03 1.287722446227e-01 -1.454584760839e-03)	(1.374601772121e-01 3.643183206357e-04 -1.925524638036e-02)	(6.894822090962e-04 1.850108101775e+00 4.548002521705e-03)
24.6                	(5.799352429678e+00 2.375487772975e+00 6.039211061531e-01)	(5.799352429678e+00 2.375487772975e+00 6.039211061531e-01)	(3.295223316796e-03 2.593991817353e-01 -1.466436472677e-03)	(1.843833514127e-01 6.354282175273e-05 7.128950432896e-02)	(2.301298434989e-04 6.528698135763e-01 3.329506094971e-03)
24.7                	(5.819448317229e+00 2.375490780409e+00 6.133809285081e-01)	(5.819448317229e+00 2.375490780409e+00 6.133809285081e-01)	(3.189419134123e-03 2.539682001260e-01 -1.204927754578e-03)	(2.124702813926e-01 6.568820625321e-05 1.056232270856e-01)	(-1.386111623479e-03 -7.126643165270e-01 1.630266538507e-03)
24.8                	(5.838968528746e+00 2.375498862957e+00 6.231079206959e-01)	(5.838968528746e+00 2.375498862957e+00 6.231079206959e-01)	(2.960681309196e-03 1.317354796102e-01 -8.156909323492e-04)	(1.508896077170e-01 1.020836743474e-04 8.019913493933e-02)	(-5.001477681325e-04 -1.657218662508e+00 -1.823702681522e-03)
24.9                	(5.843749937635e+00 2.375494465828e+00 6.290723988275e-01)	(5.843749937635e+00 2.375494465828e+00 6.290723988275e-01)	(2.943530184563e-03 -5.960425281546e-02 -5.326894786702e-04)	(-7.409923164213e-02 -1.991922374551e-04 3.683175459275e-02)	(1.043411711229e-04 -2.043980066488e+00 -3.721904686309e-03)
25                  	(5.825342152773e+00 2.375459526250e+00 6.297877232376e-01)	(5.825342152773e+00 2.375459526250e+00 6.297877232376e-01)	(3.023665851447e-03 -2.453843829845e-01 -3.796301267563e-04)	(-2.647656452953e-01 -4.351966528693e-04 -2.501679966154e-02)	(7.769424551835e-04 -1.508582996278e+00 -3.230102077324e-03)
25.1                	(5.797880694896e+00 2.375421252370e+00 6.245862825046e-01)	(5.797880694896e+00 2.375421252370e+00 6.245862825046e-01)	(3.129395577398e-03 -3.358714280978e-01 -3.734128203900e-04)	(-2.585118295627e-01 -2.988348839774e-04 -7.613488786209e-02)	(1.384051133317e-03 -2.153103093323e-01 -2.270140566594e-03)
25.2                	(5.777826573150e+00 2.375382469900e+00 6.161237028472e-01)	(5.777826573150e+00 2.375382469900e+00 6.161237028472e-01)	(3.146120831707e-03 -2.793584466441e-01 -7.025849195223e-04)	(-1.285780502603e-01 -7.726047970374e-05 -8.895426075677e-02)	(8.372220586066e-04 1.298488063997e+00 4.665751850056e-04)
25.3                	(5.773159962265e+00 2.375401161649e+00 6.074893937327e-01)	(5.773159962265e+00 2.375401161649e+00 6.074893937327e-01)	(3.147089375576e-03 -1.003437529694e-01 -1.062515587750e-03)	(2.960271387553e-02 3.465337882251e-04 -8.124425328989e-02)	(7.351372461241e-04 2.116455009854e+00 3.421547393062e-03)
25.4                	(5.781706549635e+00 2.375437576872e+00 6.014354296991e-01)	(5.781706549635e+00 2.375437576872e+00 6.014354296991e-01)	(3.230578810591e-03 1.099126624363e-01 -1.335268852697e-03)	(1.308076940762e-01 3.781562415485e-04 -2.806442861960e-02)	(7.240901456469e-04 1.924214914350e+00 4.172553313566e-03)
25.5                	(5.797527812687e+00 2.375464052320e+00 6.032667328671e-01)	(5.797527812687e+00 2.375464052320e+00 6.032667328671e-01)	(3.283022829456e-03 2.521660178175e-01 -1.393525257989e-03)	(1.806647244295e-01 1.412965126520e-04 6.383671008068e-02)	(1.370892381140e-04 7.967525022900e-01 3.606360325818e-03)
25.6                	(5.817336321836e+00 2.375473781994e+00 6.123563630361e-01)	(5.817336321836e+00 2.375473781994e+00 6.123563630361e-01)	(3.180438698751e-03 2.605322875971e-01 -1.146530243730e-03)	(2.115123617328e-01 1.162966013626e-04 1.051935616357e-01)	(-1.058460843448e-03 -5.929651472853e-01 1.702261656053e-03)
25.7                	(5.837399904566e+00 2.375486328517e+00 6.223144330390e-01)	(5.837399904566e+00 2.375486328517e+00 6.223144330390e-01)	(2.935850365674e-03 1.479581339862e-01 -7.643424289916e-04)	(1.649861182955e-01 1.561606597454e-04 8.423059946670e-02)	(-8.346251159891e-04 -1.582892199489e+00 -1.761478702514e-03)
25.8                	(5.844377110692e+00 2.375491061531e+00 6.287057203241e-01)	(5.844377110692e+00 2.375491061531e+00 6.287057203241e-01)	(2.898519838644e-03 -3.914081962775e-02 -5.265792014692e-04)	(-4.830916567401e-02 -1.045527809210e-04 4.194239847205e-02)	(-1.145945247291e-04 -2.042015158401e+00 -4.000397149299e-03)
25.9                	(5.827949108838e+00 2.375464910800e+00 6.300310145069e-01)	(5.827949108838e+00 2.375464910800e+00 6.300310145069e-01)	(2.947747807584e-03 -2.297922629051e-01 -4.268066079265e-04)	(-2.548709170009e-01 -3.792424122260e-04 -1.838764607087e-02)	(6.662218818271e-04 -1.603969532334e+00 -3.997588297548e-03)
26                  	(5.800491759771e+00 2.375430710270e+00 6.253464879602e-01)	(5.800491759771e+00 2.375430710270e+00 6.253464879602e-01)	(3.035245336624e-03 -3.329645367496e-01 -4.405023297038e-04)	(-2.654146026952e-01 -3.111277872908e-04 -7.192958414791e-02)	(1.393009901884e-03 -3.651814659843e-01 -2.861186753878e-03)
26.1                	(5.779169076385e+00 2.375392314174e+00 6.170205518172e-01)	(5.779169076385e+00 2.375392314174e+00 6.170205518172e-01)	(3.063262547840e-03 -2.916920417378e-01 -7.682948246417e-04)	(-1.444819254121e-01 -1.429211669575e-04 -8.810724936144e-02)	(1.040558718895e-03 1.168874710042e+00 -1.251041720355e-04)
26.2                	(5.772904677039e+00 2.375406530455e+00 6.083185958944e-01)	(5.772904677039e+00 2.375406530455e+00 6.083185958944e-01)	(3.079523169006e-03 -1.212765817219e-01 -1.138419706091e-03)	(1.569529564737e-02 3.288738367529e-04 -8.330825516204e-02)	(9.779816917761e-04 2.080459515233e+00 3.030673060243e-03)
26.3                	(5.780400051778e+00 2.375443265000e+00 6.017545386698e-01)	(5.780400051778e+00 2.375443265000e+00 6.017545386698e-01)	(3.186922571769e-03 9.041692759179e-02 -1.422933567855e-03)	(1.234542786450e-01 3.936087170959e-04 -3.669594251679e-02)	(1.150667155302e-03 1.988423441564e+00 4.220081920462e-03)
26.4                	(5.795690494831e+00 2.375474722788e+00 6.026518008124e-01)	(5.795690494831e+00 2.375474722788e+00 6.026518008124e-01)	(3.288844516035e-03 2.435736696919e-01 -1.504800439315e-03)	(1.765771162098e-01 1.753746861837e-04 5.561222884850e-02)	(6.479455603197e-04 9.379359929107e-01 3.781094643348e-03)
26.5                	(5.815167681691e+00 2.375488126490e+00 6.112952481576e-01)	(5.815167681691e+00 2.375488126490e+00 6.112952481576e-01)	(3.233847464612e-03 2.659360580911e-01 -1.266072213303e-03)	(2.099382233667e-01 1.448458152915e-04 1.045119574420e-01)	(-5.856504985944e-04 -4.681284118898e-01 2.139476381642e-03)
26.6                	(5.835627120254e+00 2.375504751051e+00 6.214489074550e-01)	(5.835627120254e+00 2.375504751051e+00 6.214489074550e-01)	(2.995593911492e-03 1.634795937369e-01 -8.460888800206e-04)	(1.770735154618e-01 2.106015878438e-04 8.849359580763e-02)	(-9.302368838875e-04 -1.504237266707e+00 -1.107764238189e-03)
26.7                	(5.844676652762e+00 2.375518658026e+00 6.282725785278e-01)	(5.844676652762e+00 2.375518658026e+00 6.282725785278e-01)	(2.954549680826e-03 -1.868215921214e-02 -5.643818297187e-04)	(-2.205811824033e-02 3.887360022158e-05 4.697676193641e-02)	(-1.026580539132e-04 -2.030600730519e+00 -3.598304041348e-03)
26.8                	(5.830391751239e+00 2.375504106559e+00 6.302131369020e-01)	(5.830391751239e+00 2.375504106559e+00 6.302131369020e-01)	(2.997364680411e-03 -2.132198715029e-01 -4.199394617000e-04)	(-2.425429733879e-01 -2.812413659840e-04 -1.186858693773e-02)	(5.640901138586e-04 -1.691745165479e+00 -4.034515347464e-03)
26.9                	(5.803126024770e+00 2.375478137769e+00 6.260766181560e-01)	(5.803126024770e+00 2.375478137769e+00 6.260766181560e-01)	(3.079143578120e-03 -3.285422719042e-01 -3.795606683124e-04)	(-2.707341212459e-01 -2.464381888262e-04 -6.654326654952e-02)	(1.164366056743e-03 -5.113989626725e-01 -2.859232148855e-03)
27                  	(5.780646864431e+00 2.375446724453e+00 6.179341476366e-01)	(5.780646864431e+00 2.375446724453e+00 6.179341476366e-01)	(3.101168166675e-03 -3.027066731010e-01 -6.724166463074e-04)	(-1.599199524379e-01 -1.447941848871e-04 -8.728231867728e-02)	(8.691747964369e-04 1.031543049122e+00 -3.728617149882e-04)
27.1                	(5.772783757536e+00 2.375462192979e+00 6.091867199144e-01)	(5.772783757536e+00 2.375462192979e+00 6.091867199144e-01)	(3.091203957516e-03 -1.418769581795e-01 -1.038683615183e-03)	(1.509845570262e-03 3.715975046093e-04 -8.460260041096e-02)	(7.380546486636e-04 2.034301073459e+00 2.933661034239e-03)
27.2                	(5.779176163329e+00 2.375502344087e+00 6.021707614802e-01)	(5.779176163329e+00 2.375502344087e+00 6.021707614802e-01)	(3.174536691399e-03 7.022052685608e-02 -1.332885381025e-03)	(1.156361577762e-01 4.183182005908e-04 -4.468759583717e-02)	(1.062294625185e-03 2.041968451456e+00 4.118075958571e-03)
27.3                	(5.793927395630e+00 2.375535484937e+00 6.021356820185e-01)	(5.793927395630e+00 2.375535484937e+00 6.021356820185e-01)	(3.287935251996e-03 2.335011156069e-01 -1.492256154657e-03)	(1.727365292525e-01 1.514118670363e-04 4.675235541872e-02)	(6.700808501292e-04 1.075941669918e+00 2.622832739357e-03)
27.4                	(5.813083291522e+00 2.375542649324e+00 6.102429287437e-01)	(5.813083291522e+00 2.375542649324e+00 6.102429287437e-01)	(3.286340539806e-03 2.700661719727e-01 -1.437905651405e-03)	(2.079838612497e-01 1.248570168355e-04 1.029254762175e-01)	(-6.670457796117e-04 -3.377008784734e-01 1.080329545295e-03)
27.5                	(5.833824868228e+00 2.375557239073e+00 6.205186699917e-01)	(5.833824868228e+00 2.375557239073e+00 6.205186699917e-01)	(3.050317487655e-03 1.782427861322e-01 -1.097478469036e-03)	(1.873549043232e-01 1.575292601235e-04 9.252364937055e-02)	(-1.323760344700e-03 -1.421097857488e+00 -1.036971400404e-03)
27.6                	(5.844799753773e+00 2.375566245094e+00 6.277515281162e-01)	(5.844799753773e+00 2.375566245094e+00 6.277515281162e-01)	(2.987087232759e-03 1.646467655273e-03 -7.937852966201e-04)	(3.862019592178e-03 2.357654521252e-06 5.160211221476e-02)	(-1.225104079463e-04 -2.010978259621e+00 -2.976862846270e-03)
27.7                	(5.832791452012e+00 2.375550396566e+00 6.302713856226e-01)	(5.832791452012e+00 2.375550396566e+00 6.302713856226e-01)	(3.023638445356e-03 -1.958216818152e-01 -5.628181714179e-04)	(-2.277111159043e-01 -2.704131446629e-04 -4.999279986451e-03)	(4.515322827437e-04 -1.770636678193e+00 -3.434549669045e-03)
27.8                	(5.805903496802e+00 2.375524316736e+00 6.267006194249e-01)	(5.805903496802e+00 2.375524316736e+00 6.267006194249e-01)	(3.121842843907e-03 -3.227229663801e-01 -4.112401452493e-04)	(-2.755351769603e-01 -2.650206561635e-04 -6.211381971186e-02)	(1.005868725754e-03 -6.559070759516e-01 -2.181752360052e-03)
27.9                	(5.782359228859e+00 2.375495299358e+00 6.188027295686e-01)	(5.782359228859e+00 2.375495299358e+00 6.188027295686e-01)	(3.167753317869e-03 -3.123970296163e-01 -5.984008421197e-04)	(-1.753676313910e-01 -1.817241213676e-04 -8.649722308935e-02)	(7.695713538454e-04 8.868934198277e-01 -6.730989083393e-05)
28                  	(5.772867569443e+00 2.375509192762e+00 6.100568616409e-01)	(5.772867569443e+00 2.375509192762e+00 6.100568616409e-01)	(3.142947015784e-03 -1.620595139165e-01 -9.190597765985e-04)	(-1.366938425276e-02 3.668658786637e-04 -8.559686943690e-02)	(3.869665471352e-04 1.977120521279e+00 3.128865633485e-03)
