# Motion State      
# Angle Units       : radians
# Time              	centreOfRotation	centreOfMass	rotation	velocity	omega
0.1                 	(5.750149022065e+00 2.374997391308e+00 5.953898282004e-01)	(5.750149022065e+00 2.374997391308e+00 5.953898282004e-01)	(1.003287928262e-04 1.499611169980e-03 -2.325158315893e-06)	(3.132262420671e-03 -6.160854692719e-05 -1.988617926286e-01)	(3.196457149639e-03 3.759369048065e-02 -5.394075108549e-05)
0.2                 	(5.750540046023e+00 2.374990749626e+00 5.811806719833e-01)	(5.750540046023e+00 2.374990749626e+00 5.811806719833e-01)	(6.133833294699e-04 6.714074636939e-03 -1.222394468640e-05)	(4.227882743933e-03 -6.217555956671e-05 -8.142728770629e-02)	(6.841761684321e-03 6.115133915742e-02 -9.866774233415e-05)
0.3                 	(5.750947333308e+00 2.374984159268e+00 5.792445238424e-01)	(5.750947333308e+00 2.374984159268e+00 5.792445238424e-01)	(1.416288158820e-03 1.257737625529e-02 -2.767232549407e-05)	(3.807583173127e-03 -8.725223681844e-05 4.065937491281e-02)	(8.936911983591e-03 5.093148817959e-02 -9.248838591853e-05)
0.4                 	(5.751300612988e+00 2.374968828159e+00 5.886681174281e-01)	(5.751300612988e+00 2.374968828159e+00 5.886681174281e-01)	(2.344793504909e-03 1.649015981176e-02 -4.370694825452e-05)	(3.289164190966e-03 -2.343327116957e-04 1.417444606158e-01)	(9.338305942635e-03 2.596204062390e-02 -9.552096362170e-05)
0.5                 	(5.751602237709e+00 2.374936933906e+00 6.057576897498e-01)	(5.751602237709e+00 2.374936933906e+00 6.057576897498e-01)	(3.232118521707e-03 1.737483617443e-02 -5.806525339114e-05)	(2.701846661808e-03 -3.947816674805e-04 1.892821068124e-01)	(8.187016359558e-03 -9.653781684088e-03 -1.549307260727e-04)
0.6                 	(5.751832522941e+00 2.374893662480e+00 6.242855260095e-01)	(5.751832522941e+00 2.374893662480e+00 6.242855260095e-01)	(3.948559102540e-03 1.450063421605e-02 -6.863927642598e-05)	(1.906980002997e-03 -4.467906266260e-04 1.707606254538e-01)	(6.014227952162e-03 -4.668319357834e-02 -2.821889047917e-04)
0.7                 	(5.752011858011e+00 2.374853087627e+00 6.383464291086e-01)	(5.752011858011e+00 2.374853087627e+00 6.383464291086e-01)	(4.412975551393e-03 8.796689178347e-03 -8.017401934772e-05)	(1.974085222885e-03 -3.362208620706e-04 1.045796895866e-01)	(3.181841035552e-03 -6.238445357381e-02 -4.229557889769e-04)
0.8                 	(5.752289857374e+00 2.374832334374e+00 6.442869686335e-01)	(5.752289857374e+00 2.374832334374e+00 6.442869686335e-01)	(4.575095593407e-03 2.851325455944e-03 -9.917702525217e-05)	(3.881311004717e-03 -5.027995825361e-05 1.168169739583e-02)	(5.054756598477e-05 -5.308199755602e-02 -4.666864640666e-04)
0.9                 	(5.752823254007e+00 2.374845290943e+00 6.407141757442e-01)	(5.752823254007e+00 2.374845290943e+00 6.407141757442e-01)	(4.433498901238e-03 -1.276074312523e-03 -1.222121639420e-04)	(6.788112962303e-03 3.008995712513e-04 -7.997835776147e-02)	(-2.776201826464e-03 -2.769693735458e-02 -3.511761286983e-04)
1                   	(5.753604214144e+00 2.374888316362e+00 6.295435079494e-01)	(5.753604214144e+00 2.374888316362e+00 6.295435079494e-01)	(4.046082805176e-03 -2.384028656535e-03 -1.425269865607e-04)	(8.396154456395e-03 5.315971741097e-04 -1.352535368359e-01)	(-4.829845270685e-03 6.218050555319e-03 -1.520172480946e-04)
1.1                 	(5.754380966175e+00 2.374946272717e+00 6.153358053076e-01)	(5.754380966175e+00 2.374946272717e+00 6.153358053076e-01)	(3.497377176139e-03 -2.763930778674e-04 -1.570440727578e-04)	(6.458428116909e-03 6.001484604872e-04 -1.411667060172e-01)	(-5.982223293591e-03 3.297891274606e-02 4.744196841762e-06)
1.2                 	(5.754777846284e+00 2.375003942669e+00 6.026632619245e-01)	(5.754777846284e+00 2.375003942669e+00 6.026632619245e-01)	(2.884659174059e-03 3.464292185882e-03 -1.655453931871e-04)	(1.095765815065e-03 5.364646587804e-04 -1.064357677038e-01)	(-6.091091205734e-03 3.821477306739e-02 5.639552487504e-05)
1.3                 	(5.754575092578e+00 2.375052146841e+00 5.950528152444e-01)	(5.754575092578e+00 2.375052146841e+00 5.950528152444e-01)	(2.310134559050e-03 6.936271168273e-03 -1.663819541245e-04)	(-5.023462437606e-03 4.272205232558e-04 -4.197589064473e-02)	(-5.270698532039e-03 3.035033182817e-02 1.124116831774e-04)
1.4                 	(5.753859667902e+00 2.375090415875e+00 5.946353969642e-01)	(5.753859667902e+00 2.375090415875e+00 5.946353969642e-01)	(1.853869820594e-03 9.464731559093e-03 -1.581404251462e-04)	(-8.696247389238e-03 3.470927628101e-04 3.301769959895e-02)	(-3.754845045533e-03 1.979885723397e-02 1.533963704485e-04)
1.5                 	(5.752959659266e+00 2.375122861206e+00 6.010072669529e-01)	(5.752959659266e+00 2.375122861206e+00 6.010072669529e-01)	(1.572867224312e-03 1.076755117683e-02 -1.438791982844e-04)	(-8.664935738997e-03 3.069380971580e-04 8.937984626659e-02)	(-1.821197490880e-03 5.788597246967e-03 1.804737239370e-04)
1.6                 	(5.752260020347e+00 2.375152117436e+00 6.113700376535e-01)	(5.752260020347e+00 2.375152117436e+00 6.113700376535e-01)	(1.491701290471e-03 1.071159550524e-02 -1.232743475872e-04)	(-4.685976878965e-03 2.753077061595e-04 1.120886390287e-01)	(1.924558953301e-04 -5.599823913298e-03 2.287383133305e-04)
1.7                 	(5.752127634115e+00 2.375177249019e+00 6.223019004077e-01)	(5.752127634115e+00 2.375177249019e+00 6.223019004077e-01)	(1.603648100870e-03 9.910478297870e-03 -9.882564767328e-05)	(2.397973387331e-03 2.247973843445e-04 1.011156401693e-01)	(1.991184282370e-03 -9.608861500777e-03 2.236714484907e-04)
1.8                 	(5.752761618921e+00 2.375196793780e+00 6.306175988195e-01)	(5.752761618921e+00 2.375196793780e+00 6.306175988195e-01)	(1.875253027571e-03 8.793187303708e-03 -7.759631403759e-05)	(9.954045819257e-03 1.649824009485e-04 6.082990273313e-02)	(3.362320651518e-03 -1.369010518595e-02 1.551664929952e-04)
1.9                 	(5.753984830144e+00 2.375210880270e+00 6.338553030252e-01)	(5.753984830144e+00 2.375210880270e+00 6.338553030252e-01)	(2.257186797407e-03 6.950775968083e-03 -6.085575830920e-05)	(1.364063078342e-02 1.247092695314e-04 2.685565017466e-03)	(4.172157201226e-03 -2.388396365991e-02 1.185426534395e-04)
2                   	(5.755282610271e+00 2.375223804688e+00 6.312566376959e-01)	(5.755282610271e+00 2.375223804688e+00 6.312566376959e-01)	(2.685589609275e-03 3.961153049118e-03 -3.853230740764e-05)	(1.124146759896e-02 1.433544811061e-04 -5.268164102495e-02)	(4.278056781067e-03 -3.563338230436e-02 1.969513108420e-04)
2.1                 	(5.756041281611e+00 2.375241047423e+00 6.239462818835e-01)	(5.756041281611e+00 2.375241047423e+00 6.239462818835e-01)	(3.090737264778e-03 2.195564764711e-05 -4.442297407529e-06)	(3.189179592848e-03 2.039443823449e-04 -8.935822185026e-02)	(3.732872279077e-03 -4.123559040156e-02 2.412612397760e-04)
2.2                 	(5.755839330903e+00 2.375264049901e+00 6.144016168476e-01)	(5.755839330903e+00 2.375264049901e+00 6.144016168476e-01)	(3.416906106577e-03 -3.669696503193e-03 2.825674383430e-05)	(-7.273491416865e-03 2.511941427559e-04 -9.590129418405e-02)	(2.725293801456e-03 -2.862641030428e-02 1.418906682712e-04)
2.3                 	(5.754658420599e+00 2.375290067043e+00 6.058754920851e-01)	(5.754658420599e+00 2.375290067043e+00 6.058754920851e-01)	(3.625455319200e-03 -4.881666310776e-03 3.724847605590e-05)	(-1.559162878017e-02 2.664666082594e-04 -6.977496506279e-02)	(1.395027897688e-03 7.843190128037e-03 -3.399845606639e-05)
2.4                 	(5.752909755967e+00 2.375316956663e+00 6.010538971419e-01)	(5.752909755967e+00 2.375316956663e+00 6.010538971419e-01)	(3.689253224586e-03 -1.810738075109e-03 1.813121610265e-05)	(-1.815472455516e-02 2.691982136628e-04 -2.513868143056e-02)	(-1.287774489122e-04 5.324609311293e-02 -1.106987328029e-04)
2.5                 	(5.751318120066e+00 2.375343818935e+00 6.009750275201e-01)	(5.751318120066e+00 2.375343818935e+00 6.009750275201e-01)	(3.601957687957e-03 5.457517859172e-03 -2.057676995324e-05)	(-1.219345765024e-02 2.674954786858e-04 2.331586521878e-02)	(-1.585308481609e-03 8.919543609058e-02 -1.241626462325e-04)
2.6                 	(5.750697688669e+00 2.375370633515e+00 6.054422444262e-01)	(5.750697688669e+00 2.375370633515e+00 6.054422444262e-01)	(3.382870423120e-03 1.509603699309e-02 -6.831677377038e-05)	(4.086981674198e-04 2.689392863716e-04 6.333499670543e-02)	(-2.737340043780e-03 9.695853171727e-02 -1.637247920169e-04)
2.7                 	(5.751446880501e+00 2.375397784038e+00 6.130014462454e-01)	(5.751446880501e+00 2.375397784038e+00 6.130014462454e-01)	(3.073336463944e-03 2.337794643455e-02 -1.136185768310e-04)	(1.425053809689e-02 2.753334096682e-04 8.389920876562e-02)	(-3.375043231166e-03 6.105325412073e-02 -2.031445966615e-04)
2.8                 	(5.753358041824e+00 2.375425580890e+00 6.213360873447e-01)	(5.753358041824e+00 2.375425580890e+00 6.213360873447e-01)	(2.730064018717e-03 2.591587772753e-02 -1.403283256634e-04)	(2.253783657604e-02 2.800670820902e-04 7.825639040597e-02)	(-3.401892626130e-03 -1.541098283597e-02 -1.643226639169e-04)
2.9                 	(5.755607082205e+00 2.375453573089e+00 6.277998811651e-01)	(5.755607082205e+00 2.375453573089e+00 6.277998811651e-01)	(2.411448067729e-03 1.981689016034e-02 -1.366232875358e-04)	(2.050848670663e-02 2.764615179801e-04 4.714929239562e-02)	(-2.884979714243e-03 -1.058159595898e-01 -5.580691037468e-05)
3                   	(5.757108377945e+00 2.375480402088e+00 6.301896246405e-01)	(5.757108377945e+00 2.375480402088e+00 6.301896246405e-01)	(2.167530479291e-03 5.690212081182e-03 -1.024541991072e-04)	(8.131169310251e-03 2.589049074245e-04 -7.544466581051e-04)	(-1.920290530379e-03 -1.681515179889e-01 9.499024847251e-05)
3.1                 	(5.757079331232e+00 2.375505330581e+00 6.277225219994e-01)	(5.757079331232e+00 2.375505330581e+00 6.277225219994e-01)	(2.037546349905e-03 -1.140552709016e-02 -5.268129217853e-05)	(-8.844887464143e-03 2.395262540897e-04 -4.668595204133e-02)	(-6.456994452561e-04 -1.599138827303e-01 1.652070830062e-04)
3.2                 	(5.755467449669e+00 2.375528195502e+00 6.214550797012e-01)	(5.755467449669e+00 2.375528195502e+00 6.214550797012e-01)	(2.042697445251e-03 -2.353574569142e-02 -1.179668586181e-05)	(-2.205510975225e-02 2.168033131835e-04 -7.478535761203e-02)	(7.313787648012e-04 -7.056101534164e-02 1.498108755286e-04)
3.3                 	(5.753013195630e+00 2.375548621601e+00 6.135424420672e-01)	(5.753013195630e+00 2.375548621601e+00 6.135424420672e-01)	(2.179694488421e-03 -2.388135378205e-02 1.318019419831e-06)	(-2.474590094121e-02 1.921870231044e-04 -7.869060375878e-02)	(1.956120170210e-03 6.810166776450e-02 1.095784747350e-04)
3.4                 	(5.750937114014e+00 2.375566726421e+00 6.065387082699e-01)	(5.750937114014e+00 2.375566726421e+00 6.065387082699e-01)	(2.420512568951e-03 -1.024682239499e-02 -1.591757286866e-05)	(-1.501998572618e-02 1.709480722788e-04 -5.796027770938e-02)	(2.780915868860e-03 1.967965768841e-01 2.063440561409e-04)
3.5                 	(5.750312896753e+00 2.375582834202e+00 6.026499589436e-01)	(5.750312896753e+00 2.375582834202e+00 6.026499589436e-01)	(2.717705918812e-03 1.301408647824e-02 -4.676911836703e-05)	(3.238260239277e-03 1.482626059483e-04 -1.767760337036e-02)	(3.068394196864e-03 2.511173697674e-01 3.678547802562e-04)
3.6                 	(5.751619475619e+00 2.375595463921e+00 6.032990805360e-01)	(5.751619475619e+00 2.375595463921e+00 6.032990805360e-01)	(3.017268072612e-03 3.618855467496e-02 -7.358291709635e-05)	(2.230287526685e-02 1.033134471503e-04 3.093584584892e-02)	(2.819080088994e-03 1.928593783590e-01 3.870476669730e-04)
3.7                 	(5.754517778305e+00 2.375603285972e+00 6.085632410072e-01)	(5.754517778305e+00 2.375603285972e+00 6.085632410072e-01)	(3.266704572462e-03 4.815584161588e-02 -8.030705064735e-05)	(3.390869706719e-02 5.133500758064e-05 7.155692470054e-02)	(2.102935891405e-03 3.411310336503e-02 1.997848382602e-04)
3.8                 	(5.757929183159e+00 2.375605312985e+00 6.167156096116e-01)	(5.757929183159e+00 2.375605312985e+00 6.167156096116e-01)	(3.428977126051e-03 4.170715844820e-02 -5.196266021654e-05)	(3.151187656771e-02 -9.444721011336e-06 8.564790657997e-02)	(1.144738945203e-03 -1.628537899749e-01 -8.061655349719e-05)
3.9                 	(5.760275839351e+00 2.375602309500e+00 6.245589549316e-01)	(5.760275839351e+00 2.375602309500e+00 6.245589549316e-01)	(3.490728763815e-03 1.717088279096e-02 8.835780592636e-06)	(1.302406602918e-02 -4.528548464367e-05 6.624890718350e-02)	(1.310715005551e-04 -3.127753933293e-01 -4.270313624494e-04)
4                   	(5.760236313166e+00 2.375597616935e+00 6.292574188526e-01)	(5.760236313166e+00 2.375597616935e+00 6.292574188526e-01)	(3.458096611550e-03 -1.652522406477e-02 6.483593900935e-05)	(-1.417739637565e-02 -3.938303946262e-05 2.556201330059e-02)	(-7.496391977227e-04 -3.352275200840e-01 -7.656491639639e-04)
4.1                 	(5.757623209127e+00 2.375596727982e+00 6.294193648791e-01)	(5.757623209127e+00 2.375596727982e+00 6.294193648791e-01)	(3.347112916163e-03 -4.455497334899e-02 8.169369092121e-05)	(-3.597167271295e-02 3.092897977075e-05 -2.272326816894e-02)	(-1.447165402158e-03 -2.006570103663e-01 -7.506987476999e-04)
4.2                 	(5.753667642219e+00 2.375604088263e+00 6.249135431518e-01)	(5.753667642219e+00 2.375604088263e+00 6.249135431518e-01)	(3.176318377803e-03 -5.273011388642e-02 4.697103343467e-05)	(-3.935304723287e-02 1.199657152148e-04 -6.461185027965e-02)	(-1.884920353457e-03 4.951215808106e-02 -4.288755065907e-04)
4.3                 	(5.750439613377e+00 2.375621159555e+00 6.172128045863e-01)	(5.750439613377e+00 2.375621159555e+00 6.172128045863e-01)	(2.975295375194e-03 -3.438704485585e-02 -2.749994485064e-05)	(-2.236581218193e-02 2.169858146910e-04 -8.459265013839e-02)	(-2.011295839499e-03 3.073887954416e-01 3.288064470286e-05)
4.4                 	(5.749543659044e+00 2.375645717470e+00 6.090445510164e-01)	(5.749543659044e+00 2.375645717470e+00 6.090445510164e-01)	(2.780641225582e-03 4.582480144261e-03 -1.240494338066e-04)	(5.248830052138e-03 2.597513696407e-04 -7.281554339584e-02)	(-1.796643369473e-03 4.430568727501e-01 2.344853887069e-04)
4.5                 	(5.751390381453e+00 2.375669762709e+00 6.036404964502e-01)	(5.751390381453e+00 2.375669762709e+00 6.036404964502e-01)	(2.625470550113e-03 4.735088243527e-02 -2.121478919076e-04)	(3.046352305013e-02 2.076426494838e-04 -3.100319969791e-02)	(-1.313155503619e-03 3.771677984777e-01 2.943681604526e-04)
4.6                 	(5.755285784525e+00 2.375685972344e+00 6.033753311284e-01)	(5.755285784525e+00 2.375685972344e+00 6.033753311284e-01)	(2.527781635803e-03 7.382325660213e-02 -2.541556005338e-04)	(4.512862645724e-02 1.170086427188e-04 2.585782353832e-02)	(-6.835312322100e-04 1.280904474642e-01 2.119789241019e-04)
4.7                 	(5.759847817228e+00 2.375693122554e+00 6.083044958680e-01)	(5.759847817228e+00 2.375693122554e+00 6.083044958680e-01)	(2.490632137537e-03 7.023414139000e-02 -2.328843411692e-04)	(4.283124035917e-02 2.356505841262e-05 6.830040410138e-02)	(-2.521706473917e-05 -2.012291962945e-01 3.021092962935e-05)
4.8                 	(5.763139653799e+00 2.375690557394e+00 6.160071646668e-01)	(5.763139653799e+00 2.375690557394e+00 6.160071646668e-01)	(2.516585246988e-03 3.585834861905e-02 -1.517589184125e-04)	(1.942840348810e-02 -7.375981698718e-05 8.074439336977e-02)	(6.241327744663e-04 -4.633434997769e-01 -1.264322583012e-04)
4.9                 	(5.763178590703e+00 2.375679291763e+00 6.235043655763e-01)	(5.763178590703e+00 2.375679291763e+00 6.235043655763e-01)	(2.607874187857e-03 -1.599935232385e-02 -3.894046339335e-05)	(-1.981360816479e-02 -1.452063588779e-04 6.506634779409e-02)	(1.205812185058e-03 -5.350297330359e-01 -2.524355453489e-04)
5                   	(5.759396659646e+00 2.375663270858e+00 6.282607938607e-01)	(5.759396659646e+00 2.375663270858e+00 6.282607938607e-01)	(2.754749192769e-03 -6.298016269253e-02 6.388438169918e-05)	(-5.276371402953e-02 -1.600082650708e-04 2.640583877992e-02)	(1.602949655416e-03 -3.658183291303e-01 -1.619332932475e-04)
5.1                 	(5.753561429917e+00 2.375649617039e+00 6.283806008213e-01)	(5.753561429917e+00 2.375649617039e+00 6.283806008213e-01)	(2.927738480167e-03 -8.263150512244e-02 1.154777427106e-04)	(-5.859072329306e-02 -9.710889906022e-05 -2.518317555215e-02)	(1.723964926139e-03 -5.027750096199e-03 1.327573373613e-04)
5.2                 	(5.748756802926e+00 2.375645777108e+00 6.234726041613e-01)	(5.748756802926e+00 2.375645777108e+00 6.234726041613e-01)	(3.088373552219e-03 -6.240503065647e-02 8.604481475545e-05)	(-3.255307067221e-02 1.744469163098e-05 -6.865224506458e-02)	(1.482580794522e-03 4.013753536571e-01 5.029565334197e-04)
5.3                 	(5.747539995204e+00 2.375652597767e+00 6.156007386678e-01)	(5.747539995204e+00 2.375652597767e+00 6.156007386678e-01)	(3.210093739382e-03 -7.923790187594e-03 -1.981352067850e-05)	(8.607629784440e-03 1.095729224442e-04 -8.286681306911e-02)	(9.952955860476e-04 6.462375818690e-01 8.347127764445e-04)
5.4                 	(5.750159048348e+00 2.375665090943e+00 6.081506767463e-01)	(5.750159048348e+00 2.375665090943e+00 6.081506767463e-01)	(3.282891686998e-03 5.661448658862e-02 -1.347039835244e-04)	(4.127192688186e-02 1.296705817885e-04 -5.993587727321e-02)	(3.875146166343e-04 5.911355793437e-01 9.993651900087e-04)
5.5                 	(5.755245044265e+00 2.375676401282e+00 6.045961345577e-01)	(5.755245044265e+00 2.375676401282e+00 6.045961345577e-01)	(3.293100604177e-03 1.007165440444e-01 -1.945737642309e-04)	(5.748689792322e-02 8.501929635079e-05 -9.091780120772e-03)	(-2.743259360671e-04 2.524902163280e-01 6.268354064665e-04)
5.6                 	(5.761073306535e+00 2.375680640742e+00 6.062366827007e-01)	(5.761073306535e+00 2.375680640742e+00 6.062366827007e-01)	(3.231888179649e-03 1.025796271301e-01 -1.724850575160e-04)	(5.580460756161e-02 -8.632631830762e-06 3.928808898833e-02)	(-8.711188287727e-04 -2.200824159889e-01 -7.461100287488e-05)
5.7                 	(5.765599053699e+00 2.375673598027e+00 6.116821557835e-01)	(5.765599053699e+00 2.375673598027e+00 6.116821557835e-01)	(3.118173496914e-03 5.954082735135e-02 -7.663350573976e-05)	(2.991190879973e-02 -1.324472218935e-04 6.555696500692e-02)	(-1.190931088383e-03 -6.104042191046e-01 -7.278122007365e-04)
5.8                 	(5.766221825409e+00 2.375655648425e+00 6.185928552085e-01)	(5.766221825409e+00 2.375655648425e+00 6.185928552085e-01)	(2.993017842270e-03 -1.084322502816e-02 4.032921587975e-05)	(-1.996104950701e-02 -2.111284083849e-04 6.871943441011e-02)	(-1.215113518348e-03 -7.454424670246e-01 -1.170496969344e-03)
5.9                 	(5.761802657511e+00 2.375634536232e+00 6.245701728590e-01)	(5.761802657511e+00 2.375634536232e+00 6.245701728590e-01)	(2.881049312289e-03 -7.840011383704e-02 1.182692128321e-04)	(-6.445665693905e-02 -1.991733916416e-04 4.595372530996e-02)	(-1.066618317231e-03 -5.521786885563e-01 -1.127342201322e-03)
6                   	(5.754516694931e+00 2.375618782953e+00 6.270486221853e-01)	(5.754516694931e+00 2.375618782953e+00 6.270486221853e-01)	(2.786138577323e-03 -1.121214878332e-01 1.236687330045e-04)	(-7.419164855364e-02 -1.035792271353e-04 6.824495014513e-04)	(-8.239744923381e-04 -8.837195782114e-02 -6.178157044128e-04)
6.1                 	(5.748458042540e+00 2.375614754320e+00 6.247563551795e-01)	(5.748458042540e+00 2.375614754320e+00 6.247563551795e-01)	(2.708594326027e-03 -9.274987444199e-02 4.614906815859e-05)	(-4.094433393844e-02 2.123350052796e-05 -4.564038463537e-02)	(-5.600202533993e-04 4.671727212350e-01 1.513632289955e-04)
6.2                 	(5.747093837360e+00 2.375621265793e+00 6.187220737608e-01)	(5.747093837360e+00 2.375621265793e+00 6.187220737608e-01)	(2.661336268057e-03 -2.511086462898e-02 -8.592854296875e-05)	(1.401678257543e-02 9.322060147345e-05 -7.020516128908e-02)	(-2.033131768284e-04 8.316906919886e-01 7.711885033854e-04)
6.3                 	(5.750786315138e+00 2.375631393283e+00 6.119142188312e-01)	(5.750786315138e+00 2.375631393283e+00 6.119142188312e-01)	(2.663740656884e-03 6.033410741940e-02 -2.253387576211e-04)	(5.573981128246e-02 9.823284016825e-05 -5.970701059065e-02)	(2.054325658979e-04 8.055360436396e-01 8.908752389617e-04)
6.4                 	(5.757419561918e+00 2.375639369224e+00 6.078754293100e-01)	(5.757419561918e+00 2.375639369224e+00 6.078754293100e-01)	(2.711176148810e-03 1.228117376066e-01 -3.201119285314e-04)	(7.313190635200e-02 5.371454182354e-05 -1.827107593019e-02)	(5.512408996409e-04 3.902891413576e-01 5.146211230902e-04)
6.5                 	(5.764802742084e+00 2.375641017431e+00 6.083393650221e-01)	(5.764802742084e+00 2.375641017431e+00 6.083393650221e-01)	(2.778280133698e-03 1.318402264786e-01 -3.220073653448e-04)	(7.144056712556e-02 -2.721253728352e-05 2.561563990478e-02)	(7.705338492744e-04 -2.192101708011e-01 -7.437134537303e-05)
6.6                 	(5.770837103440e+00 2.375632178684e+00 6.123112054116e-01)	(5.770837103440e+00 2.375632178684e+00 6.123112054116e-01)	(2.851326400143e-03 8.209738917447e-02 -2.164386523820e-04)	(4.340900331400e-02 -1.561566279926e-04 5.018675523534e-02)	(9.259294835116e-04 -7.387550879177e-01 -6.223336824295e-04)
6.7                 	(5.772299103518e+00 2.375610244190e+00 6.178124089845e-01)	(5.772299103518e+00 2.375610244190e+00 6.178124089845e-01)	(2.944360950297e-03 -5.382792561535e-03 -5.238338946857e-05)	(-1.827008885929e-02 -2.746585937338e-04 5.706213171774e-02)	(1.042669823819e-03 -9.469861455998e-01 -1.128451261922e-03)
6.8                 	(5.767305726421e+00 2.375580088553e+00 6.229771670450e-01)	(5.767305726421e+00 2.375580088553e+00 6.229771670450e-01)	(3.054461797137e-03 -9.330608674956e-02 9.444621119926e-05)	(-7.657300403855e-02 -3.185231381701e-04 4.134664623799e-02)	(9.928289339674e-04 -7.431116773895e-01 -1.087140138394e-03)
6.9                 	(5.758466288877e+00 2.375550271891e+00 6.253031712504e-01)	(5.758466288877e+00 2.375550271891e+00 6.253031712504e-01)	(3.152334101272e-03 -1.421430548377e-01 1.619590626086e-04)	(-9.138474070671e-02 -2.485297805284e-04 2.781844334872e-03)	(7.771107690775e-04 -1.867377685977e-01 -5.410683450716e-04)
7                   	(5.750817088267e+00 2.375535149073e+00 6.233954401106e-01)	(5.750817088267e+00 2.375535149073e+00 6.233954401106e-01)	(3.199101570170e-03 -1.256646892444e-01 9.767875687667e-05)	(-5.340902068761e-02 -4.594300846507e-05 -3.960901443344e-02)	(2.864839811046e-04 5.126464096224e-01 3.858733721970e-04)
7.1                 	(5.748757961952e+00 2.375539398528e+00 6.179989797076e-01)	(5.748757961952e+00 2.375539398528e+00 6.179989797076e-01)	(3.184115501846e-03 -4.687367394671e-02 -6.575748259413e-05)	(1.338400972114e-02 1.042492739846e-04 -6.320809334021e-02)	(-2.692800825796e-04 1.000634287665e+00 1.346894313935e-03)
7.2                 	(5.752930464852e+00 2.375552212804e+00 6.119264385846e-01)	(5.752930464852e+00 2.375552212804e+00 6.119264385846e-01)	(3.136312356592e-03 5.845654672472e-02 -2.368568147827e-04)	(6.473436418384e-02 1.372503915730e-04 -5.226759999770e-02)	(-6.801635474062e-04 1.017195513819e+00 1.725856232987e-03)
7.3                 	(5.760632724277e+00 2.375564471815e+00 6.086375386087e-01)	(5.760632724277e+00 2.375564471815e+00 6.086375386087e-01)	(3.062039332418e-03 1.398254343237e-01 -3.392861799670e-04)	(8.472410790556e-02 9.995251327107e-05 -1.047990761514e-02)	(-9.875703812858e-04 5.409773588371e-01 1.177697464095e-03)
7.4                 	(5.769231550798e+00 2.375570896260e+00 6.099461464964e-01)	(5.769231550798e+00 2.375570896260e+00 6.099461464964e-01)	(2.950408060438e-03 1.579746124300e-01 -3.225236939570e-04)	(8.415772541234e-02 1.873574847368e-05 3.404954553548e-02)	(-1.141201768387e-03 -1.926811607311e-01 2.347523977496e-04)
7.5                 	(5.776550059314e+00 2.375566461871e+00 6.145486460833e-01)	(5.776550059314e+00 2.375566461871e+00 6.145486460833e-01)	(2.824343134278e-03 1.044416093334e-01 -1.905367536824e-04)	(5.535012665527e-02 -1.120680201071e-04 5.369569836837e-02)	(-9.560126000800e-04 -8.350752531942e-01 -6.886423121496e-04)
7.6                 	(5.778752255666e+00 2.375548745255e+00 6.201086256481e-01)	(5.778752255666e+00 2.375548745255e+00 6.201086256481e-01)	(2.742416923755e-03 2.861357014753e-03 -2.302739294903e-05)	(-1.733397751111e-02 -2.297452864802e-04 5.537163778117e-02)	(-4.783664359894e-04 -1.122861124705e+00 -1.568337740839e-03)
7.7                 	(5.773069793084e+00 2.375522879486e+00 6.249400458915e-01)	(5.773069793084e+00 2.375522879486e+00 6.249400458915e-01)	(2.724313197500e-03 -1.036977004195e-01 9.982981237551e-05)	(-9.020819609749e-02 -2.805199976343e-04 3.635404212903e-02)	(-1.089525549036e-05 -9.258990837311e-01 -1.608205793733e-03)
7.8                 	(5.762560361959e+00 2.375495161306e+00 6.265889133101e-01)	(5.762560361959e+00 2.375495161306e+00 6.265889133101e-01)	(2.750335064941e-03 -1.678460630325e-01 1.455483631715e-04)	(-1.094570990505e-01 -2.461526791465e-04 -5.586193819524e-03)	(4.016217367660e-04 -2.981241103561e-01 -9.476026608464e-04)
7.9                 	(5.753201618748e+00 2.375479749073e+00 6.236020147292e-01)	(5.753201618748e+00 2.375479749073e+00 6.236020147292e-01)	(2.788281103663e-03 -1.565736824753e-01 6.634049622599e-05)	(-6.747449826711e-02 -5.647763604769e-05 -5.088367936480e-02)	(5.746288175001e-04 5.268155089393e-01 8.069356533392e-05)
8                   	(5.750356359321e+00 2.375482879037e+00 6.173131720633e-01)	(5.750356359321e+00 2.375482879037e+00 6.173131720633e-01)	(2.824498079504e-03 -6.965606058652e-02 -1.118252468189e-04)	(1.173423645257e-02 9.051335354044e-05 -7.007783946705e-02)	(5.621524882036e-04 1.140380296203e+00 1.222967827621e-03)
8.1                 	(5.754878128057e+00 2.375493089550e+00 6.107291968550e-01)	(5.754878128057e+00 2.375493089550e+00 6.107291968550e-01)	(2.879694923413e-03 5.309498758610e-02 -3.045356413979e-04)	(7.267492207676e-02 1.049984042251e-04 -5.491146859881e-02)	(5.721281730723e-04 1.211213339127e+00 1.756558736506e-03)
8.2                 	(5.763625895208e+00 2.375502352647e+00 6.075283864747e-01)	(5.763625895208e+00 2.375502352647e+00 6.075283864747e-01)	(2.945551730699e-03 1.525439780194e-01 -4.342013521323e-04)	(9.695000590016e-02 7.095356332284e-05 -5.420516304667e-03)	(4.556585852742e-04 6.931636573532e-01 1.312701181977e-03)
8.3                 	(5.773582120825e+00 2.375505932218e+00 6.097180603177e-01)	(5.773582120825e+00 2.375505932218e+00 6.097180603177e-01)	(2.979704363875e-03 1.807909727257e-01 -4.341153996456e-04)	(9.883529658464e-02 -8.073117035154e-06 4.480057260206e-02)	(2.385928470521e-04 -1.502256909592e-01 3.097847548507e-04)
8.4                 	(5.782461455345e+00 2.375499267411e+00 6.154031302991e-01)	(5.782461455345e+00 2.375499267411e+00 6.154031302991e-01)	(2.972932402726e-03 1.256984623215e-01 -2.914700334315e-04)	(7.138759062403e-02 -1.375735171941e-04 6.451191128981e-02)	(1.269783400231e-04 -9.041854072107e-01 -7.709964030455e-04)
8.5                 	(5.785947416457e+00 2.375477682583e+00 6.219406221144e-01)	(5.785947416457e+00 2.375477682583e+00 6.219406221144e-01)	(2.976629362355e-03 1.293937472639e-02 -8.914132021186e-05)	(-1.044382671146e-02 -2.787688823514e-04 6.356461055962e-02)	(2.422077203532e-04 -1.271867968825e+00 -1.892314633503e-03)
8.6                 	(5.780051062355e+00 2.375446545427e+00 6.273483483111e-01)	(5.780051062355e+00 2.375446545427e+00 6.273483483111e-01)	(3.010325273911e-03 -1.103983281569e-01 6.789213400929e-05)	(-1.010084138188e-01 -3.250944876938e-04 3.936720310110e-02)	(2.573598153678e-04 -1.100265431574e+00 -2.091245775205e-03)
8.7                 	(5.767946267541e+00 2.375415675951e+00 6.288749537757e-01)	(5.767946267541e+00 2.375415675951e+00 6.288749537757e-01)	(3.043938728964e-03 -1.902764326489e-01 1.391423924689e-04)	(-1.285589148675e-01 -2.709581072670e-04 -1.104761096849e-02)	(2.124568329085e-04 -4.266720278583e-01 -1.270283254599e-03)
8.8                 	(5.756631225129e+00 2.375399341248e+00 6.249020646940e-01)	(5.756631225129e+00 2.375399341248e+00 6.249020646940e-01)	(3.039965610025e-03 -1.869224288329e-01 5.942675311247e-05)	(-8.629973544709e-02 -4.032790045080e-05 -6.493551614859e-02)	(-1.610688829188e-05 5.044978640749e-01 6.061890320049e-06)
8.9                 	(5.752240179014e+00 2.375406229756e+00 6.170381512744e-01)	(5.752240179014e+00 2.375406229756e+00 6.170381512744e-01)	(2.994576170392e-03 -9.612557977268e-02 -1.441252227562e-04)	(1.406835459889e-04 1.490001002214e-04 -8.690345158351e-02)	(-2.621012105174e-04 1.236809143530e+00 1.386548512541e-03)
9                   	(5.755980148425e+00 2.375423693910e+00 6.088027438617e-01)	(5.755980148425e+00 2.375423693910e+00 6.088027438617e-01)	(2.959867980553e-03 4.062172621164e-02 -3.707577970207e-04)	(6.793832887032e-02 1.850132033316e-04 -7.054113997020e-02)	(-2.787793653132e-04 1.383739500939e+00 2.041488525370e-03)
9.1                 	(5.764411144310e+00 2.375440328771e+00 6.043216258844e-01)	(5.764411144310e+00 2.375440328771e+00 6.043216258844e-01)	(2.944726593349e-03 1.579744342280e-01 -5.253876078730e-04)	(9.488412777715e-02 1.357026490924e-04 -1.437486504852e-02)	(-3.414436090878e-04 8.641220551416e-01 1.654861874170e-03)
9.2                 	(5.774259632667e+00 2.375449497997e+00 6.061575569686e-01)	(5.774259632667e+00 2.375449497997e+00 6.061575569686e-01)	(2.904456353134e-03 2.000390732283e-01 -5.321570528278e-04)	(9.947666753546e-02 4.140995086733e-05 4.698826024997e-02)	(-4.633302285541e-04 -5.284854412399e-02 6.193638603956e-04)
9.3                 	(5.783478628748e+00 2.375447170097e+00 6.124964371630e-01)	(5.783478628748e+00 2.375447170097e+00 6.124964371630e-01)	(2.831825498517e-03 1.497676876348e-01 -3.827288990256e-04)	(7.790146131031e-02 -9.781446790033e-05 7.446809248545e-02)	(-3.851137513559e-04 -9.042588179453e-01 -5.590173946776e-04)
9.4                 	(5.787841355999e+00 2.375428728850e+00 6.202936312169e-01)	(5.787841355999e+00 2.375428728850e+00 6.202936312169e-01)	(2.794728669625e-03 3.275155729924e-02 -1.708170381713e-04)	(-1.328097053174e-03 -2.580166027455e-04 7.848686852841e-02)	(5.427717641268e-05 -1.355162446071e+00 -1.805762447731e-03)
9.5                 	(5.782468483849e+00 2.375398982450e+00 6.273729511414e-01)	(5.782468483849e+00 2.375398982450e+00 6.273729511414e-01)	(2.822818739587e-03 -1.021269525424e-01 -4.780620491353e-06)	(-1.008002157133e-01 -3.247001445074e-04 5.731872952080e-02)	(3.640015297192e-04 -1.240279912493e+00 -2.156422380487e-03)
9.6                 	(5.769985074503e+00 2.375366643056e+00 6.306090032092e-01)	(5.769985074503e+00 2.375366643056e+00 6.306090032092e-01)	(2.882143160969e-03 -1.966728225717e-01 9.023059533818e-05)	(-1.351870641028e-01 -3.030748967842e-04 4.136039572172e-03)	(5.483010080344e-04 -5.714240186404e-01 -1.286425597045e-03)
9.7                 	(5.757892608215e+00 2.375346576361e+00 6.278291394655e-01)	(5.757892608215e+00 2.375346576361e+00 6.278291394655e-01)	(2.928316320501e-03 -2.055923515244e-01 4.604988105655e-05)	(-9.485674735135e-02 -7.098515881288e-05 -5.772782008101e-02)	(5.053639804295e-04 4.125584901783e-01 1.405966604692e-05)
9.8                 	(5.752796082091e+00 2.375352091168e+00 6.202120275939e-01)	(5.752796082091e+00 2.375352091168e+00 6.202120275939e-01)	(2.937546232520e-03 -1.194846437259e-01 -1.312739719197e-04)	(-4.516293014686e-03 1.527125947526e-04 -8.925903356757e-02)	(2.861138736839e-04 1.237006088227e+00 1.481671928940e-03)
9.9                 	(5.756389562357e+00 2.375371124238e+00 6.112828082895e-01)	(5.756389562357e+00 2.375371124238e+00 6.112828082895e-01)	(2.952450015462e-03 2.189761890572e-02 -3.510621486287e-04)	(6.911198192499e-02 2.084919284997e-04 -8.227513405056e-02)	(2.472853597436e-04 1.472925255356e+00 2.262006707746e-03)
10                  	(5.765048029694e+00 2.375390737335e+00 6.052549240683e-01)	(5.765048029694e+00 2.375390737335e+00 6.052549240683e-01)	(2.985920613944e-03 1.511748827196e-01 -5.191017954424e-04)	(9.712496428840e-02 1.726441178720e-04 -3.235940132175e-02)	(1.043821309786e-04 1.003310795601e+00 1.887420639631e-03)
10.1                	(5.774984432131e+00 2.375404551008e+00 6.053209947484e-01)	(5.774984432131e+00 2.375404551008e+00 6.053209947484e-01)	(2.985981137439e-03 2.068579004164e-01 -5.480564967747e-04)	(9.909368105290e-02 9.706204959586e-05 3.112263370751e-02)	(-1.948542779487e-04 6.926897360403e-02 8.009688517909e-04)
10.2                	(5.784184222871e+00 2.375408109146e+00 6.103787329031e-01)	(5.784184222871e+00 2.375408109146e+00 6.103787329031e-01)	(2.929596762935e-03 1.656242155843e-01 -4.076447049660e-04)	(7.898824286782e-02 -3.989452704139e-05 6.469526989428e-02)	(-3.259354647640e-04 -8.496419811709e-01 -4.836647630002e-04)
10.3                	(5.788959722118e+00 2.375394529531e+00 6.175411631379e-01)	(5.788959722118e+00 2.375394529531e+00 6.175411631379e-01)	(2.885710356660e-03 5.055596754627e-02 -1.878236708607e-04)	(5.660740494874e-03 -2.220721343179e-04 7.587905147644e-02)	(-3.743332285336e-05 -1.369728698372e+00 -1.830555367582e-03)
10.4                	(5.784217571574e+00 2.375366807979e+00 6.248417429813e-01)	(5.784217571574e+00 2.375366807979e+00 6.248417429813e-01)	(2.897809880484e-03 -8.919181583168e-02 -9.189616696327e-06)	(-9.701047049517e-02 -3.146656815578e-04 6.448606046508e-02)	(1.826830050456e-04 -1.320136054359e+00 -2.383935200754e-03)
10.5                	(5.771716092582e+00 2.375335248872e+00 6.292179581797e-01)	(5.771716092582e+00 2.375335248872e+00 6.292179581797e-01)	(2.933205875552e-03 -1.938453836329e-01 9.537287355133e-05)	(-1.390300685260e-01 -2.945144915253e-04 1.854673373014e-02)	(2.387976445130e-04 -6.885491234101e-01 -1.542241341237e-03)
10.6                	(5.758981168386e+00 2.375315020127e+00 6.280834129472e-01)	(5.758981168386e+00 2.375315020127e+00 6.280834129472e-01)	(2.948850477827e-03 -2.145039956809e-01 6.259513543562e-05)	(-1.039105231912e-01 -7.370144625067e-05 -4.129920427529e-02)	(1.647289864109e-04 3.039326445419e-01 -2.113812310806e-04)
10.7                	(5.752907536576e+00 2.375321210088e+00 6.219199240312e-01)	(5.752907536576e+00 2.375321210088e+00 6.219199240312e-01)	(2.921688630265e-03 -1.364543325693e-01 -1.092787056295e-04)	(-1.364953268011e-02 1.672663209810e-04 -7.739142023846e-02)	(-8.359194291360e-05 1.190652815147e+00 1.352902676808e-03)
10.8                	(5.755883425149e+00 2.375342026727e+00 6.137991179628e-01)	(5.755883425149e+00 2.375342026727e+00 6.137991179628e-01)	(2.896472787546e-03 4.326197630476e-03 -3.286209262941e-04)	(6.641711322384e-02 2.266623753633e-04 -7.886719620724e-02)	(-7.989043768985e-05 1.508095423862e+00 2.277540457636e-03)
10.9                	(5.764523259961e+00 2.375363612280e+00 6.075674070210e-01)	(5.764523259961e+00 2.375363612280e+00 6.075674070210e-01)	(2.902398449927e-03 1.407213401592e-01 -5.008469329576e-04)	(9.854346430507e-02 1.954670891950e-04 -3.937275287666e-02)	(-6.895064208427e-05 1.104781282272e+00 2.002772925003e-03)
11                  	(5.774595387642e+00 2.375380128491e+00 6.066158943795e-01)	(5.774595387642e+00 2.375380128491e+00 6.066158943795e-01)	(2.896202404947e-03 2.078547017076e-01 -5.453227475019e-04)	(9.966536241237e-02 1.308170491382e-04 1.928114312434e-02)	(-2.113375977120e-04 1.863125064139e-01 9.426068455505e-04)
11.1                	(5.783891029429e+00 2.375387863591e+00 6.104639137659e-01)	(5.783891029429e+00 2.375387863591e+00 6.104639137659e-01)	(2.845454362952e-03 1.766064706922e-01 -4.226730700063e-04)	(8.101350123469e-02 8.862807946507e-06 5.259627575195e-02)	(-2.678868756218e-04 -7.743575501859e-01 -3.318933802738e-04)
11.2                	(5.789160444644e+00 2.375379310301e+00 6.164766037052e-01)	(5.789160444644e+00 2.375379310301e+00 6.164766037052e-01)	(2.807724749713e-03 6.610917762986e-02 -2.075928791376e-04)	(1.367791940615e-02 -1.762429399421e-04 6.544766058785e-02)	(8.373342036114e-05 -1.354816237116e+00 -1.636505148357e-03)
11.3                	(5.785310022532e+00 2.375355645490e+00 6.230208875540e-01)	(5.785310022532e+00 2.375355645490e+00 6.230208875540e-01)	(2.832163744960e-03 -7.523519747404e-02 -2.116153244294e-05)	(-8.918108912045e-02 -2.832236644914e-04 6.057201371794e-02)	(3.653567343225e-04 -1.367259534706e+00 -2.324253328348e-03)
11.4                	(5.773236653974e+00 2.375326421807e+00 6.274347766603e-01)	(5.773236653974e+00 2.375326421807e+00 6.274347766603e-01)	(2.887303660468e-03 -1.871867162003e-01 9.758604456251e-05)	(-1.385544582954e-01 -2.808491976809e-04 2.257827689584e-02)	(4.241351167094e-04 -7.840153214232e-01 -1.579046540135e-03)
11.5                	(5.760231598187e+00 2.375306121680e+00 6.270581511635e-01)	(5.760231598187e+00 2.375306121680e+00 6.270581511635e-01)	(2.927919776240e-03 -2.184508415587e-01 8.782052783341e-05)	(-1.099994884298e-01 -8.982709036532e-05 -3.140399433476e-02)	(3.854638568066e-04 1.952154735465e-01 -3.343498975414e-04)
11.6                	(5.753321329949e+00 2.375310931862e+00 6.219309494998e-01)	(5.753321329949e+00 2.375310931862e+00 6.219309494998e-01)	(2.923649781406e-03 -1.495137642822e-01 -6.945117844575e-05)	(-2.296634351805e-02 1.636641980043e-04 -6.680604173196e-02)	(9.793038749706e-05 1.125768951574e+00 1.249312348920e-03)
11.7                	(5.755512936452e+00 2.375331976118e+00 6.147413445578e-01)	(5.755512936452e+00 2.375331976118e+00 6.147413445578e-01)	(2.908780348043e-03 -1.172442032784e-02 -2.891830606453e-04)	(6.097976223926e-02 2.323596355214e-04 -7.135523620456e-02)	(1.907611988953e-05 1.515332624269e+00 2.239886708838e-03)
11.8                	(5.763880022893e+00 2.375354709934e+00 6.089484628161e-01)	(5.763880022893e+00 2.375354709934e+00 6.089484628161e-01)	(2.921558079620e-03 1.289343612888e-01 -4.746285643737e-04)	(9.825052115314e-02 2.129342332511e-04 -3.816559057545e-02)	(5.109135967219e-06 1.179892051781e+00 2.060610213092e-03)
11.9                	(5.774000059805e+00 2.375373401927e+00 6.078681376184e-01)	(5.774000059805e+00 2.375373401927e+00 6.078681376184e-01)	(2.925033498987e-03 2.055381964329e-01 -5.409090876833e-04)	(1.007640981101e-01 1.577797574932e-04 1.643215384522e-02)	(-1.682184737922e-04 2.927080929767e-01 1.028807533782e-03)
12                  	(5.783422220645e+00 2.375384370736e+00 6.113650066806e-01)	(5.783422220645e+00 2.375384370736e+00 6.113650066806e-01)	(2.878832332262e-03 1.841269580781e-01 -4.381389589641e-04)	(8.323052503025e-02 4.626200108770e-05 4.824833684705e-02)	(-3.042909969613e-04 -6.924200873741e-01 -2.592790921016e-04)
12.1                	(5.789170425477e+00 2.375379712916e+00 6.168327899733e-01)	(5.789170425477e+00 2.375379712916e+00 6.168327899733e-01)	(2.831376700107e-03 7.935383687411e-02 -2.280967565266e-04)	(2.144710045137e-02 -1.405557901611e-04 5.903268636482e-02)	(-3.341171510983e-05 -1.323653721229e+00 -1.546961989837e-03)
12.2                	(5.786220684242e+00 2.375359154382e+00 6.227528112107e-01)	(5.786220684242e+00 2.375359154382e+00 6.227528112107e-01)	(2.839806428800e-03 -6.180263127276e-02 -3.506611761782e-05)	(-8.061835289533e-02 -2.575901513033e-04 5.535979350656e-02)	(2.229998519519e-04 -1.395336505553e+00 -2.342708184403e-03)
12.3                	(5.774696037729e+00 2.375332118652e+00 6.268414037037e-01)	(5.774696037729e+00 2.375332118652e+00 6.268414037037e-01)	(2.880238830808e-03 -1.792237551460e-01 9.176892558793e-05)	(-1.365786355828e-01 -2.621512436040e-04 2.122319196992e-02)	(2.773361652846e-04 -8.627086082093e-01 -1.683106715587e-03)
12.4                	(5.761566338627e+00 2.375312432872e+00 6.265118989876e-01)	(5.761566338627e+00 2.375312432872e+00 6.265118989876e-01)	(2.910586648746e-03 -2.199233847092e-01 9.722503994927e-05)	(-1.144643342715e-01 -9.770474477613e-05 -2.943984013917e-02)	(2.786952067672e-04 9.237755791429e-02 -4.880085676894e-04)
12.5                	(5.753943488066e+00 2.375315949665e+00 6.216149615960e-01)	(5.753943488066e+00 2.375315949665e+00 6.216149615960e-01)	(2.900048436070e-03 -1.602739648128e-01 -4.950558080757e-05)	(-3.140964583752e-02 1.540903417229e-04 -6.360124103704e-02)	(4.762210503102e-05 1.053217754493e+00 1.072734604121e-03)
12.6                	(5.755333528299e+00 2.375336219623e+00 6.146964641060e-01)	(5.755333528299e+00 2.375336219623e+00 6.146964641060e-01)	(2.878402594350e-03 -2.665574401602e-02 -2.680918941775e-04)	(5.456151314146e-02 2.247380599761e-04 -6.888582999184e-02)	(-5.461415242402e-06 1.507805660691e+00 2.138981686735e-03)
12.7                	(5.763296051504e+00 2.375358181220e+00 6.090425052612e-01)	(5.763296051504e+00 2.375358181220e+00 6.090425052612e-01)	(2.890195433693e-03 1.167198640631e-01 -4.604448316551e-04)	(9.649362401156e-02 2.063237502642e-04 -3.781119533440e-02)	(5.717710717247e-05 1.239462302226e+00 2.086881417621e-03)
12.8                	(5.773370204919e+00 2.375376307336e+00 6.079412420819e-01)	(5.773370204919e+00 2.375376307336e+00 6.079412420819e-01)	(2.904257989220e-03 2.015028501362e-01 -5.418834129116e-04)	(1.012093058430e-01 1.546966786085e-04 1.646009879467e-02)	(-5.681034250086e-05 3.898974069367e-01 1.122771467191e-03)
12.9                	(5.782915687610e+00 2.375387574976e+00 6.115262754618e-01)	(5.782915687610e+00 2.375387574976e+00 6.115262754618e-01)	(2.873320293357e-03 1.896330579288e-01 -4.571782691746e-04)	(8.562070771772e-02 5.689941847925e-05 4.959573234855e-02)	(-2.001771421886e-04 -6.077024899123e-01 -1.522378939074e-04)
13                  	(5.789139163601e+00 2.375384552411e+00 6.170730092619e-01)	(5.789139163601e+00 2.375384552411e+00 6.170730092619e-01)	(2.832025718397e-03 9.118991184504e-02 -2.537953896718e-04)	(2.919128921445e-02 -1.229449498938e-04 5.899593992503e-02)	(8.648446145521e-06 -1.283948039399e+00 -1.418965756932e-03)
13.1                	(5.787096443980e+00 2.375365457662e+00 6.229286025091e-01)	(5.787096443980e+00 2.375365457662e+00 6.229286025091e-01)	(2.841540377141e-03 -4.876742521649e-02 -5.347252654978e-05)	(-7.171812929037e-02 -2.442263224701e-04 5.477837369618e-02)	(2.567044706948e-04 -1.412337327682e+00 -2.298888507417e-03)
13.2                	(5.776149520782e+00 2.375339851497e+00 6.270069254143e-01)	(5.776149520782e+00 2.375339851497e+00 6.270069254143e-01)	(2.884981330401e-03 -1.706227288971e-01 8.467144369249e-05)	(-1.341612656025e-01 -2.457731044119e-04 2.201212792459e-02)	(3.018105318518e-04 -9.314564793151e-01 -1.737563939178e-03)
13.3                	(5.762906244458e+00 2.375321041781e+00 6.267381036230e-01)	(5.762906244458e+00 2.375321041781e+00 6.267381036230e-01)	(2.921421259004e-03 -2.200291081471e-01 1.090978582327e-04)	(-1.186306127584e-01 -9.787676936457e-05 -2.872792272604e-02)	(3.089215490181e-04 -6.015334901626e-03 -5.846852825771e-04)
13.4                	(5.754590757472e+00 2.375324038304e+00 6.218206075037e-01)	(5.754590757472e+00 2.375324038304e+00 6.218206075037e-01)	(2.916830537844e-03 -1.697040287375e-01 -2.258781178558e-05)	(-3.981063234280e-02 1.527911494929e-04 -6.412829360249e-02)	(8.512069780761e-05 9.760052914143e-01 9.592879883638e-04)
13.5                	(5.755173287103e+00 2.375344730511e+00 6.147791307811e-01)	(5.755173287103e+00 2.375344730511e+00 6.147791307811e-01)	(2.894776167481e-03 -4.095842918309e-02 -2.384554413370e-04)	(4.777595530281e-02 2.325387795597e-04 -7.074946219944e-02)	(-5.665653997565e-06 1.491545249631e+00 2.089845671236e-03)
13.6                	(5.762678090500e+00 2.375367464119e+00 6.088665303843e-01)	(5.762678090500e+00 2.375367464119e+00 6.088665303843e-01)	(2.903683853256e-03 1.042605971574e-01 -4.377296804855e-04)	(9.412315289027e-02 2.135263412665e-04 -4.099726716267e-02)	(5.121526892561e-05 1.290942605791e+00 2.145802963502e-03)
13.7                	(5.772653277144e+00 2.375386224090e+00 6.074628899570e-01)	(5.772653277144e+00 2.375386224090e+00 6.074628899570e-01)	(2.918488683154e-03 1.965543932131e-01 -5.336286012735e-04)	(1.012162399586e-01 1.587215115580e-04 1.445046417638e-02)	(-6.966502408688e-05 4.820605943041e-01 1.226029438585e-03)
13.8                	(5.782286015351e+00 2.375398023784e+00 6.110545508005e-01)	(5.782286015351e+00 2.375398023784e+00 6.110545508005e-01)	(2.888048670199e-03 1.940587602396e-01 -4.661416510754e-04)	(8.770545210446e-02 6.384240974889e-05 5.142814523950e-02)	(-2.448426143011e-04 -5.210044406774e-01 -5.938563944208e-05)
13.9                	(5.788950591049e+00 2.375395930331e+00 6.168435448170e-01)	(5.788950591049e+00 2.375395930331e+00 6.168435448170e-01)	(2.840070286716e-03 1.023755613399e-01 -2.719107175798e-04)	(3.636426236110e-02 -1.151005863313e-04 6.158560569883e-02)	(-6.501433001405e-05 -1.237991598453e+00 -1.330990574108e-03)
14                  	(5.787788770472e+00 2.375377126400e+00 6.229456521552e-01)	(5.787788770472e+00 2.375377126400e+00 6.229456521552e-01)	(2.840677875785e-03 -3.576200333777e-02 -6.900446137559e-05)	(-6.289937555455e-02 -2.450806284225e-04 5.749684842218e-02)	(2.016065263494e-04 -1.422601676859e+00 -2.287792522462e-03)
14.1                	(5.777436731988e+00 2.375351195467e+00 6.273586058304e-01)	(5.777436731988e+00 2.375351195467e+00 6.273586058304e-01)	(2.878760766588e-03 -1.614154812856e-01 7.476000059344e-05)	(-1.318543270083e-01 -2.514901426301e-04 2.585675839307e-02)	(2.597510543998e-04 -9.945053032573e-01 -1.821794774812e-03)
14.2                	(5.764079223134e+00 2.375331352806e+00 6.274406326315e-01)	(5.764079223134e+00 2.375331352806e+00 6.274406326315e-01)	(2.913875068897e-03 -2.190274178936e-01 1.134055412610e-04)	(-1.230433043477e-01 -1.142534934003e-04 -2.556135939835e-02)	(2.818839970212e-04 -1.019207122563e-01 -6.970904271784e-04)
14.3                	(5.755051859536e+00 2.375332349392e+00 6.226508489688e-01)	(5.755051859536e+00 2.375332349392e+00 6.226508489688e-01)	(2.910254818711e-03 -1.780402878957e-01 -3.577865701449e-06)	(-4.864211387705e-02 1.374143737306e-04 -6.439775997743e-02)	(7.721639003210e-05 8.949273844960e-01 8.290824572080e-04)
14.4                	(5.754800894978e+00 2.375352547790e+00 6.154521327572e-01)	(5.754800894978e+00 2.375352547790e+00 6.154521327572e-01)	(2.884729021505e-03 -5.468235827304e-02 -2.142609087942e-04)	(4.071531035175e-02 2.358558864687e-04 -7.393079370276e-02)	(-2.775613209645e-05 1.468863766526e+00 2.011836876243e-03)
14.5                	(5.761831402564e+00 2.375375966610e+00 6.090824856572e-01)	(5.761831402564e+00 2.375375966610e+00 6.090824856572e-01)	(2.890295718328e-03 9.176043620443e-02 -4.181219721706e-04)	(9.172406890223e-02 2.239480925243e-04 -4.692256724022e-02)	(6.164713857621e-05 1.337067332725e+00 2.169178614302e-03)
14.6                	(5.771719173397e+00 2.375395811187e+00 6.070522443243e-01)	(5.771719173397e+00 2.375395811187e+00 6.070522443243e-01)	(2.909479279918e-03 1.911796967224e-01 -5.273535524485e-04)	(1.015566894337e-01 1.704277166775e-04 8.689027538865e-03)	(-1.822766074251e-05 5.721016715253e-01 1.314350340691e-03)
14.7                	(5.781474396212e+00 2.375408927196e+00 6.102934257265e-01)	(5.781474396212e+00 2.375408927196e+00 6.102934257265e-01)	(2.888118613155e-03 1.980789434973e-01 -4.773341595704e-04)	(9.015905910628e-02 8.000286512039e-05 5.014300293626e-02)	(-1.950501473423e-04 -4.317346550139e-01 4.789675212062e-05)
14.8                	(5.788608550411e+00 2.375408623949e+00 6.160869660323e-01)	(5.788608550411e+00 2.375408623949e+00 6.160869660323e-01)	(2.843016220711e-03 1.134655216257e-01 -2.920116951672e-04)	(4.388988237242e-02 -9.967340560077e-05 6.256431949185e-02)	(-4.902956784301e-05 -1.188879905831e+00 -1.218477423457e-03)
14.9                	(5.788400109573e+00 2.375390726526e+00 6.223458106790e-01)	(5.788400109573e+00 2.375390726526e+00 6.223458106790e-01)	(2.841610350051e-03 -2.245574327465e-02 -8.416405756478e-05)	(-5.259695339974e-02 -2.419550159937e-04 5.994525276683e-02)	(2.036021465207e-04 -1.428959521599e+00 -2.223888919841e-03)
15                  	(5.778775073408e+00 2.375364521608e+00 6.271453695029e-01)	(5.778775073408e+00 2.375364521608e+00 6.271453695029e-01)	(2.879167034780e-03 -1.516293514832e-01 6.829533056978e-05)	(-1.283580705020e-01 -2.573836481678e-04 3.072040364376e-02)	(2.582678347013e-04 -1.056173565129e+00 -1.892122912489e-03)
15.1                	(5.765384718557e+00 2.375343411457e+00 6.277647731830e-01)	(5.765384718557e+00 2.375343411457e+00 6.277647731830e-01)	(2.916607555379e-03 -2.173854713785e-01 1.221658948101e-04)	(-1.268242832283e-01 -1.317535425817e-04 -2.001127707305e-02)	(2.827688673396e-04 -1.978908116904e-01 -7.921490542482e-04)
15.2                	(5.755664801122e+00 2.375342041872e+00 6.233662869592e-01)	(5.755664801122e+00 2.375342041872e+00 6.233662869592e-01)	(2.916924724275e-03 -1.859932033297e-01 2.043202696387e-05)	(-5.780375621343e-02 1.141983098836e-04 -6.226542750399e-02)	(9.807506226140e-05 8.090466758870e-01 6.924337224478e-04)
15.3                	(5.754525318034e+00 2.375361096148e+00 6.162517714841e-01)	(5.754525318034e+00 2.375361096148e+00 6.162517714841e-01)	(2.890338837579e-03 -6.858635790460e-02 -1.853611217616e-04)	(3.289842655014e-02 2.306510712808e-04 -7.490557457810e-02)	(-3.883273839294e-05 1.439785767062e+00 1.931235424004e-03)
15.4                	(5.761014773116e+00 2.375384281827e+00 6.096014134062e-01)	(5.761014773116e+00 2.375384281827e+00 6.096014134062e-01)	(2.891486702195e-03 7.854766293177e-02 -3.944180314583e-04)	(8.859523976707e-02 2.228706783084e-04 -5.169139500824e-02)	(4.988110798251e-05 1.378654116728e+00 2.197841882459e-03)
15.5                	(5.770765246630e+00 2.375404203391e+00 6.069897934750e-01)	(5.770765246630e+00 2.375404203391e+00 6.069897934750e-01)	(2.911241741561e-03 1.848813476975e-01 -5.164576697227e-04)	(1.012375161341e-01 1.708360440973e-04 2.485898232495e-03)	(-8.361086248628e-06 6.622847181644e-01 1.416537962627e-03)
15.6                	(5.780588656229e+00 2.375417583425e+00 6.097805929918e-01)	(5.780588656229e+00 2.375417583425e+00 6.097805929918e-01)	(2.894222910808e-03 2.013698430206e-01 -4.829174088426e-04)	(9.196507296763e-02 8.645832792067e-05 4.758715297556e-02)	(-1.891021038629e-04 -3.388332447635e-01 1.671013977828e-04)
15.7                	(5.788116934512e+00 2.375418320673e+00 6.154502213418e-01)	(5.788116934512e+00 2.375418320673e+00 6.154502213418e-01)	(2.847899489976e-03 1.243260537442e-01 -3.072559362470e-04)	(5.057562785325e-02 -8.723375919259e-05 6.230840878875e-02)	(-7.512098173715e-05 -1.134394761589e+00 -1.109948004400e-03)
15.8                	(5.788828218515e+00 2.375401163840e+00 6.217463425152e-01)	(5.788828218515e+00 2.375401163840e+00 6.217463425152e-01)	(2.842544909322e-03 -8.781963891663e-03 -9.716478307823e-05)	(-4.269871617382e-02 -2.383681854223e-04 6.121952650694e-02)	(2.075017051982e-04 -1.430395324672e+00 -2.176601662630e-03)
15.9                	(5.779991458370e+00 2.375374708986e+00 6.268388130181e-01)	(5.779991458370e+00 2.375374708986e+00 6.268388130181e-01)	(2.880405076925e-03 -1.409939180513e-01 6.161470587720e-05)	(-1.239936563300e-01 -2.644821872847e-04 3.499097262515e-02)	(2.762026814679e-04 -1.114056170585e+00 -1.971204266913e-03)
16                  	(5.766653084058e+00 2.375352402816e+00 6.279800213479e-01)	(5.766653084058e+00 2.375352402816e+00 6.279800213479e-01)	(2.921332959031e-03 -2.146346493529e-01 1.289904525554e-04)	(-1.298414475302e-01 -1.503769464907e-04 -1.413302979649e-02)	(2.997720461627e-04 -2.931043555429e-01 -8.984633777719e-04)
16.1                	(5.756305112621e+00 2.375348826932e+00 6.240500623979e-01)	(5.756305112621e+00 2.375348826932e+00 6.240500623979e-01)	(2.926846580362e-03 -1.930046479822e-01 4.299754471122e-05)	(-6.671522952644e-02 9.283141612501e-05 -5.931364156599e-02)	(1.243953204270e-04 7.184009070462e-01 5.546531582071e-04)
16.2                	(5.754273547985e+00 2.375366764104e+00 6.171093803629e-01)	(5.754273547985e+00 2.375366764104e+00 6.171093803629e-01)	(2.899660708861e-03 -8.216241534812e-02 -1.570968268359e-04)	(2.488538362017e-02 2.287956233917e-04 -7.473348924987e-02)	(-5.429798938648e-05 1.404296785571e+00 1.842780247905e-03)
16.3                	(5.760180497983e+00 2.375390205305e+00 6.102750666221e-01)	(5.760180497983e+00 2.375390205305e+00 6.102750666221e-01)	(2.895655439869e-03 6.494111353244e-02 -3.715865423884e-04)	(8.517703461543e-02 2.294329582683e-04 -5.566107750112e-02)	(2.882025603832e-05 1.413934932313e+00 2.205853890925e-03)
16.4                	(5.769780462199e+00 2.375411040529e+00 6.071313047835e-01)	(5.769780462199e+00 2.375411040529e+00 6.071313047835e-01)	(2.914785502410e-03 1.777217473289e-01 -5.072191054531e-04)	(1.010403333798e-01 1.808564790000e-04 -3.690514911296e-03)	(-7.935193671389e-06 7.508680755476e-01 1.504890263840e-03)
16.5                	(5.779672892961e+00 2.375425589952e+00 6.094199429755e-01)	(5.779672892961e+00 2.375425589952e+00 6.094199429755e-01)	(2.901494493325e-03 2.037745927572e-01 -4.915094069770e-04)	(9.379664340000e-02 1.009698264817e-04 4.421034315430e-02)	(-1.868428986589e-04 -2.426587457404e-01 2.805080200483e-04)
16.6                	(5.787566950110e+00 2.375428077847e+00 6.148824997728e-01)	(5.787566950110e+00 2.375428077847e+00 6.148824997728e-01)	(2.853903474004e-03 1.347000038290e-01 -3.269339334755e-04)	(5.680167228643e-02 -6.865660039988e-05 6.119427616272e-02)	(-1.150473906520e-04 -1.075159189166e+00 -9.974545019746e-04)
16.7                	(5.789166198831e+00 2.375412136437e+00 6.211240194575e-01)	(5.789166198831e+00 2.375412136437e+00 6.211240194575e-01)	(2.842296746483e-03 4.911896468505e-03 -1.150002163804e-04)	(-3.236439932938e-02 -2.315260271398e-04 6.145356932292e-02)	(1.798754389355e-04 -1.425910755301e+00 -2.098720369191e-03)
16.8                	(5.781178557771e+00 2.375385452522e+00 6.263961190313e-01)	(5.781178557771e+00 2.375385452522e+00 6.263961190313e-01)	(2.877427490036e-03 -1.298230037109e-01 5.103999005397e-05)	(-1.187060145515e-01 -2.747648271811e-04 3.833465976403e-02)	(2.722886345867e-04 -1.167377621422e+00 -2.021450423219e-03)
16.9                	(5.767973742741e+00 2.375361569930e+00 6.279709165198e-01)	(5.767973742741e+00 2.375361569930e+00 6.279709165198e-01)	(2.919386849167e-03 -2.110159143602e-01 1.322747194741e-04)	(-1.321249253851e-01 -1.776636416897e-04 -8.933027637685e-03)	(2.977143090791e-04 -3.863746289544e-01 -1.000127037959e-03)
17                  	(5.757063123291e+00 2.375355131813e+00 6.244950059694e-01)	(5.757063123291e+00 2.375355131813e+00 6.244950059694e-01)	(2.928924054557e-03 -1.991853404128e-01 6.335967404643e-05)	(-7.527986230209e-02 6.160977164296e-05 -5.625423337874e-02)	(1.443507087842e-04 6.246090683288e-01 4.146994126941e-04)
17.1                	(5.754130685626e+00 2.375371028460e+00 6.177482663150e-01)	(5.754130685626e+00 2.375371028460e+00 6.177482663150e-01)	(2.902425069118e-03 -9.542672075003e-02 -1.293090905681e-04)	(1.655139489791e-02 2.178391101584e-04 -7.394615645039e-02)	(-5.078332423657e-05 1.362365023706e+00 1.737972407398e-03)
17.2                	(5.759403816389e+00 2.375393935003e+00 6.108025435262e-01)	(5.759403816389e+00 2.375393935003e+00 6.108025435262e-01)	(2.895213734847e-03 5.098735858442e-02 -3.474918407886e-04)	(8.118514627394e-02 2.287754625258e-04 -5.862721263646e-02)	(2.899864652186e-05 1.442880579000e+00 2.203912342466e-03)
17.3                	(5.768804805855e+00 2.375414794220e+00 6.072216510285e-01)	(5.768804805855e+00 2.375414794220e+00 6.072216510285e-01)	(2.915080687018e-03 1.697053043642e-01 -4.948040411343e-04)	(1.005484578908e-01 1.817742130569e-04 -9.080165042352e-03)	(1.087339153605e-05 8.338988826340e-01 1.605812142369e-03)
17.4                	(5.778738528979e+00 2.375429466377e+00 6.090683718208e-01)	(5.778738528979e+00 2.375429466377e+00 6.090683718208e-01)	(2.906457725989e-03 2.052616771666e-01 -4.949649323582e-04)	(9.518467135068e-02 1.038467676149e-04 4.134509371602e-02)	(-1.760039937726e-04 -1.454405426967e-01 4.134817459407e-04)
17.5                	(5.786941541864e+00 2.375432781675e+00 6.143762470316e-01)	(5.786941541864e+00 2.375432781675e+00 6.143762470316e-01)	(2.858581067777e-03 1.444998998121e-01 -3.410057955347e-04)	(6.229435143280e-02 -5.561155424436e-05 6.058977583394e-02)	(-1.513065273801e-04 -1.011064627371e+00 -8.717222018009e-04)
17.6                	(5.789371605597e+00 2.375417725660e+00 6.206085443006e-01)	(5.789371605597e+00 2.375417725660e+00 6.206085443006e-01)	(2.840955695414e-03 1.857819792989e-02 -1.283085645233e-04)	(-2.219967367601e-02 -2.263304745670e-04 6.195960773491e-02)	(1.518168874949e-04 -1.415385108633e+00 -2.008581076923e-03)
17.7                	(5.782264928616e+00 2.375390938099e+00 6.260611275950e-01)	(5.782264928616e+00 2.375390938099e+00 6.260611275950e-01)	(2.873123267790e-03 -1.181029457194e-01 4.358634088800e-05)	(-1.126646078373e-01 -2.818721855143e-04 4.187847578184e-02)	(2.759026169240e-04 -1.215267426477e+00 -2.088503194897e-03)
17.8                	(5.769260716507e+00 2.375365874162e+00 6.280523244468e-01)	(5.769260716507e+00 2.375365874162e+00 6.280523244468e-01)	(2.916065979068e-03 -2.064428048166e-01 1.364786341061e-04)	(-1.338771789868e-01 -2.003728715023e-04 -4.103244311790e-03)	(3.012810361639e-04 -4.772056604009e-01 -1.116213529111e-03)
17.9                	(5.757850075577e+00 2.375357012014e+00 6.250236049389e-01)	(5.757850075577e+00 2.375357012014e+00 6.250236049389e-01)	(2.930179125240e-03 -2.043700923853e-01 8.379288625805e-05)	(-8.337354860230e-02 3.424916757147e-05 -5.315047551182e-02)	(1.687540666803e-04 5.283219126788e-01 2.697873551501e-04)
18                  	(5.754026681340e+00 2.375371188644e+00 6.184575309105e-01)	(5.754026681340e+00 2.375371188644e+00 6.184575309105e-01)	(2.905604153227e-03 -1.081682259717e-01 -1.008020090398e-04)	(7.872228338099e-03 2.114040878791e-04 -7.356321036945e-02)	(-3.656808642810e-05 1.313416370606e+00 1.620311587641e-03)
18.1                	(5.758631371562e+00 2.375393909412e+00 6.113924695414e-01)	(5.758631371562e+00 2.375393909412e+00 6.113924695414e-01)	(2.895880197208e-03 3.686296660438e-02 -3.223017837790e-04)	(7.683363927866e-02 2.301908886197e-04 -6.158943763521e-02)	(3.176289560959e-05 1.464985400094e+00 2.186584219936e-03)
18.2                	(5.767808673690e+00 2.375415143353e+00 6.073694133015e-01)	(5.767808673690e+00 2.375415143353e+00 6.073694133015e-01)	(2.915617044533e-03 1.609819542420e-01 -4.811808431137e-04)	(9.997432564365e-02 1.860360998940e-04 -1.445521537657e-02)	(1.938965675352e-05 9.147733087978e-01 1.696943817311e-03)
18.3                	(5.777773861722e+00 2.375430254864e+00 6.087438353975e-01)	(5.777773861722e+00 2.375430254864e+00 6.087438353975e-01)	(2.910569837373e-03 2.058770781172e-01 -4.977723589988e-04)	(9.624776157180e-02 1.090959689783e-04 3.817198217980e-02)	(-1.764750397298e-04 -4.855555746651e-02 5.352722376736e-04)
18.4                	(5.786269222483e+00 2.375434602201e+00 6.138770940577e-01)	(5.786269222483e+00 2.375434602201e+00 6.138770940577e-01)	(2.862500476651e-03 1.537228940289e-01 -3.561836021894e-04)	(6.743245356625e-02 -4.023128763588e-05 5.984460648644e-02)	(-1.887137007949e-04 -9.428966798868e-01 -7.514301415721e-04)
18.5                	(5.789501791439e+00 2.375420857535e+00 6.200961006915e-01)	(5.789501791439e+00 2.375420857535e+00 6.200961006915e-01)	(2.838689552019e-03 3.216480364923e-02 -1.443771492113e-04)	(-1.200752700455e-02 -2.198420495655e-04 6.233391526175e-02)	(1.245792221262e-04 -1.399079751694e+00 -1.917234177147e-03)
18.6                	(5.783315537804e+00 2.375394253935e+00 6.257072461107e-01)	(5.783315537804e+00 2.375394253935e+00 6.257072461107e-01)	(2.866654722793e-03 -1.059575149417e-01 3.352674974066e-05)	(-1.059641772505e-01 -2.863794652855e-04 4.499529075369e-02)	(2.605807475212e-04 -1.258982285158e+00 -2.132510171777e-03)
18.7                	(5.770584327579e+00 2.375368076381e+00 6.280992166270e-01)	(5.770584327579e+00 2.375368076381e+00 6.280992166270e-01)	(2.908249431447e-03 -2.010833641056e-01 1.382183381904e-04)	(-1.350023677384e-01 -2.154292394526e-04 3.276763381598e-04)	(2.703745704650e-04 -5.657234248564e-01 -1.198999840447e-03)
18.8                	(5.758730727857e+00 2.375356702978e+00 6.255139395001e-01)	(5.758730727857e+00 2.375356702978e+00 6.255139395001e-01)	(2.923821709781e-03 -2.087177084469e-01 1.029559251327e-04)	(-9.098149521969e-02 5.055987562295e-06 -4.996239171288e-02)	(1.580197361192e-04 4.306082127890e-01 1.315432397071e-04)
18.9                	(5.754021774910e+00 2.375368722391e+00 6.191310221955e-01)	(5.754021774910e+00 2.375368722391e+00 6.191310221955e-01)	(2.898883731775e-03 -1.204907884899e-01 -7.088072394516e-05)	(-1.102219213592e-03 2.007661571375e-04 -7.329911118070e-02)	(-4.726849481891e-05 1.259208206036e+00 1.501757696232e-03)
19                  	(5.757910310130e+00 2.375390945603e+00 6.119528543777e-01)	(5.757910310130e+00 2.375390945603e+00 6.119528543777e-01)	(2.884732228522e-03 2.254212777398e-02 -2.929700814869e-04)	(7.193626823823e-02 2.294282439058e-04 -6.444311484088e-02)	(1.866690870324e-05 1.480933548895e+00 2.158265877987e-03)
19.1                	(5.766815074589e+00 2.375412453967e+00 6.074891015949e-01)	(5.766815074589e+00 2.375412453967e+00 6.074891015949e-01)	(2.903171302682e-03 1.515468043699e-01 -4.620603302388e-04)	(9.906793468629e-02 1.925387846503e-04 -1.992502205772e-02)	(2.839435844872e-05 9.917164905170e-01 1.760208777880e-03)
19.2                	(5.776788231626e+00 2.375428532781e+00 6.083605689855e-01)	(5.776788231626e+00 2.375428532781e+00 6.083605689855e-01)	(2.903450052337e-03 2.056244710722e-01 -4.968556527442e-04)	(9.728524247553e-02 1.238424174146e-04 3.455509081285e-02)	(-1.500346250755e-04 5.032079252520e-02 6.290242815029e-04)
19.3                	(5.785536856712e+00 2.375434789505e+00 6.132968953059e-01)	(5.785536856712e+00 2.375434789505e+00 6.132968953059e-01)	(2.859352941889e-03 1.623470884870e-01 -3.718476486403e-04)	(7.204831457946e-02 -1.570086594435e-05 5.906488786803e-02)	(-1.994079677101e-04 -8.707473603007e-01 -6.525183078155e-04)
19.4                	(5.789520612652e+00 2.375423381269e+00 6.195108172083e-01)	(5.789520612652e+00 2.375423381269e+00 6.195108172083e-01)	(2.831661758530e-03 4.561832599888e-02 -1.644957667094e-04)	(-1.778964142058e-03 -2.020774103965e-04 6.283458667748e-02)	(1.029059217713e-04 -1.377032842714e+00 -1.826181957177e-03)
19.5                	(5.784291084593e+00 2.375397892426e+00 6.252877789564e-01)	(5.784291084593e+00 2.375397892426e+00 6.252877789564e-01)	(2.856093280943e-03 -9.337612100860e-02 1.820501546871e-05)	(-9.858773496075e-02 -2.827371870214e-04 4.802689414900e-02)	(2.570829132916e-04 -1.297688319186e+00 -2.166965989216e-03)
19.6                	(5.771912461622e+00 2.375371612991e+00 6.281017610315e-01)	(5.771912461622e+00 2.375371612991e+00 6.281017610315e-01)	(2.898120828832e-03 -1.948714900828e-01 1.331307908140e-04)	(-1.354780596154e-01 -2.234991427265e-04 4.838321862348e-03)	(2.676195330676e-04 -6.515418907017e-01 -1.298090546462e-03)
19.7                	(5.759677931388e+00 2.375359012146e+00 6.259956602770e-01)	(5.759677931388e+00 2.375359012146e+00 6.259956602770e-01)	(2.918615547769e-03 -2.121391048567e-01 1.145653159653e-04)	(-9.807116112861e-02 -1.171456258634e-05 -4.624970102325e-02)	(1.879496257996e-04 3.312794323548e-01 -7.514095181928e-06)
19.8                	(5.754097665623e+00 2.375369720133e+00 6.198405667420e-01)	(5.754097665623e+00 2.375369720133e+00 6.198405667420e-01)	(2.897599514740e-03 -1.323112247323e-01 -4.775933298293e-05)	(-1.030007119178e-02 1.971494519907e-04 -7.261999802771e-02)	(-2.986663822781e-05 1.198408406871e+00 1.397735309235e-03)
19.9                	(5.757232694925e+00 2.375391862584e+00 6.125849068643e-01)	(5.757232694925e+00 2.375391862584e+00 6.125849068643e-01)	(2.880413708570e-03 8.021934801456e-03 -2.682343230192e-04)	(6.657175380368e-02 2.298538242229e-04 -6.689596039658e-02)	(5.085923996782e-06 1.490037560497e+00 2.146914548127e-03)
20                  	(5.765825350097e+00 2.375413846603e+00 6.077080793824e-01)	(5.765825350097e+00 2.375413846603e+00 6.077080793824e-01)	(2.896586545355e-03 1.413374881464e-01 -4.452484523697e-04)	(9.789310702121e-02 2.000136100334e-04 -2.525901819184e-02)	(3.027827354219e-05 1.064972556012e+00 1.844444415646e-03)
20.1                	(5.775786858677e+00 2.375430679079e+00 6.080589362774e-01)	(5.775786858677e+00 2.375430679079e+00 6.080589362774e-01)	(2.900447489255e-03 2.044322749597e-01 -4.951573444356e-04)	(9.804476476788e-02 1.325874569323e-04 3.055446448710e-02)	(-1.344791261904e-04 1.498759628471e-01 7.575211450505e-04)
20.2                	(5.784754629927e+00 2.375438136289e+00 6.127672533535e-01)	(5.784754629927e+00 2.375438136289e+00 6.127672533535e-01)	(2.859141314445e-03 1.703247352802e-01 -3.837996444969e-04)	(7.612122813252e-02 1.774177520937e-06 5.815424410108e-02)	(-2.134703016494e-04 -7.939021353882e-01 -5.233190719143e-04)
20.3                	(5.789437101824e+00 2.375428307354e+00 6.189611933644e-01)	(5.789437101824e+00 2.375428307354e+00 6.189611933644e-01)	(2.827338960617e-03 5.894713469167e-02 -1.791785402119e-04)	(7.579149290637e-03 -1.920051382145e-04 6.320036891220e-02)	(8.261101991025e-05 -1.350437075273e+00 -1.711232955243e-03)
20.4                	(5.785176321388e+00 2.375403456864e+00 6.248754726840e-01)	(5.785176321388e+00 2.375403456864e+00 6.248754726840e-01)	(2.849772392587e-03 -8.037045089021e-02 8.384089276101e-06)	(-9.061725758359e-02 -2.817490187503e-04 5.070560532024e-02)	(2.916255782704e-04 -1.331587065677e+00 -2.200177691479e-03)
20.5                	(5.773215159466e+00 2.375376837510e+00 6.280892333795e-01)	(5.773215159466e+00 2.375376837510e+00 6.280892333795e-01)	(2.896179417085e-03 -1.878736388464e-01 1.315520575404e-04)	(-1.353729173424e-01 -2.307265468701e-04 9.303336758580e-03)	(3.094551241554e-04 -7.349244000783e-01 -1.403604572152e-03)
20.6                	(5.760660416882e+00 2.375362545246e+00 6.264591114553e-01)	(5.760660416882e+00 2.375362545246e+00 6.264591114553e-01)	(2.925323547683e-03 -2.147125930749e-01 1.286544382589e-04)	(-1.046000511452e-01 -3.357886554771e-05 -4.223025514449e-02)	(2.462770588926e-04 2.301748915635e-01 -1.516917564323e-04)
20.7                	(5.754236895858e+00 2.375371442376e+00 6.205463319743e-01)	(5.754236895858e+00 2.375371442376e+00 6.205463319743e-01)	(2.911045674874e-03 -1.436717368808e-01 -2.291177158683e-05)	(-1.936885945792e-02 1.889806599291e-04 -7.150732385440e-02)	(1.126512811518e-05 1.132631360038e+00 1.277792436707e-03)
20.8                	(5.756594507023e+00 2.375393551060e+00 6.132257069433e-01)	(5.756594507023e+00 2.375393551060e+00 6.132257069433e-01)	(2.892709911460e-03 -6.676872282967e-03 -2.439951168002e-04)	(6.084645174486e-02 2.332148373300e-04 -6.921713040746e-02)	(4.850122573829e-06 1.492093157020e+00 2.114591450395e-03)
20.9                	(5.764847410374e+00 2.375416067132e+00 6.079417699825e-01)	(5.764847410374e+00 2.375416067132e+00 6.079417699825e-01)	(2.906560597962e-03 1.303686621354e-01 -4.307682799751e-04)	(9.654575149483e-02 2.077545976192e-04 -3.065282232385e-02)	(1.982945591225e-05 1.133869745109e+00 1.920837648656e-03)
21                  	(5.774787245091e+00 2.375433738565e+00 6.077409666359e-01)	(5.774787245091e+00 2.375433738565e+00 6.077409666359e-01)	(2.911736882428e-03 2.022793432461e-01 -4.965447536579e-04)	(9.881410387225e-02 1.417311387415e-04 2.601516027790e-02)	(-1.469411730210e-04 2.495605396365e-01 8.836754063032e-04)
21.1                	(5.783951670705e+00 2.375442571846e+00 6.121768196111e-01)	(5.783951670705e+00 2.375442571846e+00 6.121768196111e-01)	(2.870149647018e-03 1.776239397209e-01 -3.998262111763e-04)	(7.985524811722e-02 1.984187021886e-05 5.693551567468e-02)	(-2.636638360919e-04 -7.125558851908e-01 -4.002164499653e-04)
21.2                	(5.789284043547e+00 2.375434727094e+00 6.183307310954e-01)	(5.789284043547e+00 2.375434727094e+00 6.183307310954e-01)	(2.830345511456e-03 7.209447346257e-02 -1.990663541968e-04)	(1.700751801286e-02 -1.755194617758e-04 6.343098366648e-02)	(2.253206997303e-05 -1.317499697265e+00 -1.597146184374e-03)
21.3                	(5.786009998684e+00 2.375410905184e+00 6.243607182275e-01)	(5.786009998684e+00 2.375410905184e+00 6.243607182275e-01)	(2.845741872597e-03 -6.698114127350e-02 -6.821113590031e-06)	(-8.198848676781e-02 -2.800608536952e-04 5.317961466623e-02)	(2.677987445532e-04 -1.360224388061e+00 -2.215150433423e-03)
21.4                	(5.774546958868e+00 2.375383852019e+00 6.279623120768e-01)	(5.774546958868e+00 2.375383852019e+00 6.279623120768e-01)	(2.890514892749e-03 -1.800531518239e-01 1.244961972924e-04)	(-1.343697110674e-01 -2.419179543782e-04 1.414286115532e-02)	(3.010916160563e-04 -8.145605083382e-01 -1.504280973285e-03)
21.5                	(5.761734868825e+00 2.375367521292e+00 6.268302204800e-01)	(5.761734868825e+00 2.375367521292e+00 6.268302204800e-01)	(2.923329217058e-03 -2.163278595118e-01 1.377997998287e-04)	(-1.104399084252e-01 -6.032201146166e-05 -3.766858239984e-02)	(2.666016235920e-04 1.286459251034e-01 -2.835544785974e-04)
21.6                	(5.754485576317e+00 2.375373798380e+00 6.212103007045e-01)	(5.754485576317e+00 2.375373798380e+00 6.212103007045e-01)	(2.913467282109e-03 -1.544477413846e-01 -4.495440399739e-07)	(-2.843637555042e-02 1.702862047814e-04 -6.951558226731e-02)	(3.898387658929e-05 1.061162083108e+00 1.155868784053e-03)
21.7                	(5.756029011402e+00 2.375394993416e+00 6.138834697384e-01)	(5.756029011402e+00 2.375394993416e+00 6.138834697384e-01)	(2.893654204843e-03 -2.145961446570e-02 -2.185932322320e-04)	(5.462970424322e-02 2.293520384263e-04 -7.087790278480e-02)	(4.777158079944e-06 1.487615719451e+00 2.075402390635e-03)
21.8                	(5.763893503881e+00 2.375417472526e+00 6.082475893896e-01)	(5.763893503881e+00 2.375417472526e+00 6.082475893896e-01)	(2.905675448730e-03 1.186950141378e-01 -4.128520667807e-04)	(9.488462066424e-02 2.099014746706e-04 -3.564914760003e-02)	(2.807144613860e-05 1.198128187046e+00 1.984757515381e-03)
21.9                	(5.773793356564e+00 2.375435545668e+00 6.075069633365e-01)	(5.773793356564e+00 2.375435545668e+00 6.075069633365e-01)	(2.913884598729e-03 1.991728081032e-01 -4.937383204095e-04)	(9.936890367716e-02 1.476378671517e-04 2.127361330107e-02)	(-1.385674639853e-04 3.490913245665e-01 1.007147159560e-03)
22                  	(5.783124951949e+00 2.375445181051e+00 6.116470526569e-01)	(5.783124951949e+00 2.375445181051e+00 6.116470526569e-01)	(2.875218274999e-03 1.841623929700e-01 -4.118898245751e-04)	(8.305856422599e-02 3.178529884850e-05 5.558958060015e-02)	(-2.768954479280e-04 -6.278375377722e-01 -2.714747336272e-04)
22.1                	(5.789046784634e+00 2.375438870922e+00 6.177523634276e-01)	(5.789046784634e+00 2.375438870922e+00 6.177523634276e-01)	(2.831245409643e-03 8.491547360072e-02 -2.160585454612e-04)	(2.587588628472e-02 -1.616935801632e-04 6.362645611054e-02)	(-1.040184821582e-05 -1.279393131075e+00 -1.475504586575e-03)
22.2                	(5.786755818845e+00 2.375415922014e+00 6.238823650892e-01)	(5.786755818845e+00 2.375415922014e+00 6.238823650892e-01)	(2.842011573170e-03 -5.335759551169e-02 -1.927078442422e-05)	(-7.285990679986e-02 -2.777550409698e-04 5.549620357433e-02)	(2.675856728668e-04 -1.382983945918e+00 -2.217445807890e-03)
22.3                	(5.775857634548e+00 2.375388715650e+00 6.278517118269e-01)	(5.775857634548e+00 2.375388715650e+00 6.278517118269e-01)	(2.886983068997e-03 -1.715068133551e-01 1.193145580813e-04)	(-1.324868699101e-01 -2.454752487283e-04 1.932557050000e-02)	(3.102117841992e-04 -8.895959085668e-01 -1.614414622495e-03)
22.4                	(5.762855233874e+00 2.375371121388e+00 6.272220407324e-01)	(5.762855233874e+00 2.375371121388e+00 6.272220407324e-01)	(2.923808938153e-03 -2.169652929063e-01 1.473099492245e-04)	(-1.158657616105e-01 -7.677148739204e-05 -3.282432753201e-02)	(2.892486912223e-04 2.683190473689e-02 -4.229581256269e-04)
22.5                	(5.754812619090e+00 2.375375638246e+00 6.219158526226e-01)	(5.754812619090e+00 2.375375638246e+00 6.219158526226e-01)	(2.918056279283e-03 -1.644885707534e-01 2.185707488054e-05)	(-3.760061993681e-02 1.578267433086e-04 -6.760365276628e-02)	(5.773325558624e-05 9.847297262219e-01 1.017507852377e-03)
22.6                	(5.755514530987e+00 2.375396504088e+00 6.146032323332e-01)	(5.755514530987e+00 2.375396504088e+00 6.146032323332e-01)	(2.895592143735e-03 -3.611981823086e-02 -1.935181001670e-04)	(4.788590687196e-02 2.309812119902e-04 -7.251289038347e-02)	(-1.216356686603e-05 1.475485112453e+00 2.023708939185e-03)
22.7                	(5.762945470271e+00 2.375419158497e+00 6.086217300454e-01)	(5.762945470271e+00 2.375419158497e+00 6.086217300454e-01)	(2.904090497524e-03 1.064591025844e-01 -3.943778089135e-04)	(9.280743351318e-02 2.131713800906e-04 -4.071355927529e-02)	(2.612716483272e-05 1.256347715300e+00 2.046018678306e-03)
22.8                	(5.772775737103e+00 2.375437635952e+00 6.073120830393e-01)	(5.772775737103e+00 2.375437635952e+00 6.073120830393e-01)	(2.914852107224e-03 1.950873137157e-01 -4.893350404047e-04)	(9.972653236659e-02 1.521461160455e-04 1.593034028382e-02)	(-1.182424919904e-04 4.468639809153e-01 1.127903482703e-03)
22.9                	(5.782247103625e+00 2.375448136953e+00 6.110948042519e-01)	(5.782247103625e+00 2.375448136953e+00 6.110948042519e-01)	(2.880758327930e-03 1.898147653258e-01 -4.235625452281e-04)	(8.586131196066e-02 4.470931063540e-05 5.372986354006e-02)	(-2.763998076757e-04 -5.397952317667e-01 -1.512909056055e-04)
23                  	(5.788704904932e+00 2.375443573795e+00 6.171149010545e-01)	(5.788704904932e+00 2.375443573795e+00 6.171149010545e-01)	(2.833527495115e-03 9.732423090120e-02 -2.350202682864e-04)	(3.416948061292e-02 -1.449912972701e-04 6.356676502456e-02)	(-5.179462324730e-05 -1.235773360284e+00 -1.370502275186e-03)
23.1                	(5.787395077821e+00 2.375421842585e+00 6.233157865819e-01)	(5.787395077821e+00 2.375421842585e+00 6.233157865819e-01)	(2.837855196339e-03 -3.950919532959e-02 -3.501495796969e-05)	(-6.330086116870e-02 -2.721755278133e-04 5.737232866871e-02)	(2.360302506292e-04 -1.399347290627e+00 -2.216077549994e-03)
23.2                	(5.777136329174e+00 2.375394535276e+00 6.276249350512e-01)	(5.777136329174e+00 2.375394535276e+00 6.276249350512e-01)	(2.879209746944e-03 -1.621902271311e-01 1.100586976381e-04)	(-1.299577737310e-01 -2.531513424543e-04 2.407973636785e-02)	(2.827713786828e-04 -9.604804167548e-01 -1.707319990963e-03)
23.3                	(5.764015633736e+00 2.375375626414e+00 6.275048101482e-01)	(5.764015633736e+00 2.375375626414e+00 6.275048101482e-01)	(2.916192039570e-03 -2.165515761919e-01 1.524976182787e-04)	(-1.204647292018e-01 -9.403404104424e-05 -2.759581219033e-02)	(2.761822725206e-04 -7.387653351723e-02 -5.465570068494e-04)
23.4                	(5.755222511923e+00 2.375378181577e+00 6.225536271487e-01)	(5.755222511923e+00 2.375378181577e+00 6.225536271487e-01)	(2.912977546287e-03 -1.737107376033e-01 4.158589685583e-05)	(-4.682284230387e-02 1.447341613138e-04 -6.552658290451e-02)	(7.113223898864e-05 9.029702426138e-01 8.832669823589e-04)
23.5                	(5.755062967384e+00 2.375398693497e+00 6.153030010197e-01)	(5.755062967384e+00 2.375398693497e+00 6.153030010197e-01)	(2.889232836118e-03 -5.059555023384e-02 -1.690854504858e-04)	(4.067795674449e-02 2.351607124668e-04 -7.374799275207e-02)	(-9.847184994664e-06 1.456236680798e+00 1.953554228468e-03)
23.6                	(5.762016665605e+00 2.375421865505e+00 6.090245454331e-01)	(5.762016665605e+00 2.375421865505e+00 6.090245454331e-01)	(2.896482741642e-03 9.372490516313e-02 -3.756947474947e-04)	(9.037172580258e-02 2.196167747954e-04 -4.541694127457e-02)	(5.668923048138e-05 1.308839332873e+00 2.080537838835e-03)
23.7                	(5.771759124130e+00 2.375440939055e+00 6.071635507805e-01)	(5.771759124130e+00 2.375440939055e+00 6.071635507805e-01)	(2.913407791024e-03 1.901287796709e-01 -4.852745261859e-04)	(1.000446776445e-01 1.578959111495e-04 1.041523476783e-02)	(-5.516728300348e-05 5.428484455062e-01 1.231714010882e-03)
23.8                	(5.781350576697e+00 2.375452193906e+00 6.105671528623e-01)	(5.781350576697e+00 2.375452193906e+00 6.105671528623e-01)	(2.889026069294e-03 1.946676831004e-01 -4.368186371560e-04)	(8.833304183378e-02 5.570381272252e-05 5.168627804370e-02)	(-2.208397210738e-04 -4.481748264413e-01 -3.515370262343e-05)
23.9                	(5.788289352289e+00 2.375449106037e+00 6.164950255692e-01)	(5.788289352289e+00 2.375449106037e+00 6.164950255692e-01)	(2.844537470598e-03 1.093230976428e-01 -2.565626153979e-04)	(4.185193994236e-02 -1.293416553152e-04 6.350959408703e-02)	(-4.254275227110e-05 -1.187524574617e+00 -1.269661335343e-03)
24                  	(5.787939480547e+00 2.375428298625e+00 6.227613087251e-01)	(5.787939480547e+00 2.375428298625e+00 6.227613087251e-01)	(2.846870981437e-03 -2.553961778956e-02 -5.246475913231e-05)	(-5.338253387349e-02 -2.675652048935e-04 5.905263097601e-02)	(2.459282930285e-04 -1.410394622920e+00 -2.193636862542e-03)
24.1                	(5.778385411673e+00 2.375400642203e+00 6.273955518877e-01)	(5.778385411673e+00 2.375400642203e+00 6.273955518877e-01)	(2.888215837225e-03 -1.522285573644e-01 1.006255915646e-04)	(-1.266770748988e-01 -2.607918379184e-04 2.850230802021e-02)	(2.813407072007e-04 -1.027539431900e+00 -1.802950608978e-03)
24.2                	(5.765216204981e+00 2.375380209599e+00 6.277869948349e-01)	(5.765216204981e+00 2.375380209599e+00 6.277869948349e-01)	(2.926448714721e-03 -2.151910680052e-01 1.577449977098e-04)	(-1.243999356482e-01 -1.142443346109e-04 -2.212643003985e-02)	(2.589183376705e-04 -1.734756042447e-01 -6.648120863868e-04)
24.3                	(5.755721695843e+00 2.375380662225e+00 6.232281233940e-01)	(5.755721695843e+00 2.375380662225e+00 6.232281233940e-01)	(2.924360310242e-03 -1.821324194301e-01 6.172627834774e-05)	(-5.598836218533e-02 1.279278830001e-04 -6.330271865695e-02)	(5.789198536535e-05 8.166960135202e-01 7.539961053963e-04)
24.4                	(5.754683240374e+00 2.375400598421e+00 6.160712584668e-01)	(5.754683240374e+00 2.375400598421e+00 6.160712584668e-01)	(2.896058662767e-03 -6.485877734703e-02 -1.438052887516e-04)	(3.302372396361e-02 2.367259248691e-04 -7.464967894970e-02)	(-5.255370159466e-05 1.429732343061e+00 1.885398934972e-03)
24.5                	(5.761111681934e+00 2.375424252663e+00 6.095231068056e-01)	(5.761111681934e+00 2.375424252663e+00 6.095231068056e-01)	(2.896423444266e-03 8.049065822770e-02 -3.554528544159e-04)	(8.748704844309e-02 2.268925475633e-04 -5.000192655360e-02)	(2.733809037565e-05 1.354707393041e+00 2.117606077746e-03)
24.6                	(5.770735438411e+00 2.375444219864e+00 6.071071812068e-01)	(5.770735438411e+00 2.375444219864e+00 6.071071812068e-01)	(2.912570480404e-03 1.842136437903e-01 -4.783717080870e-04)	(9.993424964898e-02 1.668495766745e-04 4.508445528745e-03)	(-5.716981643047e-05 6.364837488268e-01 1.335695278649e-03)
24.7                	(5.780421958853e+00 2.375456619862e+00 6.100791249531e-01)	(5.780421958853e+00 2.375456619862e+00 6.100791249531e-01)	(2.891929253381e-03 1.985881292773e-01 -4.472387758072e-04)	(9.048586432484e-02 7.013143383139e-05 4.915383966787e-02)	(-2.157514165748e-04 -3.537477808610e-01 8.118446021411e-05)
24.8                	(5.787792879377e+00 2.375455260426e+00 6.158747896615e-01)	(5.787792879377e+00 2.375455260426e+00 6.158747896615e-01)	(2.845958678390e-03 1.208332424429e-01 -2.772222968117e-04)	(4.892912877200e-02 -1.110268107437e-04 6.313235988957e-02)	(-7.618285394603e-05 -1.133787528729e+00 -1.164715212110e-03)
24.9                	(5.788376712955e+00 2.375435582484e+00 6.221716573214e-01)	(5.788376712955e+00 2.375435582484e+00 6.221716573214e-01)	(2.843068841877e-03 -1.145235666392e-02 -7.157579380558e-05)	(-4.324984266535e-02 -2.621560481089e-04 6.029161138652e-02)	(2.340747177588e-04 -1.414848060484e+00 -2.151616079252e-03)
25                  	(5.779589253749e+00 2.375407599634e+00 6.270880290163e-01)	(5.779589253749e+00 2.375407599634e+00 6.270880290163e-01)	(2.883855260083e-03 -1.415933304152e-01 8.730204315364e-05)	(-1.225816344487e-01 -2.703093510944e-04 3.258998395976e-02)	(3.001675689018e-04 -1.089973811265e+00 -1.894616901460e-03)
25.1                	(5.766442463594e+00 2.375385680245e+00 6.279683279432e-01)	(5.766442463594e+00 2.375385680245e+00 6.279683279432e-01)	(2.926277861671e-03 -2.128441944601e-01 1.572228098674e-04)	(-1.276810235886e-01 -1.382272044495e-04 -1.670715563612e-02)	(2.928995257090e-04 -2.716865883252e-01 -7.968695731566e-04)
25.2                	(5.756300726126e+00 2.375383867334e+00 6.238260605039e-01)	(5.756300726126e+00 2.375383867334e+00 6.238260605039e-01)	(2.931105454484e-03 -1.896991707381e-01 7.629447258896e-05)	(-6.498410013054e-02 1.071831310907e-04 -6.088743408037e-02)	(1.045787244483e-04 7.260102396056e-01 6.124476592791e-04)
25.3                	(5.754371679910e+00 2.375402830584e+00 6.167911251417e-01)	(5.754371679910e+00 2.375402830584e+00 6.167911251417e-01)	(2.904372380217e-03 -7.887028332101e-02 -1.230593772399e-04)	(2.505179838103e-02 2.355501983654e-04 -7.498888810040e-02)	(-4.369004886083e-05 1.396714294014e+00 1.811413118317e-03)
25.4                	(5.760232899029e+00 2.375426684239e+00 6.100179063902e-01)	(5.760232899029e+00 2.375426684239e+00 6.100179063902e-01)	(2.901763672118e-03 6.680709609750e-02 -3.389649720893e-04)	(8.416518371129e-02 2.312268650669e-04 -5.421359705521e-02)	(2.618543688123e-05 1.393533008878e+00 2.152076023197e-03)
25.5                	(5.769713235557e+00 2.375447279717e+00 6.070742637989e-01)	(5.769713235557e+00 2.375447279717e+00 6.070742637989e-01)	(2.918623420742e-03 1.773748547895e-01 -4.739478353619e-04)	(9.988265509204e-02 1.738669837907e-04 -1.399009171863e-03)	(-4.821488748728e-05 7.282171442096e-01 1.454111045623e-03)
25.6                	(5.779489383056e+00 2.375460498429e+00 6.095954232047e-01)	(5.779489383056e+00 2.375460498429e+00 6.095954232047e-01)	(2.901218791430e-03 2.015990726276e-01 -4.581502037338e-04)	(9.253564460225e-02 8.117423651856e-05 4.638921344295e-02)	(-2.220219780349e-04 -2.564747514963e-01 2.241847638772e-04)
25.7                	(5.787252809111e+00 2.375460651880e+00 6.152509592533e-01)	(5.787252809111e+00 2.375460651880e+00 6.152509592533e-01)	(2.852128611618e-03 1.318405835929e-01 -2.965849864805e-04)	(5.545876902195e-02 -9.310712467919e-05 6.273641464717e-02)	(-1.325773469654e-04 -1.075251208814e+00 -1.030522311072e-03)
25.8                	(5.788740182784e+00 2.375442259524e+00 6.215733765388e-01)	(5.788740182784e+00 2.375442259524e+00 6.215733765388e-01)	(2.840873889490e-03 2.673735100841e-03 -8.803573480314e-05)	(-3.298267866288e-02 -2.531981709521e-04 6.138620406694e-02)	(1.801606657290e-04 -1.413642983584e+00 -2.079380174139e-03)
25.9                	(5.780778852796e+00 2.375414269733e+00 6.267499581484e-01)	(5.780778852796e+00 2.375414269733e+00 6.267499581484e-01)	(2.876387510000e-03 -1.303830681685e-01 7.716880709133e-05)	(-1.176151740485e-01 -2.775813257171e-04 3.661355754425e-02)	(2.761139885526e-04 -1.147569654416e+00 -1.968037581425e-03)
26                  	(5.767727626343e+00 2.375391015198e+00 6.281109605267e-01)	(5.767727626343e+00 2.375391015198e+00 6.281109605267e-01)	(2.918422012153e-03 -2.095941009308e-01 1.590092266517e-04)	(-1.303173146428e-01 -1.639956641679e-04 -1.128464219281e-02)	(2.887527939539e-04 -3.681602429903e-01 -9.290679118875e-04)
26.1                	(5.756996727894e+00 2.375386683244e+00 6.244198954535e-01)	(5.756996727894e+00 2.375386683244e+00 6.244198954535e-01)	(2.927313175299e-03 -1.964274077741e-01 9.325026652380e-05)	(-7.365707653926e-02 8.444190284633e-05 -5.806954864996e-02)	(1.286415266557e-04 6.321795965038e-01 4.635801833460e-04)
26.2                	(5.754167827630e+00 2.375404257761e+00 6.175377147478e-01)	(5.754167827630e+00 2.375404257761e+00 6.175377147478e-01)	(2.901550484703e-03 -9.258190704123e-02 -9.885628037828e-05)	(1.689803446370e-02 2.308341340951e-04 -7.478941627483e-02)	(-3.591918543661e-05 1.356734463735e+00 1.710470871764e-03)
26.3                	(5.759410627752e+00 2.375428124877e+00 6.105799396248e-01)	(5.759410627752e+00 2.375428124877e+00 6.105799396248e-01)	(2.896078743539e-03 5.270896733313e-02 -3.180263556242e-04)	(8.036554450057e-02 2.354471612961e-04 -5.798156444241e-02)	(3.003849036234e-05 1.426898750700e+00 2.156313948137e-03)
26.4                	(5.768706719025e+00 2.375449366588e+00 6.071263127079e-01)	(5.768706719025e+00 2.375449366588e+00 6.071263127079e-01)	(2.914240072953e-03 1.696074487381e-01 -4.644540481291e-04)	(9.941720161533e-02 1.820757220735e-04 -7.337058970294e-03)	(-2.078852045289e-05 8.149393371766e-01 1.562882309550e-03)
26.5                	(5.778522833492e+00 2.375463552903e+00 6.091635348007e-01)	(5.778522833492e+00 2.375463552903e+00 6.091635348007e-01)	(2.902891347278e-03 2.035136515991e-01 -4.645627323387e-04)	(9.407120505354e-02 9.325129322420e-05 4.327693666894e-02)	(-1.917071323954e-04 -1.576914520251e-01 3.616047134470e-04)
26.6                	(5.786616344258e+00 2.375465410595e+00 6.146514469805e-01)	(5.786616344258e+00 2.375465410595e+00 6.146514469805e-01)	(2.856149833484e-03 1.420948537601e-01 -3.137287867993e-04)	(6.122726358112e-02 -7.214343138739e-05 6.214989210793e-02)	(-1.337520060907e-04 -1.011932433147e+00 -9.061900490732e-04)
26.7                	(5.788957357873e+00 2.375448704803e+00 6.209851627932e-01)	(5.788957357873e+00 2.375448704803e+00 6.209851627932e-01)	(2.842393503930e-03 1.665449144719e-02 -1.045753631447e-04)	(-2.271481103771e-02 -2.409354937512e-04 6.228401596957e-02)	(1.926741290858e-04 -1.405150235729e+00 -2.011614868250e-03)
26.8                	(5.781866889753e+00 2.375421173682e+00 6.263931586781e-01)	(5.781866889753e+00 2.375421173682e+00 6.263931586781e-01)	(2.878523454038e-03 -1.186283639433e-01 6.593823545089e-05)	(-1.118034800335e-01 -2.818118463334e-04 4.072496120676e-02)	(3.100880252886e-04 -1.198554656540e+00 -2.052992378759e-03)
26.9                	(5.768990096651e+00 2.375396950609e+00 6.282200788860e-01)	(5.768990096651e+00 2.375396950609e+00 6.282200788860e-01)	(2.924047412304e-03 -2.052818159870e-01 1.586288002798e-04)	(-1.323355670969e-01 -1.832180310256e-04 -6.070940047433e-03)	(3.147803809668e-04 -4.615590016901e-01 -1.065573042305e-03)
27                  	(5.757733229374e+00 2.375390289972e+00 6.249957797148e-01)	(5.757733229374e+00 2.375390289972e+00 6.249957797148e-01)	(2.938773470705e-03 -2.020263689134e-01 1.076356690157e-04)	(-8.193595269352e-02 5.931787484059e-05 -5.495042478347e-02)	(1.612973133482e-04 5.355569558507e-01 3.109949246194e-04)
27.1                	(5.754006591305e+00 2.375406538147e+00 6.182813978280e-01)	(5.754006591305e+00 2.375406538147e+00 6.182813978280e-01)	(2.914695841786e-03 -1.056840911106e-01 -7.716779028776e-05)	(8.277773752794e-03 2.290473783467e-04 -7.467747182951e-02)	(-2.867284797976e-05 1.309407795325e+00 1.603357730951e-03)
27.2                	(5.758594898890e+00 2.375430673298e+00 6.111617325640e-01)	(5.758594898890e+00 2.375430673298e+00 6.111617325640e-01)	(2.905476803623e-03 3.846100858726e-02 -3.006625244304e-04)	(7.617443191264e-02 2.418995208463e-04 -6.149553881075e-02)	(1.745883116876e-05 1.452008620577e+00 2.147830284300e-03)
27.3                	(5.767681947580e+00 2.375452868306e+00 6.072079274791e-01)	(5.767681947580e+00 2.375452868306e+00 6.072079274791e-01)	(2.921893727146e-03 1.610737738617e-01 -4.601044507265e-04)	(9.892525143860e-02 1.934306590444e-04 -1.325834837426e-02)	(-3.273237219936e-05 8.988939722387e-01 1.656701040454e-03)
27.4                	(5.777550241399e+00 2.375468365245e+00 6.087282389308e-01)	(5.777550241399e+00 2.375468365245e+00 6.087282389308e-01)	(2.911733166484e-03 2.045924498718e-01 -4.772705309778e-04)	(9.568179751778e-02 1.085319563256e-04 3.973814095553e-02)	(-2.216572356809e-04 -5.810325442855e-02 4.937970036395e-04)
27.5                	(5.785963797927e+00 2.375472154544e+00 6.140200800493e-01)	(5.785963797927e+00 2.375472154544e+00 6.140200800493e-01)	(2.860466061534e-03 1.518793519626e-01 -3.374583491327e-04)	(6.668749811805e-02 -4.859041411152e-05 6.131937054411e-02)	(-2.228678245617e-04 -9.436970440618e-01 -7.647419991540e-04)
27.6                	(5.789131971998e+00 2.375457441667e+00 6.203500271363e-01)	(5.789131971998e+00 2.375457441667e+00 6.203500271363e-01)	(2.834079361895e-03 3.066871723032e-02 -1.267523813235e-04)	(-1.240734800057e-02 -2.284929985101e-04 6.294134760595e-02)	(9.820459723005e-05 -1.391548106961e+00 -1.893534225922e-03)
27.7                	(5.782962568275e+00 2.375430641167e+00 6.259607520282e-01)	(5.782962568275e+00 2.375430641167e+00 6.259607520282e-01)	(2.859843320786e-03 -1.063650185723e-01 5.066136899592e-05)	(-1.052277188136e-01 -2.809869774060e-04 4.440551611631e-02)	(2.403528534947e-04 -1.245867597311e+00 -2.093345493532e-03)
27.8                	(5.770339639473e+00 2.375405836175e+00 6.282509020969e-01)	(5.770339639473e+00 2.375405836175e+00 6.282509020969e-01)	(2.900139189203e-03 -2.001746187187e-01 1.545435893773e-04)	(-1.337159099584e-01 -1.932649583534e-04 -1.019012379992e-03)	(2.677110893119e-04 -5.535705250803e-01 -1.162465611606e-03)
27.9                	(5.758615501780e+00 2.375397123235e+00 6.255246941330e-01)	(5.758615501780e+00 2.375397123235e+00 6.255246941330e-01)	(2.916516703919e-03 -2.068869779209e-01 1.200270765994e-04)	(-8.975647407567e-02 3.396306033680e-05 -5.132218281584e-02)	(1.739951590765e-04 4.363437179327e-01 1.568100679109e-04)
28                  	(5.753993439329e+00 2.375411613614e+00 6.190254546690e-01)	(5.753993439329e+00 2.375411613614e+00 6.190254546690e-01)	(2.895206365850e-03 -1.185516427383e-01 -5.399357825453e-05)	(-6.920603862935e-04 2.215579017679e-04 -7.422978075577e-02)	(3.870664088585e-07 1.255725897180e+00 1.473252568326e-03)
