                 0.1	   7.000333454718e-01   3.334547180645e-05
0.2	   7.000729580211e-01   7.295802111895e-05
0.3	   7.001259632136e-01   1.259632135628e-04
0.4	   7.002005862213e-01   2.005862213204e-04
0.5	   7.002983007932e-01   2.983007932326e-04
0.6	   7.004274600427e-01   4.274600426524e-04
0.7	   7.006269610584e-01   6.269610584343e-04
0.8	   7.009727337844e-01   9.727337843699e-04
0.9	   7.015693289832e-01   1.569328983227e-03
1	   7.025058168954e-01   2.505816895414e-03
1.1	   7.038138280510e-01   3.813828051001e-03
1.2	   7.054471319843e-01   5.447131984258e-03
1.3	   7.072776559863e-01   7.277655986272e-03
1.4	   7.091068791938e-01   9.106879193800e-03
1.5	   7.106822182607e-01   1.068221826072e-02
1.6	   7.117204453727e-01   1.172044537269e-02
1.7	   7.119560697470e-01   1.195606974697e-02
1.8	   7.112077595782e-01   1.120775957821e-02
1.9	   7.093985387565e-01   9.398538756543e-03
2	   7.065951786099e-01   6.595178609858e-03
2.1	   7.030282434621e-01   3.028243462085e-03
2.2	   6.990361029143e-01  -9.638970857277e-04
2.3	   6.949855641023e-01  -5.014435897657e-03
2.4	   6.912038134487e-01  -8.796186551267e-03
2.5	   6.879441955128e-01  -1.205580448718e-02
2.6	   6.853254115982e-01  -1.467458840175e-02
2.7	   6.833963666016e-01  -1.660363339840e-02
2.8	   6.821234523896e-01  -1.787654761043e-02
2.9	   6.814257001049e-01  -1.857429989509e-02
3	   6.811890427636e-01  -1.881095723641e-02
3.1	   6.812756350381e-01  -1.872436496193e-02
3.2	   6.815406920151e-01  -1.845930798488e-02
3.3	   6.818571140703e-01  -1.814288592970e-02
3.4	   6.821576747065e-01  -1.784232529353e-02
3.5	   6.824643225602e-01  -1.753567743977e-02
3.6	   6.829108496228e-01  -1.708915037721e-02
3.7	   6.837394957960e-01  -1.626050420402e-02
3.8	   6.853040835390e-01  -1.469591646096e-02
3.9	   6.880224005065e-01  -1.197759949348e-02
4	   6.923313008642e-01  -7.668699135803e-03
4.1	   6.986100132432e-01  -1.389986756822e-03
4.2	   7.070436004677e-01   7.043600467667e-03
4.3	   7.175627732235e-01   1.756277322348e-02
4.4	   7.295389621037e-01   2.953896210373e-02
4.5	   7.418249719751e-01   4.182497197513e-02
4.6	   7.528005014090e-01   5.280050140903e-02
4.7	   7.606493459943e-01   6.064934599433e-02
4.8	   7.639898708256e-01   6.398987082562e-02
4.9	   7.622183811144e-01   6.221838111438e-02
5	   7.557645773088e-01   5.576457730875e-02
5.1	   7.458073649057e-01   4.580736490566e-02
5.2	   7.337700516196e-01   3.377005161959e-02
5.3	   7.208666392680e-01   2.086663926799e-02
5.4	   7.081425809350e-01   8.142580935002e-03
5.5	   6.961982034226e-01  -3.801796577441e-03
5.6	   6.855027980324e-01  -1.449720196762e-02
5.7	   6.762190395798e-01  -2.378096042023e-02
5.8	   6.684985347941e-01  -3.150146520588e-02
5.9	   6.623930060754e-01  -3.760699392456e-02
6	   6.578889361478e-01  -4.211106385215e-02
6.1	   6.549484728893e-01  -4.505152711071e-02
6.2	   6.534938445485e-01  -4.650615545153e-02
6.3	   6.533797272117e-01  -4.662027278833e-02
6.4	   6.543838981372e-01  -4.561610186284e-02
6.5	   6.562031989583e-01  -4.379680104168e-02
6.6	   6.584887885377e-01  -4.151121146234e-02
6.7	   6.609042862851e-01  -3.909571371488e-02
6.8	   6.631957445997e-01  -3.680425540028e-02
6.9	   6.652866978960e-01  -3.471330210403e-02
7	   6.673851588228e-01  -3.261484117716e-02
7.1	   6.700457609475e-01  -2.995423905252e-02
7.2	   6.741617594872e-01  -2.583824051278e-02
7.3	   6.808781716395e-01  -1.912182836046e-02
7.4	   6.914828365566e-01  -8.517163443375e-03
7.5	   7.070702525738e-01   7.070252573787e-03
7.6	   7.282271382011e-01   2.822713820114e-02
7.7	   7.541492077285e-01   5.414920772855e-02
7.8	   7.818955438231e-01   8.189554382310e-02
7.9	   8.061058879293e-01   1.061058879293e-01
8	   8.207238616507e-01   1.207238616507e-01
8.1	   8.227630001869e-01   1.227630001869e-01
8.2	   8.137055296714e-01   1.137055296714e-01
8.3	   7.971716626121e-01   9.717166261210e-02
8.4	   7.769711735312e-01   7.697117353118e-02
8.5	   7.556458344622e-01   5.564583446224e-02
8.6	   7.347338206594e-01   3.473382065942e-02
8.7	   7.150900232890e-01   1.509002328903e-02
8.8	   6.972264510657e-01  -2.773548934323e-03
8.9	   6.814705594735e-01  -1.852944052647e-02
9	   6.678480499116e-01  -3.215195008843e-02
9.1	   6.563997320915e-01  -4.360026790849e-02
9.2	   6.470962888967e-01  -5.290371110330e-02
9.3	   6.399921453091e-01  -6.000785469088e-02
9.4	   6.351398922209e-01  -6.486010777913e-02
9.5	   6.325553550995e-01  -6.744464490048e-02
9.6	   6.321677298655e-01  -6.783227013450e-02
9.7	   6.337930910812e-01  -6.620690891878e-02
9.8	   6.371075006895e-01  -6.289249931050e-02
9.9	   6.416311092566e-01  -5.836889074343e-02
10	   6.466818395714e-01  -5.331816042861e-02
10.1	   6.515324252119e-01  -4.846757478809e-02
10.2	   6.556314045511e-01  -4.436859544892e-02
10.3	   6.588917208059e-01  -4.110827919414e-02
10.4	   6.618737496167e-01  -3.812625038331e-02
10.5	   6.657660143051e-01  -3.423398569489e-02
10.6	   6.721593091904e-01  -2.784069080958e-02
10.7	   6.827867745486e-01  -1.721322545135e-02
10.8	   6.992742433308e-01  -7.257566692270e-04
10.9	   7.226728425864e-01   2.267284258644e-02
11	   7.527892887613e-01   5.278928876132e-02
11.1	   7.864466651277e-01   8.644666512771e-02
11.2	   8.166841559865e-01   1.166841559865e-01
11.3	   8.346474472841e-01   1.346474472841e-01
11.4	   8.364409885884e-01   1.364409885884e-01
11.5	   8.249664389294e-01   1.249664389294e-01
11.6	   8.060010036463e-01   1.060010036463e-01
11.7	   7.839401832830e-01   8.394018328299e-02
11.8	   7.614164948540e-01   6.141649485402e-02
11.9	   7.397434106606e-01   3.974341066057e-02
12	   7.195979171735e-01   1.959791717350e-02
12.1	   7.013640337561e-01   1.364033756096e-03
12.2	   6.852171313976e-01  -1.478286860242e-02
12.3	   6.710658377124e-01  -2.893416228756e-02
12.4	   6.590314829519e-01  -4.096851704808e-02
12.5	   6.490584068740e-01  -5.094159312598e-02
12.6	   6.413224693593e-01  -5.867753064065e-02
12.7	   6.359473327421e-01  -6.405266725795e-02
12.8	   6.329878288180e-01  -6.701217118198e-02
12.9	   6.323554979976e-01  -6.764450200236e-02
13	   6.337804630754e-01  -6.621953692462e-02
13.1	   6.368548516532e-01  -6.314514834678e-02
13.2	   6.410691295065e-01  -5.893087049347e-02
13.3	   6.457942904319e-01  -5.420570956808e-02
13.4	   6.503769294674e-01  -4.962307053258e-02
13.5	   6.543022498893e-01  -4.569775011069e-02
13.6	   6.574394471524e-01  -4.256055284759e-02
13.7	   6.602395725261e-01  -3.976042747390e-02
13.8	   6.637605934462e-01  -3.623940655384e-02
13.9	   6.694770413888e-01  -3.052295861117e-02
14	   6.790389383484e-01  -2.096106165160e-02
14.1	   6.939865678565e-01  -6.013432143468e-03
14.2	   7.154745218506e-01   1.547452185059e-02
14.3	   7.437552508870e-01   4.375525088704e-02
14.4	   7.766901320215e-01   7.669013202154e-02
14.5	   8.085042404636e-01   1.085042404636e-01
14.6	   8.306811453810e-01   1.306811453810e-01
14.7	   8.372818470547e-01   1.372818470547e-01
14.8	   8.293364768952e-01   1.293364768952e-01
14.9	   8.121700841534e-01   1.121700841534e-01
15	   7.906549682593e-01   9.065496825930e-02
15.1	   7.680780099152e-01   6.807800991521e-02
15.2	   7.461170695773e-01   4.611706957725e-02
15.3	   7.255660467376e-01   2.556604673759e-02
15.4	   7.068294944413e-01   6.829494441266e-03
15.5	   6.900388664796e-01  -9.961133520434e-03
15.6	   6.752223133164e-01  -2.477768668356e-02
15.7	   6.624953279327e-01  -3.750467206727e-02
15.8	   6.517974018004e-01  -4.820259819961e-02
15.9	   6.433473132084e-01  -5.665268679163e-02
16	   6.372814481088e-01  -6.271855189119e-02
16.1	   6.336684659750e-01  -6.633153402497e-02
16.2	   6.324487217678e-01  -6.755127823223e-02
16.3	   6.333564372372e-01  -6.664356276283e-02
16.4	   6.359904213875e-01  -6.400957861249e-02
16.5	   6.398604736903e-01  -6.013952630975e-02
16.6	   6.443804339762e-01  -5.561956602379e-02
16.7	   6.489324842402e-01  -5.106751575982e-02
16.8	   6.529913020721e-01  -4.700869792791e-02
16.9	   6.563265023116e-01  -4.367349768842e-02
17	   6.592146360137e-01  -4.078536398632e-02
17.1	   6.625175056149e-01  -3.748249438511e-02
17.2	   6.675608426629e-01  -3.243915733709e-02
17.3	   6.759108924777e-01  -2.408910752234e-02
17.4	   6.891033444356e-01  -1.089665556443e-02
17.5	   7.084904490960e-01   8.490449096002e-03
17.6	   7.346595417343e-01   3.465954173434e-02
17.7	   7.664365079946e-01   6.643650799458e-02
17.8	   7.991927403855e-01   9.919274038550e-02
17.9	   8.250193640920e-01   1.250193640920e-01
18	   8.365511460116e-01   1.365511460116e-01
18.1	   8.327569076925e-01   1.327569076925e-01
18.2	   8.179482670812e-01   1.179482670812e-01
18.3	   7.974465213381e-01   9.744652133809e-02
18.4	   7.750426132044e-01   7.504261320439e-02
18.5	   7.528205449963e-01   5.282054499630e-02
18.6	   7.317902786799e-01   3.179027867989e-02
18.7	   7.124307107657e-01   1.243071076573e-02
18.8	   6.949118683568e-01  -5.088131643240e-03
18.9	   6.794514048086e-01  -2.054859519141e-02
19	   6.660397322350e-01  -3.396026776502e-02
19.1	   6.547196445705e-01  -4.528035542946e-02
19.2	   6.456026035944e-01  -5.439739640558e-02
19.3	   6.388465415940e-01  -6.115345840605e-02
19.4	   6.345258369830e-01  -6.547416301699e-02
19.5	   6.326340591182e-01  -6.736594088175e-02
19.6	   6.329535704733e-01  -6.704642952674e-02
19.7	   6.351224448376e-01  -6.487755516243e-02
19.8	   6.386641643771e-01  -6.133583562292e-02
19.9	   6.430174218390e-01  -5.698257816102e-02
20	   6.475649650062e-01  -5.243503499382e-02
20.1	   6.517539058536e-01  -4.824609414638e-02
20.2	   6.552657338263e-01  -4.473426617369e-02
20.3	   6.582290873199e-01  -4.177091268005e-02
20.4	   6.613297117208e-01  -3.867028827923e-02
20.5	   6.657725947749e-01  -3.422740522514e-02
20.6	   6.730392866132e-01  -2.696071338683e-02
20.7	   6.846864366179e-01  -1.531356338212e-02
20.8	   7.021474996861e-01   2.147499686060e-03
20.9	   7.262573247429e-01   2.625732474295e-02
21	   7.565359693379e-01   5.653596933795e-02
21.1	   7.895347095787e-01   8.953470957872e-02
21.2	   8.182318712332e-01   1.182318712332e-01
21.3	   8.344849377337e-01   1.344849377337e-01
21.4	   8.351335881140e-01   1.351335881140e-01
21.5	   8.231514020048e-01   1.231514020048e-01
21.6	   8.039901177662e-01   1.039901177662e-01
21.7	   7.819334334505e-01   8.193343345045e-02
21.8	   7.595399150553e-01   5.953991505525e-02
21.9	   7.380720696912e-01   3.807206969119e-02
22	   7.181023234581e-01   1.810232345809e-02
22.1	   7.000141389066e-01   1.413890659407e-05
22.2	   6.839638351511e-01  -1.603616484894e-02
22.3	   6.698950928686e-01  -3.010490713143e-02
22.4	   6.579434983812e-01  -4.205650161882e-02
22.5	   6.481269822810e-01  -5.187301771901e-02
22.6	   6.406310451596e-01  -5.936895484037e-02
22.7	   6.355678540232e-01  -6.443214597682e-02
22.8	   6.329506785029e-01  -6.704932149713e-02
22.9	   6.326385240616e-01  -6.736147593840e-02
23	   6.343078827878e-01  -6.569211721215e-02
23.1	   6.374999520607e-01  -6.250004793931e-02
23.2	   6.416732649581e-01  -5.832673504190e-02
23.3	   6.462120248982e-01  -5.378797510176e-02
23.4	   6.505336518303e-01  -4.946634816965e-02
23.5	   6.542380333538e-01  -4.576196664624e-02
23.6	   6.573146784778e-01  -4.268532152223e-02
23.7	   6.602853139421e-01  -3.971468605795e-02
23.8	   6.642070148203e-01  -3.579298517974e-02
23.9	   6.704924265372e-01  -2.950757346279e-02
24	   6.806967696669e-01  -1.930323033311e-02
24.1	   6.962965967895e-01  -3.703403210484e-03
24.2	   7.183395195246e-01   1.833951952458e-02
24.3	   7.469193018033e-01   4.691930180331e-02
24.4	   7.795971451258e-01   7.959714512575e-02
24.5	   8.103816257115e-01   1.103816257115e-01
24.6	   8.310340602224e-01   1.310340602224e-01
24.7	   8.363720536158e-01   1.363720536158e-01
24.8	   8.277533233845e-01   1.277533233845e-01
24.9	   8.103425275634e-01   1.103425275634e-01
25	   7.888168962666e-01   8.881689626664e-02
25.1	   7.662754721100e-01   6.627547211004e-02
25.2	   7.443857166560e-01   4.438571665601e-02
25.3	   7.239134595260e-01   2.391345952603e-02
25.4	   7.052619382940e-01   5.261938293968e-03
25.5	   6.885992482687e-01  -1.140075173126e-02
25.6	   6.739027374746e-01  -2.609726252545e-02
25.7	   6.613453780899e-01  -3.865462191015e-02
25.8	   6.508630820048e-01  -4.913691799521e-02
25.9	   6.426607038536e-01  -5.733929614639e-02
26	   6.368550575203e-01  -6.314494247966e-02
26.1	   6.334944370664e-01  -6.650556293360e-02
26.2	   6.325094253399e-01  -6.749057466007e-02
26.3	   6.336216933117e-01  -6.637830668825e-02
26.4	   6.364052715103e-01  -6.359472848966e-02
26.5	   6.403413539300e-01  -5.965864607003e-02
26.6	   6.448223787391e-01  -5.517762126094e-02
26.7	   6.492464276111e-01  -5.075357238885e-02
26.8	   6.531474266217e-01  -4.685257337828e-02
26.9	   6.563864465955e-01  -4.361355340452e-02
27	   6.593202712106e-01  -4.067972878937e-02
27.1	   6.628549388100e-01  -3.714506119004e-02
27.2	   6.683083662821e-01  -3.169163371788e-02
27.3	   6.772071647980e-01  -2.279283520198e-02
27.4	   6.910373656745e-01  -8.962634325538e-03
27.5	   7.110509583184e-01   1.105095831840e-02
27.6	   7.377225446457e-01   3.772254464573e-02
27.7	   7.695805111264e-01   6.958051112638e-02
27.8	   8.016834439287e-01   1.016834439287e-01
27.9	   8.261467455896e-01   1.261467455896e-01
28	   8.362504907302e-01   1.362504907302e-01
