                 0.1	(   5.750000000000e+00   3.500000000000e+00  7.000333454718e-01) 
0.2	(   5.750000000000e+00   3.500000000000e+00  7.000729580211e-01) 
0.3	(   5.750000000000e+00   3.500000000000e+00  7.001259632136e-01) 
0.4	(   5.750000000000e+00   3.500000000000e+00  7.002005862213e-01) 
0.5	(   5.750000000000e+00   3.500000000000e+00  7.002983007932e-01) 
0.6	(   5.750000000000e+00   3.500000000000e+00  7.004274600427e-01) 
0.7	(   5.750000000000e+00   3.500000000000e+00  7.006269610584e-01) 
0.8	(   5.750000000000e+00   3.500000000000e+00  7.009727337844e-01) 
0.9	(   5.750000000000e+00   3.500000000000e+00  7.015693289832e-01) 
1	(   5.750000000000e+00   3.500000000000e+00  7.025058168954e-01) 
1.1	(   5.750000000000e+00   3.500000000000e+00  7.038138280510e-01) 
1.2	(   5.750000000000e+00   3.500000000000e+00  7.054471319843e-01) 
1.3	(   5.750000000000e+00   3.500000000000e+00  7.072776559863e-01) 
1.4	(   5.750000000000e+00   3.500000000000e+00  7.091068791938e-01) 
1.5	(   5.750000000000e+00   3.500000000000e+00  7.106822182607e-01) 
1.6	(   5.750000000000e+00   3.500000000000e+00  7.117204453727e-01) 
1.7	(   5.750000000000e+00   3.500000000000e+00  7.119560697470e-01) 
1.8	(   5.750000000000e+00   3.500000000000e+00  7.112077595782e-01) 
1.9	(   5.750000000000e+00   3.500000000000e+00  7.093985387565e-01) 
2	(   5.750000000000e+00   3.500000000000e+00  7.065951786099e-01) 
2.1	(   5.750000000000e+00   3.500000000000e+00  7.030282434621e-01) 
2.2	(   5.750000000000e+00   3.500000000000e+00  6.990361029143e-01) 
2.3	(   5.750000000000e+00   3.500000000000e+00  6.949855641023e-01) 
2.4	(   5.750000000000e+00   3.500000000000e+00  6.912038134487e-01) 
2.5	(   5.750000000000e+00   3.500000000000e+00  6.879441955128e-01) 
2.6	(   5.750000000000e+00   3.500000000000e+00  6.853254115982e-01) 
2.7	(   5.750000000000e+00   3.500000000000e+00  6.833963666016e-01) 
2.8	(   5.750000000000e+00   3.500000000000e+00  6.821234523896e-01) 
2.9	(   5.750000000000e+00   3.500000000000e+00  6.814257001049e-01) 
3	(   5.750000000000e+00   3.500000000000e+00  6.811890427636e-01) 
3.1	(   5.750000000000e+00   3.500000000000e+00  6.812756350381e-01) 
3.2	(   5.750000000000e+00   3.500000000000e+00  6.815406920151e-01) 
3.3	(   5.750000000000e+00   3.500000000000e+00  6.818571140703e-01) 
3.4	(   5.750000000000e+00   3.500000000000e+00  6.821576747065e-01) 
3.5	(   5.750000000000e+00   3.500000000000e+00  6.824643225602e-01) 
3.6	(   5.750000000000e+00   3.500000000000e+00  6.829108496228e-01) 
3.7	(   5.750000000000e+00   3.500000000000e+00  6.837394957960e-01) 
3.8	(   5.750000000000e+00   3.500000000000e+00  6.853040835390e-01) 
3.9	(   5.750000000000e+00   3.500000000000e+00  6.880224005065e-01) 
4	(   5.750000000000e+00   3.500000000000e+00  6.923313008642e-01) 
4.1	(   5.750000000000e+00   3.500000000000e+00  6.986100132432e-01) 
4.2	(   5.750000000000e+00   3.500000000000e+00  7.070436004677e-01) 
4.3	(   5.750000000000e+00   3.500000000000e+00  7.175627732235e-01) 
4.4	(   5.750000000000e+00   3.500000000000e+00  7.295389621037e-01) 
4.5	(   5.750000000000e+00   3.500000000000e+00  7.418249719751e-01) 
4.6	(   5.750000000000e+00   3.500000000000e+00  7.528005014090e-01) 
4.7	(   5.750000000000e+00   3.500000000000e+00  7.606493459943e-01) 
4.8	(   5.750000000000e+00   3.500000000000e+00  7.639898708256e-01) 
4.9	(   5.750000000000e+00   3.500000000000e+00  7.622183811144e-01) 
5	(   5.750000000000e+00   3.500000000000e+00  7.557645773088e-01) 
5.1	(   5.750000000000e+00   3.500000000000e+00  7.458073649057e-01) 
5.2	(   5.750000000000e+00   3.500000000000e+00  7.337700516196e-01) 
5.3	(   5.750000000000e+00   3.500000000000e+00  7.208666392680e-01) 
5.4	(   5.750000000000e+00   3.500000000000e+00  7.081425809350e-01) 
5.5	(   5.750000000000e+00   3.500000000000e+00  6.961982034226e-01) 
5.6	(   5.750000000000e+00   3.500000000000e+00  6.855027980324e-01) 
5.7	(   5.750000000000e+00   3.500000000000e+00  6.762190395798e-01) 
5.8	(   5.750000000000e+00   3.500000000000e+00  6.684985347941e-01) 
5.9	(   5.750000000000e+00   3.500000000000e+00  6.623930060754e-01) 
6	(   5.750000000000e+00   3.500000000000e+00  6.578889361478e-01) 
6.1	(   5.750000000000e+00   3.500000000000e+00  6.549484728893e-01) 
6.2	(   5.750000000000e+00   3.500000000000e+00  6.534938445485e-01) 
6.3	(   5.750000000000e+00   3.500000000000e+00  6.533797272117e-01) 
6.4	(   5.750000000000e+00   3.500000000000e+00  6.543838981372e-01) 
6.5	(   5.750000000000e+00   3.500000000000e+00  6.562031989583e-01) 
6.6	(   5.750000000000e+00   3.500000000000e+00  6.584887885377e-01) 
6.7	(   5.750000000000e+00   3.500000000000e+00  6.609042862851e-01) 
6.8	(   5.750000000000e+00   3.500000000000e+00  6.631957445997e-01) 
6.9	(   5.750000000000e+00   3.500000000000e+00  6.652866978960e-01) 
7	(   5.750000000000e+00   3.500000000000e+00  6.673851588228e-01) 
7.1	(   5.750000000000e+00   3.500000000000e+00  6.700457609475e-01) 
7.2	(   5.750000000000e+00   3.500000000000e+00  6.741617594872e-01) 
7.3	(   5.750000000000e+00   3.500000000000e+00  6.808781716395e-01) 
7.4	(   5.750000000000e+00   3.500000000000e+00  6.914828365566e-01) 
7.5	(   5.750000000000e+00   3.500000000000e+00  7.070702525738e-01) 
7.6	(   5.750000000000e+00   3.500000000000e+00  7.282271382011e-01) 
7.7	(   5.750000000000e+00   3.500000000000e+00  7.541492077285e-01) 
7.8	(   5.750000000000e+00   3.500000000000e+00  7.818955438231e-01) 
7.9	(   5.750000000000e+00   3.500000000000e+00  8.061058879293e-01) 
8	(   5.750000000000e+00   3.500000000000e+00  8.207238616507e-01) 
8.1	(   5.750000000000e+00   3.500000000000e+00  8.227630001869e-01) 
8.2	(   5.750000000000e+00   3.500000000000e+00  8.137055296714e-01) 
8.3	(   5.750000000000e+00   3.500000000000e+00  7.971716626121e-01) 
8.4	(   5.750000000000e+00   3.500000000000e+00  7.769711735312e-01) 
8.5	(   5.750000000000e+00   3.500000000000e+00  7.556458344622e-01) 
8.6	(   5.750000000000e+00   3.500000000000e+00  7.347338206594e-01) 
8.7	(   5.750000000000e+00   3.500000000000e+00  7.150900232890e-01) 
8.8	(   5.750000000000e+00   3.500000000000e+00  6.972264510657e-01) 
8.9	(   5.750000000000e+00   3.500000000000e+00  6.814705594735e-01) 
9	(   5.750000000000e+00   3.500000000000e+00  6.678480499116e-01) 
9.1	(   5.750000000000e+00   3.500000000000e+00  6.563997320915e-01) 
9.2	(   5.750000000000e+00   3.500000000000e+00  6.470962888967e-01) 
9.3	(   5.750000000000e+00   3.500000000000e+00  6.399921453091e-01) 
9.4	(   5.750000000000e+00   3.500000000000e+00  6.351398922209e-01) 
9.5	(   5.750000000000e+00   3.500000000000e+00  6.325553550995e-01) 
9.6	(   5.750000000000e+00   3.500000000000e+00  6.321677298655e-01) 
9.7	(   5.750000000000e+00   3.500000000000e+00  6.337930910812e-01) 
9.8	(   5.750000000000e+00   3.500000000000e+00  6.371075006895e-01) 
9.9	(   5.750000000000e+00   3.500000000000e+00  6.416311092566e-01) 
10	(   5.750000000000e+00   3.500000000000e+00  6.466818395714e-01) 
10.1	(   5.750000000000e+00   3.500000000000e+00  6.515324252119e-01) 
10.2	(   5.750000000000e+00   3.500000000000e+00  6.556314045511e-01) 
10.3	(   5.750000000000e+00   3.500000000000e+00  6.588917208059e-01) 
10.4	(   5.750000000000e+00   3.500000000000e+00  6.618737496167e-01) 
10.5	(   5.750000000000e+00   3.500000000000e+00  6.657660143051e-01) 
10.6	(   5.750000000000e+00   3.500000000000e+00  6.721593091904e-01) 
10.7	(   5.750000000000e+00   3.500000000000e+00  6.827867745486e-01) 
10.8	(   5.750000000000e+00   3.500000000000e+00  6.992742433308e-01) 
10.9	(   5.750000000000e+00   3.500000000000e+00  7.226728425864e-01) 
11	(   5.750000000000e+00   3.500000000000e+00  7.527892887613e-01) 
11.1	(   5.750000000000e+00   3.500000000000e+00  7.864466651277e-01) 
11.2	(   5.750000000000e+00   3.500000000000e+00  8.166841559865e-01) 
11.3	(   5.750000000000e+00   3.500000000000e+00  8.346474472841e-01) 
11.4	(   5.750000000000e+00   3.500000000000e+00  8.364409885884e-01) 
11.5	(   5.750000000000e+00   3.500000000000e+00  8.249664389294e-01) 
11.6	(   5.750000000000e+00   3.500000000000e+00  8.060010036463e-01) 
11.7	(   5.750000000000e+00   3.500000000000e+00  7.839401832830e-01) 
11.8	(   5.750000000000e+00   3.500000000000e+00  7.614164948540e-01) 
11.9	(   5.750000000000e+00   3.500000000000e+00  7.397434106606e-01) 
12	(   5.750000000000e+00   3.500000000000e+00  7.195979171735e-01) 
12.1	(   5.750000000000e+00   3.500000000000e+00  7.013640337561e-01) 
12.2	(   5.750000000000e+00   3.500000000000e+00  6.852171313976e-01) 
12.3	(   5.750000000000e+00   3.500000000000e+00  6.710658377124e-01) 
12.4	(   5.750000000000e+00   3.500000000000e+00  6.590314829519e-01) 
12.5	(   5.750000000000e+00   3.500000000000e+00  6.490584068740e-01) 
12.6	(   5.750000000000e+00   3.500000000000e+00  6.413224693593e-01) 
12.7	(   5.750000000000e+00   3.500000000000e+00  6.359473327421e-01) 
12.8	(   5.750000000000e+00   3.500000000000e+00  6.329878288180e-01) 
12.9	(   5.750000000000e+00   3.500000000000e+00  6.323554979976e-01) 
13	(   5.750000000000e+00   3.500000000000e+00  6.337804630754e-01) 
13.1	(   5.750000000000e+00   3.500000000000e+00  6.368548516532e-01) 
13.2	(   5.750000000000e+00   3.500000000000e+00  6.410691295065e-01) 
13.3	(   5.750000000000e+00   3.500000000000e+00  6.457942904319e-01) 
13.4	(   5.750000000000e+00   3.500000000000e+00  6.503769294674e-01) 
13.5	(   5.750000000000e+00   3.500000000000e+00  6.543022498893e-01) 
13.6	(   5.750000000000e+00   3.500000000000e+00  6.574394471524e-01) 
13.7	(   5.750000000000e+00   3.500000000000e+00  6.602395725261e-01) 
13.8	(   5.750000000000e+00   3.500000000000e+00  6.637605934462e-01) 
13.9	(   5.750000000000e+00   3.500000000000e+00  6.694770413888e-01) 
14	(   5.750000000000e+00   3.500000000000e+00  6.790389383484e-01) 
14.1	(   5.750000000000e+00   3.500000000000e+00  6.939865678565e-01) 
14.2	(   5.750000000000e+00   3.500000000000e+00  7.154745218506e-01) 
14.3	(   5.750000000000e+00   3.500000000000e+00  7.437552508870e-01) 
14.4	(   5.750000000000e+00   3.500000000000e+00  7.766901320215e-01) 
14.5	(   5.750000000000e+00   3.500000000000e+00  8.085042404636e-01) 
14.6	(   5.750000000000e+00   3.500000000000e+00  8.306811453810e-01) 
14.7	(   5.750000000000e+00   3.500000000000e+00  8.372818470547e-01) 
14.8	(   5.750000000000e+00   3.500000000000e+00  8.293364768952e-01) 
14.9	(   5.750000000000e+00   3.500000000000e+00  8.121700841534e-01) 
15	(   5.750000000000e+00   3.500000000000e+00  7.906549682593e-01) 
15.1	(   5.750000000000e+00   3.500000000000e+00  7.680780099152e-01) 
15.2	(   5.750000000000e+00   3.500000000000e+00  7.461170695773e-01) 
15.3	(   5.750000000000e+00   3.500000000000e+00  7.255660467376e-01) 
15.4	(   5.750000000000e+00   3.500000000000e+00  7.068294944413e-01) 
15.5	(   5.750000000000e+00   3.500000000000e+00  6.900388664796e-01) 
15.6	(   5.750000000000e+00   3.500000000000e+00  6.752223133164e-01) 
15.7	(   5.750000000000e+00   3.500000000000e+00  6.624953279327e-01) 
15.8	(   5.750000000000e+00   3.500000000000e+00  6.517974018004e-01) 
15.9	(   5.750000000000e+00   3.500000000000e+00  6.433473132084e-01) 
16	(   5.750000000000e+00   3.500000000000e+00  6.372814481088e-01) 
16.1	(   5.750000000000e+00   3.500000000000e+00  6.336684659750e-01) 
16.2	(   5.750000000000e+00   3.500000000000e+00  6.324487217678e-01) 
16.3	(   5.750000000000e+00   3.500000000000e+00  6.333564372372e-01) 
16.4	(   5.750000000000e+00   3.500000000000e+00  6.359904213875e-01) 
16.5	(   5.750000000000e+00   3.500000000000e+00  6.398604736903e-01) 
16.6	(   5.750000000000e+00   3.500000000000e+00  6.443804339762e-01) 
16.7	(   5.750000000000e+00   3.500000000000e+00  6.489324842402e-01) 
16.8	(   5.750000000000e+00   3.500000000000e+00  6.529913020721e-01) 
16.9	(   5.750000000000e+00   3.500000000000e+00  6.563265023116e-01) 
17	(   5.750000000000e+00   3.500000000000e+00  6.592146360137e-01) 
17.1	(   5.750000000000e+00   3.500000000000e+00  6.625175056149e-01) 
17.2	(   5.750000000000e+00   3.500000000000e+00  6.675608426629e-01) 
17.3	(   5.750000000000e+00   3.500000000000e+00  6.759108924777e-01) 
17.4	(   5.750000000000e+00   3.500000000000e+00  6.891033444356e-01) 
17.5	(   5.750000000000e+00   3.500000000000e+00  7.084904490960e-01) 
17.6	(   5.750000000000e+00   3.500000000000e+00  7.346595417343e-01) 
17.7	(   5.750000000000e+00   3.500000000000e+00  7.664365079946e-01) 
17.8	(   5.750000000000e+00   3.500000000000e+00  7.991927403855e-01) 
17.9	(   5.750000000000e+00   3.500000000000e+00  8.250193640920e-01) 
18	(   5.750000000000e+00   3.500000000000e+00  8.365511460116e-01) 
18.1	(   5.750000000000e+00   3.500000000000e+00  8.327569076925e-01) 
18.2	(   5.750000000000e+00   3.500000000000e+00  8.179482670812e-01) 
18.3	(   5.750000000000e+00   3.500000000000e+00  7.974465213381e-01) 
18.4	(   5.750000000000e+00   3.500000000000e+00  7.750426132044e-01) 
18.5	(   5.750000000000e+00   3.500000000000e+00  7.528205449963e-01) 
18.6	(   5.750000000000e+00   3.500000000000e+00  7.317902786799e-01) 
18.7	(   5.750000000000e+00   3.500000000000e+00  7.124307107657e-01) 
18.8	(   5.750000000000e+00   3.500000000000e+00  6.949118683568e-01) 
18.9	(   5.750000000000e+00   3.500000000000e+00  6.794514048086e-01) 
19	(   5.750000000000e+00   3.500000000000e+00  6.660397322350e-01) 
19.1	(   5.750000000000e+00   3.500000000000e+00  6.547196445705e-01) 
19.2	(   5.750000000000e+00   3.500000000000e+00  6.456026035944e-01) 
19.3	(   5.750000000000e+00   3.500000000000e+00  6.388465415940e-01) 
19.4	(   5.750000000000e+00   3.500000000000e+00  6.345258369830e-01) 
19.5	(   5.750000000000e+00   3.500000000000e+00  6.326340591182e-01) 
19.6	(   5.750000000000e+00   3.500000000000e+00  6.329535704733e-01) 
19.7	(   5.750000000000e+00   3.500000000000e+00  6.351224448376e-01) 
19.8	(   5.750000000000e+00   3.500000000000e+00  6.386641643771e-01) 
19.9	(   5.750000000000e+00   3.500000000000e+00  6.430174218390e-01) 
20	(   5.750000000000e+00   3.500000000000e+00  6.475649650062e-01) 
20.1	(   5.750000000000e+00   3.500000000000e+00  6.517539058536e-01) 
20.2	(   5.750000000000e+00   3.500000000000e+00  6.552657338263e-01) 
20.3	(   5.750000000000e+00   3.500000000000e+00  6.582290873199e-01) 
20.4	(   5.750000000000e+00   3.500000000000e+00  6.613297117208e-01) 
20.5	(   5.750000000000e+00   3.500000000000e+00  6.657725947749e-01) 
20.6	(   5.750000000000e+00   3.500000000000e+00  6.730392866132e-01) 
20.7	(   5.750000000000e+00   3.500000000000e+00  6.846864366179e-01) 
20.8	(   5.750000000000e+00   3.500000000000e+00  7.021474996861e-01) 
20.9	(   5.750000000000e+00   3.500000000000e+00  7.262573247429e-01) 
21	(   5.750000000000e+00   3.500000000000e+00  7.565359693379e-01) 
21.1	(   5.750000000000e+00   3.500000000000e+00  7.895347095787e-01) 
21.2	(   5.750000000000e+00   3.500000000000e+00  8.182318712332e-01) 
21.3	(   5.750000000000e+00   3.500000000000e+00  8.344849377337e-01) 
21.4	(   5.750000000000e+00   3.500000000000e+00  8.351335881140e-01) 
21.5	(   5.750000000000e+00   3.500000000000e+00  8.231514020048e-01) 
21.6	(   5.750000000000e+00   3.500000000000e+00  8.039901177662e-01) 
21.7	(   5.750000000000e+00   3.500000000000e+00  7.819334334505e-01) 
21.8	(   5.750000000000e+00   3.500000000000e+00  7.595399150553e-01) 
21.9	(   5.750000000000e+00   3.500000000000e+00  7.380720696912e-01) 
22	(   5.750000000000e+00   3.500000000000e+00  7.181023234581e-01) 
22.1	(   5.750000000000e+00   3.500000000000e+00  7.000141389066e-01) 
22.2	(   5.750000000000e+00   3.500000000000e+00  6.839638351511e-01) 
22.3	(   5.750000000000e+00   3.500000000000e+00  6.698950928686e-01) 
22.4	(   5.750000000000e+00   3.500000000000e+00  6.579434983812e-01) 
22.5	(   5.750000000000e+00   3.500000000000e+00  6.481269822810e-01) 
22.6	(   5.750000000000e+00   3.500000000000e+00  6.406310451596e-01) 
22.7	(   5.750000000000e+00   3.500000000000e+00  6.355678540232e-01) 
22.8	(   5.750000000000e+00   3.500000000000e+00  6.329506785029e-01) 
22.9	(   5.750000000000e+00   3.500000000000e+00  6.326385240616e-01) 
23	(   5.750000000000e+00   3.500000000000e+00  6.343078827878e-01) 
23.1	(   5.750000000000e+00   3.500000000000e+00  6.374999520607e-01) 
23.2	(   5.750000000000e+00   3.500000000000e+00  6.416732649581e-01) 
23.3	(   5.750000000000e+00   3.500000000000e+00  6.462120248982e-01) 
23.4	(   5.750000000000e+00   3.500000000000e+00  6.505336518303e-01) 
23.5	(   5.750000000000e+00   3.500000000000e+00  6.542380333538e-01) 
23.6	(   5.750000000000e+00   3.500000000000e+00  6.573146784778e-01) 
23.7	(   5.750000000000e+00   3.500000000000e+00  6.602853139421e-01) 
23.8	(   5.750000000000e+00   3.500000000000e+00  6.642070148203e-01) 
23.9	(   5.750000000000e+00   3.500000000000e+00  6.704924265372e-01) 
24	(   5.750000000000e+00   3.500000000000e+00  6.806967696669e-01) 
24.1	(   5.750000000000e+00   3.500000000000e+00  6.962965967895e-01) 
24.2	(   5.750000000000e+00   3.500000000000e+00  7.183395195246e-01) 
24.3	(   5.750000000000e+00   3.500000000000e+00  7.469193018033e-01) 
24.4	(   5.750000000000e+00   3.500000000000e+00  7.795971451258e-01) 
24.5	(   5.750000000000e+00   3.500000000000e+00  8.103816257115e-01) 
24.6	(   5.750000000000e+00   3.500000000000e+00  8.310340602224e-01) 
24.7	(   5.750000000000e+00   3.500000000000e+00  8.363720536158e-01) 
24.8	(   5.750000000000e+00   3.500000000000e+00  8.277533233845e-01) 
24.9	(   5.750000000000e+00   3.500000000000e+00  8.103425275634e-01) 
25	(   5.750000000000e+00   3.500000000000e+00  7.888168962666e-01) 
25.1	(   5.750000000000e+00   3.500000000000e+00  7.662754721100e-01) 
25.2	(   5.750000000000e+00   3.500000000000e+00  7.443857166560e-01) 
25.3	(   5.750000000000e+00   3.500000000000e+00  7.239134595260e-01) 
25.4	(   5.750000000000e+00   3.500000000000e+00  7.052619382940e-01) 
25.5	(   5.750000000000e+00   3.500000000000e+00  6.885992482687e-01) 
25.6	(   5.750000000000e+00   3.500000000000e+00  6.739027374746e-01) 
25.7	(   5.750000000000e+00   3.500000000000e+00  6.613453780899e-01) 
25.8	(   5.750000000000e+00   3.500000000000e+00  6.508630820048e-01) 
25.9	(   5.750000000000e+00   3.500000000000e+00  6.426607038536e-01) 
26	(   5.750000000000e+00   3.500000000000e+00  6.368550575203e-01) 
26.1	(   5.750000000000e+00   3.500000000000e+00  6.334944370664e-01) 
26.2	(   5.750000000000e+00   3.500000000000e+00  6.325094253399e-01) 
26.3	(   5.750000000000e+00   3.500000000000e+00  6.336216933117e-01) 
26.4	(   5.750000000000e+00   3.500000000000e+00  6.364052715103e-01) 
26.5	(   5.750000000000e+00   3.500000000000e+00  6.403413539300e-01) 
26.6	(   5.750000000000e+00   3.500000000000e+00  6.448223787391e-01) 
26.7	(   5.750000000000e+00   3.500000000000e+00  6.492464276111e-01) 
26.8	(   5.750000000000e+00   3.500000000000e+00  6.531474266217e-01) 
26.9	(   5.750000000000e+00   3.500000000000e+00  6.563864465955e-01) 
27	(   5.750000000000e+00   3.500000000000e+00  6.593202712106e-01) 
27.1	(   5.750000000000e+00   3.500000000000e+00  6.628549388100e-01) 
27.2	(   5.750000000000e+00   3.500000000000e+00  6.683083662821e-01) 
27.3	(   5.750000000000e+00   3.500000000000e+00  6.772071647980e-01) 
27.4	(   5.750000000000e+00   3.500000000000e+00  6.910373656745e-01) 
27.5	(   5.750000000000e+00   3.500000000000e+00  7.110509583184e-01) 
27.6	(   5.750000000000e+00   3.500000000000e+00  7.377225446457e-01) 
27.7	(   5.750000000000e+00   3.500000000000e+00  7.695805111264e-01) 
27.8	(   5.750000000000e+00   3.500000000000e+00  8.016834439287e-01) 
27.9	(   5.750000000000e+00   3.500000000000e+00  8.261467455896e-01) 
28	(   5.750000000000e+00   3.500000000000e+00  8.362504907302e-01) 
