/*--------------------------------*- C++ -*----------------------------------*\
| =========                 |                                                 |
| \\      /  F ield         | OpenFOAM: The Open Source CFD Toolbox           |
|  \\    /   O peration     | Version:  2312                                  |
|   \\  /    A nd           | Website:  www.openfoam.com                      |
|    \\/     M anipulation  |                                                 |
\*---------------------------------------------------------------------------*/
FoamFile
{
    version     2.0;
    format      ascii;
    arch        "LSB;label=32;scalar=64";
    class       pointVectorField;
    location    "2";
    object      pointW;
}
// * * * * * * * * * * * * * * * * * * * * * * * * * * * * * * * * * * * * * //

dimensions      [0 1 0 0 0 0 0];

internalField   nonuniform List<vector> 
1952
(
(2.70577 2.375 0.85)
(2.70577 2.375 0.85)
(2.70577 2.375 0.85)
(2.70577 2.375 0.85)
(2.70577 2.375 0.85)
(2.70577 2.375 0.85)
(2.70577 2.375 0.85)
(2.70577 2.375 0.85)
(2.70577 2.375 0.85)
(2.70577 2.375 0.85)
(2.70577 2.375 0.85)
(2.70577 2.375 0.85)
(2.70577 2.375 0.85)
(2.70577 2.375 0.85)
(2.70577 2.375 0.85)
(2.70577 2.375 0.85)
(2.70577 2.375 0.85)
(2.70577 2.375 0.85)
(2.70577 2.375 0.85)
(2.70577 2.375 0.85)
(2.70577 2.375 0.85)
(2.70577 2.375 0.85)
(2.70577 2.375 0.85)
(2.70577 2.375 0.85)
(2.70577 2.375 0.85)
(2.70577 2.375 0.85)
(2.70577 2.375 0.85)
(2.70577 2.375 0.85)
(2.70577 2.375 0.85)
(2.70577 2.375 0.85)
(2.70577 2.375 0.85)
(2.70577 2.375 0.85)
(2.70578 2.375 0.85)
(2.70578 2.375 0.85)
(2.70578 2.375 0.85)
(2.70578 2.375 0.85)
(2.70578 2.375 0.85)
(2.70578 2.375 0.85)
(2.70578 2.375 0.85)
(2.70578 2.375 0.85)
(2.70578 2.375 0.85)
(2.70578 2.375 0.85)
(2.70578 2.375 0.85)
(2.70578 2.375 0.85)
(2.70578 2.375 0.85)
(2.70578 2.375 0.85)
(2.70578 2.375 0.85)
(2.70578 2.375 0.85)
(2.70578 2.375 0.85)
(2.70578 2.375 0.85)
(2.70578 2.375 0.85)
(2.70578 2.375 0.85)
(2.70578 2.375 0.85)
(2.70578 2.375 0.85)
(2.70578 2.375 0.85)
(2.70578 2.375 0.85)
(2.70578 2.375 0.85)
(2.70578 2.375 0.85)
(2.70578 2.375 0.85)
(2.70578 2.375 0.85)
(2.70578 2.375 0.85)
(2.70578 2.375 0.85)
(2.70578 2.375 0.85)
(2.70578 2.375 0.85)
(2.70578 2.375 0.85)
(2.70578 2.375 0.85)
(2.70578 2.375 0.85)
(2.70578 2.375 0.85)
(2.70578 2.375 0.85)
(2.70578 2.375 0.85)
(2.70578 2.375 0.85)
(2.70578 2.375 0.85)
(2.70578 2.375 0.85)
(2.70578 2.375 0.85)
(2.70578 2.375 0.85)
(2.70578 2.375 0.85)
(2.70578 2.375 0.85)
(2.70578 2.375 0.85)
(2.70578 2.375 0.85)
(2.70578 2.375 0.85)
(2.70578 2.375 0.85)
(2.70578 2.375 0.85)
(2.70578 2.375 0.85)
(2.70578 2.375 0.85)
(2.70578 2.375 0.85)
(2.70578 2.375 0.85)
(2.70578 2.375 0.85)
(2.70578 2.375 0.85)
(2.70578 2.375 0.85)
(2.70578 2.375 0.85)
(2.70578 2.375 0.85)
(2.70578 2.375 0.85)
(2.70578 2.375 0.85)
(2.70578 2.375 0.85)
(2.70578 2.375 0.85)
(2.70578 2.375 0.85)
(2.70579 2.375 0.85)
(2.70579 2.375 0.85)
(2.70579 2.375 0.85)
(2.70579 2.375 0.85)
(2.70579 2.375 0.85)
(2.70579 2.375 0.85)
(2.70579 2.375 0.85)
(2.70579 2.375 0.85)
(2.70579 2.375 0.85)
(2.70579 2.375 0.85)
(2.70579 2.375 0.85)
(2.70579 2.375 0.85)
(2.70579 2.375 0.85)
(2.70579 2.375 0.85)
(2.70579 2.375 0.85)
(2.70579 2.375 0.85)
(2.70579 2.375 0.85)
(2.70579 2.375 0.85)
(2.70579 2.375 0.85)
(2.70579 2.375 0.85)
(2.70579 2.375 0.85)
(2.70579 2.375 0.85)
(2.70579 2.375 0.85)
(2.70579 2.375 0.85)
(2.70579 2.375 0.85)
(2.70579 2.375 0.85)
(2.70579 2.375 0.85)
(2.70579 2.375 0.85)
(2.70579 2.375 0.85)
(2.70579 2.375 0.85)
(2.70579 2.375 0.85)
(2.70579 2.375 0.85)
(2.7058 2.375 0.85)
(2.7058 2.375 0.85)
(2.7058 2.375 0.85)
(2.7058 2.375 0.85)
(2.7058 2.375 0.85)
(2.7058 2.375 0.85)
(2.7058 2.375 0.85)
(2.7058 2.375 0.85)
(2.7058 2.375 0.85)
(2.7058 2.375 0.85)
(2.7058 2.375 0.85)
(2.7058 2.375 0.85)
(2.7058 2.375 0.85)
(2.7058 2.375 0.85)
(2.7058 2.375 0.85)
(2.7058 2.375 0.85)
(2.7058 2.375 0.85)
(2.7058 2.375 0.85)
(2.7058 2.375 0.85)
(2.7058 2.375 0.85)
(2.7058 2.375 0.85)
(2.7058 2.375 0.85)
(2.7058 2.375 0.85)
(2.7058 2.375 0.85)
(2.7058 2.375 0.85)
(2.7058 2.375 0.85)
(2.7058 2.375 0.85)
(2.7058 2.375 0.85)
(2.7058 2.375 0.85)
(2.7058 2.375 0.85)
(2.7058 2.375 0.85)
(2.7058 2.375 0.85)
(2.7058 2.375 0.85)
(2.7058 2.375 0.85)
(2.7058 2.375 0.85)
(2.7058 2.375 0.85)
(2.7058 2.375 0.85)
(2.7058 2.375 0.85)
(2.7058 2.375 0.85)
(2.7058 2.375 0.85)
(2.7058 2.375 0.85)
(2.7058 2.375 0.85)
(2.7058 2.375 0.85)
(2.7058 2.375 0.85)
(2.7058 2.375 0.85)
(2.7058 2.375 0.85)
(2.7058 2.375 0.85)
(2.7058 2.375 0.85)
(2.7058 2.375 0.85)
(2.7058 2.375 0.85)
(2.7058 2.375 0.85)
(2.7058 2.375 0.85)
(2.7058 2.375 0.85)
(2.7058 2.375 0.85)
(2.7058 2.375 0.85)
(2.7058 2.375 0.85)
(2.7058 2.375 0.85)
(2.7058 2.375 0.85)
(2.7058 2.375 0.85)
(2.7058 2.375 0.85)
(2.7058 2.375 0.85)
(2.7058 2.375 0.85)
(2.7058 2.375 0.85)
(2.7058 2.375 0.85)
(2.70581 2.375 0.85)
(2.70581 2.375 0.85)
(2.70581 2.375 0.85)
(2.70581 2.375 0.85)
(2.70581 2.375 0.85)
(2.70581 2.375 0.85)
(2.70581 2.375 0.85)
(2.70581 2.375 0.85)
(2.70581 2.375 0.85)
(2.70581 2.375 0.85)
(2.70581 2.375 0.85)
(2.70581 2.375 0.85)
(2.70581 2.375 0.85)
(2.70581 2.375 0.85)
(2.70581 2.375 0.85)
(2.70581 2.375 0.85)
(2.70581 2.375 0.85)
(2.70581 2.375 0.85)
(2.70581 2.375 0.85)
(2.70581 2.375 0.85)
(2.70581 2.375 0.85)
(2.70581 2.375 0.85)
(2.70581 2.375 0.85)
(2.70581 2.375 0.85)
(2.70581 2.375 0.85)
(2.70581 2.375 0.85)
(2.70581 2.375 0.85)
(2.70581 2.375 0.85)
(2.70581 2.375 0.85)
(2.70581 2.375 0.85)
(2.70581 2.375 0.85)
(2.70581 2.375 0.85)
(2.70582 2.375 0.85)
(2.70582 2.375 0.85)
(2.70582 2.375 0.85)
(2.70582 2.375 0.85)
(2.70582 2.375 0.85)
(2.70582 2.375 0.85)
(2.70582 2.375 0.85)
(2.70582 2.375 0.85)
(2.70582 2.375 0.85)
(2.70582 2.375 0.85)
(2.70582 2.375 0.85)
(2.70582 2.375 0.85)
(2.70582 2.375 0.85)
(2.70582 2.375 0.85)
(2.70582 2.375 0.85)
(2.70582 2.375 0.85)
(2.70582 2.375 0.85)
(2.70582 2.375 0.85)
(2.70582 2.375 0.85)
(2.70582 2.375 0.85)
(2.70582 2.375 0.85)
(2.70582 2.375 0.85)
(2.70582 2.375 0.85)
(2.70582 2.375 0.85)
(2.70582 2.375 0.85)
(2.70582 2.375 0.85)
(2.70582 2.375 0.85)
(2.70582 2.375 0.85)
(2.70582 2.375 0.85)
(2.70582 2.375 0.85)
(2.70582 2.375 0.85)
(2.70582 2.375 0.85)
(2.70582 2.375 0.85)
(2.70582 2.375 0.85)
(2.70582 2.375 0.85)
(2.70582 2.375 0.85)
(2.70582 2.375 0.85)
(2.70582 2.375 0.85)
(2.70582 2.375 0.85)
(2.70582 2.375 0.85)
(2.70582 2.375 0.85)
(2.70582 2.375 0.85)
(2.70582 2.375 0.85)
(2.70582 2.375 0.85)
(2.70582 2.375 0.85)
(2.70582 2.375 0.85)
(2.70582 2.375 0.85)
(2.70582 2.375 0.85)
(2.70582 2.375 0.85)
(2.70582 2.375 0.85)
(2.70582 2.375 0.85)
(2.70582 2.375 0.85)
(2.70582 2.375 0.85)
(2.70582 2.375 0.85)
(2.70582 2.375 0.85)
(2.70582 2.375 0.85)
(2.70582 2.375 0.85)
(2.70582 2.375 0.85)
(2.70582 2.375 0.85)
(2.70582 2.375 0.85)
(2.70582 2.375 0.85)
(2.70582 2.375 0.85)
(2.70582 2.375 0.85)
(2.70582 2.375 0.85)
(2.70583 2.375 0.85)
(2.70583 2.375 0.85)
(2.70583 2.375 0.85)
(2.70583 2.375 0.85)
(2.70583 2.375 0.85)
(2.70583 2.375 0.85)
(2.70583 2.375 0.85)
(2.70583 2.375 0.85)
(2.70583 2.375 0.85)
(2.70583 2.375 0.85)
(2.70583 2.375 0.85)
(2.70583 2.375 0.85)
(2.70583 2.375 0.85)
(2.70583 2.375 0.85)
(2.70583 2.375 0.85)
(2.70583 2.375 0.85)
(2.70583 2.375 0.85)
(2.70583 2.375 0.85)
(2.70583 2.375 0.85)
(2.70583 2.375 0.85)
(2.70583 2.375 0.85)
(2.70583 2.375 0.85)
(2.70583 2.375 0.85)
(2.70583 2.375 0.85)
(2.70583 2.375 0.85)
(2.70583 2.375 0.85)
(2.70583 2.375 0.85)
(2.70583 2.375 0.85)
(2.70583 2.375 0.85)
(2.70583 2.375 0.85)
(2.70583 2.375 0.85)
(2.70583 2.375 0.85)
(2.70583 2.375 0.85)
(2.70583 2.375 0.85)
(2.70583 2.375 0.85)
(2.70583 2.375 0.85)
(2.70583 2.375 0.85)
(2.70583 2.375 0.85)
(2.70583 2.375 0.85)
(2.70583 2.375 0.85)
(2.70583 2.375 0.85)
(2.70583 2.375 0.85)
(2.70583 2.375 0.85)
(2.70583 2.375 0.85)
(2.70583 2.375 0.85)
(2.70583 2.375 0.85)
(2.70583 2.375 0.85)
(2.70583 2.375 0.85)
(2.70583 2.375 0.85)
(2.70583 2.375 0.85)
(2.70583 2.375 0.85)
(2.70583 2.375 0.85)
(2.70583 2.375 0.85)
(2.70583 2.375 0.85)
(2.70583 2.375 0.85)
(2.70583 2.375 0.85)
(2.70583 2.375 0.85)
(2.70583 2.375 0.85)
(2.70583 2.375 0.85)
(2.70583 2.375 0.85)
(2.70583 2.375 0.85)
(2.70583 2.375 0.85)
(2.70583 2.375 0.85)
(2.70583 2.375 0.85)
(2.70584 2.375 0.85)
(2.70584 2.375 0.85)
(2.70584 2.375 0.85)
(2.70584 2.375 0.85)
(2.70584 2.375 0.85)
(2.70584 2.375 0.85)
(2.70584 2.375 0.85)
(2.70584 2.375 0.85)
(2.70584 2.375 0.85)
(2.70584 2.375 0.85)
(2.70584 2.375 0.85)
(2.70584 2.375 0.85)
(2.70584 2.375 0.85)
(2.70584 2.375 0.85)
(2.70584 2.375 0.85)
(2.70584 2.375 0.85)
(2.70584 2.375 0.85)
(2.70584 2.375 0.85)
(2.70584 2.375 0.85)
(2.70584 2.375 0.85)
(2.70584 2.375 0.85)
(2.70584 2.375 0.85)
(2.70584 2.375 0.85)
(2.70584 2.375 0.85)
(2.70584 2.375 0.85)
(2.70584 2.375 0.85)
(2.70584 2.375 0.85)
(2.70584 2.375 0.85)
(2.70584 2.375 0.85)
(2.70584 2.375 0.85)
(2.70584 2.375 0.85)
(2.70584 2.375 0.85)
(2.70585 2.375 0.85)
(2.70585 2.375 0.85)
(2.70585 2.375 0.85)
(2.70585 2.375 0.85)
(2.70585 2.375 0.85)
(2.70585 2.375 0.85)
(2.70585 2.375 0.85)
(2.70585 2.375 0.85)
(2.70585 2.375 0.85)
(2.70585 2.375 0.85)
(2.70585 2.375 0.85)
(2.70585 2.375 0.85)
(2.70585 2.375 0.85)
(2.70585 2.375 0.85)
(2.70585 2.375 0.85)
(2.70585 2.375 0.85)
(2.70585 2.375 0.85)
(2.70585 2.375 0.85)
(2.70585 2.375 0.85)
(2.70585 2.375 0.85)
(2.70585 2.375 0.85)
(2.70585 2.375 0.85)
(2.70585 2.375 0.85)
(2.70585 2.375 0.85)
(2.70585 2.375 0.85)
(2.70585 2.375 0.85)
(2.70585 2.375 0.85)
(2.70585 2.375 0.85)
(2.70585 2.375 0.85)
(2.70585 2.375 0.85)
(2.70585 2.375 0.85)
(2.70585 2.375 0.85)
(2.70585 2.375 0.85)
(2.70585 2.375 0.85)
(2.70585 2.375 0.85)
(2.70585 2.375 0.85)
(2.70585 2.375 0.85)
(2.70585 2.375 0.85)
(2.70585 2.375 0.85)
(2.70585 2.375 0.85)
(2.70585 2.375 0.85)
(2.70585 2.375 0.85)
(2.70585 2.375 0.85)
(2.70585 2.375 0.85)
(2.70585 2.375 0.85)
(2.70585 2.375 0.85)
(2.70585 2.375 0.85)
(2.70585 2.375 0.85)
(2.70585 2.375 0.85)
(2.70585 2.375 0.85)
(2.70585 2.375 0.85)
(2.70585 2.375 0.85)
(2.70585 2.375 0.85)
(2.70585 2.375 0.85)
(2.70585 2.375 0.85)
(2.70585 2.375 0.85)
(2.70585 2.375 0.85)
(2.70585 2.375 0.85)
(2.70585 2.375 0.85)
(2.70585 2.375 0.85)
(2.70585 2.375 0.85)
(2.70585 2.375 0.85)
(2.70585 2.375 0.85)
(2.70585 2.375 0.85)
(2.70586 2.375 0.85)
(2.70586 2.375 0.85)
(2.70586 2.375 0.85)
(2.70586 2.375 0.85)
(2.70586 2.375 0.85)
(2.70586 2.375 0.85)
(2.70586 2.375 0.85)
(2.70586 2.375 0.85)
(2.70586 2.375 0.85)
(2.70586 2.375 0.85)
(2.70586 2.375 0.85)
(2.70586 2.375 0.85)
(2.70586 2.375 0.85)
(2.70586 2.375 0.85)
(2.70586 2.375 0.85)
(2.70586 2.375 0.85)
(2.70586 2.375 0.85)
(2.70586 2.375 0.85)
(2.70586 2.375 0.85)
(2.70586 2.375 0.85)
(2.70586 2.375 0.85)
(2.70586 2.375 0.85)
(2.70586 2.375 0.85)
(2.70586 2.375 0.85)
(2.70586 2.375 0.85)
(2.70586 2.375 0.85)
(2.70586 2.375 0.85)
(2.70586 2.375 0.85)
(2.70586 2.375 0.85)
(2.70586 2.375 0.85)
(2.70586 2.375 0.85)
(2.70586 2.375 0.85)
(2.70587 2.375 0.85)
(2.70587 2.375 0.85)
(2.70587 2.375 0.85)
(2.70587 2.375 0.85)
(2.70587 2.375 0.85)
(2.70587 2.375 0.85)
(2.70587 2.375 0.85)
(2.70587 2.375 0.85)
(2.70587 2.375 0.85)
(2.70587 2.375 0.85)
(2.70587 2.375 0.85)
(2.70587 2.375 0.85)
(2.70587 2.375 0.85)
(2.70587 2.375 0.85)
(2.70587 2.375 0.85)
(2.70587 2.375 0.85)
(2.70587 2.375 0.85)
(2.70587 2.375 0.85)
(2.70587 2.375 0.85)
(2.70587 2.375 0.85)
(2.70587 2.375 0.85)
(2.70587 2.375 0.85)
(2.70587 2.375 0.85)
(2.70587 2.375 0.85)
(2.70587 2.375 0.85)
(2.70587 2.375 0.85)
(2.70587 2.375 0.85)
(2.70587 2.375 0.85)
(2.70587 2.375 0.85)
(2.70587 2.375 0.85)
(2.70587 2.375 0.85)
(2.70587 2.375 0.85)
(2.70587 2.375 0.85)
(2.70587 2.375 0.85)
(2.70587 2.375 0.85)
(2.70587 2.375 0.85)
(2.70587 2.375 0.85)
(2.70587 2.375 0.85)
(2.70587 2.375 0.85)
(2.70587 2.375 0.85)
(2.70587 2.375 0.85)
(2.70587 2.375 0.85)
(2.70587 2.375 0.85)
(2.70587 2.375 0.85)
(2.70587 2.375 0.85)
(2.70587 2.375 0.85)
(2.70587 2.375 0.85)
(2.70587 2.375 0.85)
(2.70587 2.375 0.85)
(2.70587 2.375 0.85)
(2.70587 2.375 0.85)
(2.70587 2.375 0.85)
(2.70587 2.375 0.85)
(2.70587 2.375 0.85)
(2.70587 2.375 0.85)
(2.70587 2.375 0.85)
(2.70587 2.375 0.85)
(2.70587 2.375 0.85)
(2.70587 2.375 0.85)
(2.70587 2.375 0.85)
(2.70587 2.375 0.85)
(2.70587 2.375 0.85)
(2.70587 2.375 0.85)
(2.70587 2.375 0.85)
(2.70588 2.375 0.85)
(2.70588 2.375 0.85)
(2.70588 2.375 0.85)
(2.70588 2.375 0.85)
(2.70588 2.375 0.85)
(2.70588 2.375 0.85)
(2.70588 2.375 0.85)
(2.70588 2.375 0.85)
(2.70588 2.375 0.85)
(2.70588 2.375 0.85)
(2.70588 2.375 0.85)
(2.70588 2.375 0.85)
(2.70588 2.375 0.85)
(2.70588 2.375 0.85)
(2.70588 2.375 0.85)
(2.70588 2.375 0.85)
(2.70588 2.375 0.85)
(2.70588 2.375 0.85)
(2.70588 2.375 0.85)
(2.70588 2.375 0.85)
(2.70588 2.375 0.85)
(2.70588 2.375 0.85)
(2.70588 2.375 0.85)
(2.70588 2.375 0.85)
(2.70588 2.375 0.85)
(2.70588 2.375 0.85)
(2.70588 2.375 0.85)
(2.70588 2.375 0.85)
(2.70588 2.375 0.85)
(2.70588 2.375 0.85)
(2.70588 2.375 0.85)
(2.70588 2.375 0.85)
(2.70588 2.375 0.85)
(2.70588 2.375 0.85)
(2.70588 2.375 0.85)
(2.70588 2.375 0.85)
(2.70588 2.375 0.85)
(2.70588 2.375 0.85)
(2.70588 2.375 0.85)
(2.70588 2.375 0.85)
(2.70588 2.375 0.85)
(2.70588 2.375 0.85)
(2.70588 2.375 0.85)
(2.70588 2.375 0.85)
(2.70588 2.375 0.85)
(2.70588 2.375 0.85)
(2.70588 2.375 0.85)
(2.70588 2.375 0.85)
(2.70588 2.375 0.85)
(2.70588 2.375 0.85)
(2.70588 2.375 0.85)
(2.70588 2.375 0.85)
(2.70588 2.375 0.85)
(2.70588 2.375 0.85)
(2.70588 2.375 0.85)
(2.70588 2.375 0.85)
(2.70588 2.375 0.85)
(2.70588 2.375 0.85)
(2.70588 2.375 0.85)
(2.70588 2.375 0.85)
(2.70588 2.375 0.85)
(2.70588 2.375 0.85)
(2.70588 2.375 0.85)
(2.70588 2.375 0.85)
(2.70589 2.375 0.85)
(2.70589 2.375 0.85)
(2.70589 2.375 0.85)
(2.70589 2.375 0.85)
(2.70589 2.375 0.85)
(2.70589 2.375 0.85)
(2.70589 2.375 0.85)
(2.70589 2.375 0.85)
(2.70589 2.375 0.85)
(2.70589 2.375 0.85)
(2.70589 2.375 0.85)
(2.70589 2.375 0.85)
(2.70589 2.375 0.85)
(2.70589 2.375 0.85)
(2.70589 2.375 0.85)
(2.70589 2.375 0.85)
(2.70589 2.375 0.85)
(2.70589 2.375 0.85)
(2.70589 2.375 0.85)
(2.70589 2.375 0.85)
(2.70589 2.375 0.85)
(2.70589 2.375 0.85)
(2.70589 2.375 0.85)
(2.70589 2.375 0.85)
(2.70589 2.375 0.85)
(2.70589 2.375 0.85)
(2.70589 2.375 0.85)
(2.70589 2.375 0.85)
(2.70589 2.375 0.85)
(2.70589 2.375 0.85)
(2.70589 2.375 0.85)
(2.70589 2.375 0.85)
(2.7059 2.375 0.85)
(2.7059 2.375 0.85)
(2.7059 2.375 0.85)
(2.7059 2.375 0.85)
(2.7059 2.375 0.85)
(2.7059 2.375 0.85)
(2.7059 2.375 0.85)
(2.7059 2.375 0.85)
(2.7059 2.375 0.85)
(2.7059 2.375 0.85)
(2.7059 2.375 0.85)
(2.7059 2.375 0.85)
(2.7059 2.375 0.85)
(2.7059 2.375 0.85)
(2.7059 2.375 0.85)
(2.7059 2.375 0.85)
(2.7059 2.375 0.85)
(2.7059 2.375 0.85)
(2.7059 2.375 0.85)
(2.7059 2.375 0.85)
(2.7059 2.375 0.85)
(2.7059 2.375 0.85)
(2.7059 2.375 0.85)
(2.7059 2.375 0.85)
(2.7059 2.375 0.85)
(2.7059 2.375 0.85)
(2.7059 2.375 0.85)
(2.7059 2.375 0.85)
(2.7059 2.375 0.85)
(2.7059 2.375 0.85)
(2.7059 2.375 0.85)
(2.7059 2.375 0.85)
(2.7059 2.375 0.85)
(2.7059 2.375 0.85)
(2.7059 2.375 0.85)
(2.7059 2.375 0.85)
(2.7059 2.375 0.85)
(2.7059 2.375 0.85)
(2.7059 2.375 0.85)
(2.7059 2.375 0.85)
(2.7059 2.375 0.85)
(2.7059 2.375 0.85)
(2.7059 2.375 0.85)
(2.7059 2.375 0.85)
(2.7059 2.375 0.85)
(2.7059 2.375 0.85)
(2.7059 2.375 0.85)
(2.7059 2.375 0.85)
(2.7059 2.375 0.85)
(2.7059 2.375 0.85)
(2.7059 2.375 0.85)
(2.7059 2.375 0.85)
(2.7059 2.375 0.85)
(2.7059 2.375 0.85)
(2.7059 2.375 0.85)
(2.7059 2.375 0.85)
(2.7059 2.375 0.85)
(2.7059 2.375 0.85)
(2.7059 2.375 0.85)
(2.7059 2.375 0.85)
(2.7059 2.375 0.85)
(2.7059 2.375 0.85)
(2.7059 2.375 0.85)
(2.7059 2.375 0.85)
(2.70591 2.375 0.85)
(2.70591 2.375 0.85)
(2.70591 2.375 0.85)
(2.70591 2.375 0.85)
(2.70591 2.375 0.85)
(2.70591 2.375 0.85)
(2.70591 2.375 0.85)
(2.70591 2.375 0.85)
(2.70591 2.375 0.85)
(2.70591 2.375 0.85)
(2.70591 2.375 0.85)
(2.70591 2.375 0.85)
(2.70591 2.375 0.85)
(2.70591 2.375 0.85)
(2.70591 2.375 0.85)
(2.70591 2.375 0.85)
(2.70591 2.375 0.85)
(2.70591 2.375 0.85)
(2.70591 2.375 0.85)
(2.70591 2.375 0.85)
(2.70591 2.375 0.85)
(2.70591 2.375 0.85)
(2.70591 2.375 0.85)
(2.70591 2.375 0.85)
(2.70591 2.375 0.85)
(2.70591 2.375 0.85)
(2.70591 2.375 0.85)
(2.70591 2.375 0.85)
(2.70591 2.375 0.85)
(2.70591 2.375 0.85)
(2.70591 2.375 0.85)
(2.70591 2.375 0.85)
(2.70592 2.375 0.85)
(2.70592 2.375 0.85)
(2.70592 2.375 0.85)
(2.70592 2.375 0.85)
(2.70592 2.375 0.85)
(2.70592 2.375 0.85)
(2.70592 2.375 0.85)
(2.70592 2.375 0.85)
(2.70592 2.375 0.85)
(2.70592 2.375 0.85)
(2.70592 2.375 0.85)
(2.70592 2.375 0.85)
(2.70592 2.375 0.85)
(2.70592 2.375 0.85)
(2.70592 2.375 0.85)
(2.70592 2.375 0.85)
(2.70592 2.375 0.85)
(2.70592 2.375 0.85)
(2.70592 2.375 0.85)
(2.70592 2.375 0.85)
(2.70592 2.375 0.85)
(2.70592 2.375 0.85)
(2.70592 2.375 0.85)
(2.70592 2.375 0.85)
(2.70592 2.375 0.85)
(2.70592 2.375 0.85)
(2.70592 2.375 0.85)
(2.70592 2.375 0.85)
(2.70592 2.375 0.85)
(2.70592 2.375 0.85)
(2.70592 2.375 0.85)
(2.70592 2.375 0.85)
(2.70592 2.375 0.85)
(2.70592 2.375 0.85)
(2.70592 2.375 0.85)
(2.70592 2.375 0.85)
(2.70592 2.375 0.85)
(2.70592 2.375 0.85)
(2.70592 2.375 0.85)
(2.70592 2.375 0.85)
(2.70592 2.375 0.85)
(2.70592 2.375 0.85)
(2.70592 2.375 0.85)
(2.70592 2.375 0.85)
(2.70592 2.375 0.85)
(2.70592 2.375 0.85)
(2.70592 2.375 0.85)
(2.70592 2.375 0.85)
(2.70592 2.375 0.85)
(2.70592 2.375 0.85)
(2.70592 2.375 0.85)
(2.70592 2.375 0.85)
(2.70592 2.375 0.85)
(2.70592 2.375 0.85)
(2.70592 2.375 0.85)
(2.70592 2.375 0.85)
(2.70592 2.375 0.85)
(2.70592 2.375 0.85)
(2.70592 2.375 0.85)
(2.70592 2.375 0.85)
(2.70592 2.375 0.85)
(2.70592 2.375 0.85)
(2.70592 2.375 0.85)
(2.70592 2.375 0.85)
(2.70593 2.375 0.85)
(2.70593 2.375 0.85)
(2.70593 2.375 0.85)
(2.70593 2.375 0.85)
(2.70593 2.375 0.85)
(2.70593 2.375 0.85)
(2.70593 2.375 0.85)
(2.70593 2.375 0.85)
(2.70593 2.375 0.85)
(2.70593 2.375 0.85)
(2.70593 2.375 0.85)
(2.70593 2.375 0.85)
(2.70593 2.375 0.85)
(2.70593 2.375 0.85)
(2.70593 2.375 0.85)
(2.70593 2.375 0.85)
(2.70593 2.375 0.85)
(2.70593 2.375 0.85)
(2.70593 2.375 0.85)
(2.70593 2.375 0.85)
(2.70593 2.375 0.85)
(2.70593 2.375 0.85)
(2.70593 2.375 0.85)
(2.70593 2.375 0.85)
(2.70593 2.375 0.85)
(2.70593 2.375 0.85)
(2.70593 2.375 0.85)
(2.70593 2.375 0.85)
(2.70593 2.375 0.85)
(2.70593 2.375 0.85)
(2.70593 2.375 0.85)
(2.70593 2.375 0.85)
(2.70594 2.375 0.85)
(2.70594 2.375 0.85)
(2.70594 2.375 0.85)
(2.70594 2.375 0.85)
(2.70594 2.375 0.85)
(2.70594 2.375 0.85)
(2.70594 2.375 0.85)
(2.70594 2.375 0.85)
(2.70594 2.375 0.85)
(2.70594 2.375 0.85)
(2.70594 2.375 0.85)
(2.70594 2.375 0.85)
(2.70594 2.375 0.85)
(2.70594 2.375 0.85)
(2.70594 2.375 0.85)
(2.70594 2.375 0.85)
(2.70594 2.375 0.85)
(2.70594 2.375 0.85)
(2.70594 2.375 0.85)
(2.70594 2.375 0.85)
(2.70594 2.375 0.85)
(2.70594 2.375 0.85)
(2.70594 2.375 0.85)
(2.70594 2.375 0.85)
(2.70594 2.375 0.85)
(2.70594 2.375 0.85)
(2.70594 2.375 0.85)
(2.70594 2.375 0.85)
(2.70594 2.375 0.85)
(2.70594 2.375 0.85)
(2.70594 2.375 0.85)
(2.70594 2.375 0.85)
(2.70594 2.375 0.85)
(2.70594 2.375 0.85)
(2.70594 2.375 0.85)
(2.70594 2.375 0.85)
(2.70594 2.375 0.85)
(2.70594 2.375 0.85)
(2.70594 2.375 0.85)
(2.70594 2.375 0.85)
(2.70594 2.375 0.85)
(2.70594 2.375 0.85)
(2.70594 2.375 0.85)
(2.70594 2.375 0.85)
(2.70594 2.375 0.85)
(2.70594 2.375 0.85)
(2.70594 2.375 0.85)
(2.70594 2.375 0.85)
(2.70594 2.375 0.85)
(2.70594 2.375 0.85)
(2.70594 2.375 0.85)
(2.70594 2.375 0.85)
(2.70594 2.375 0.85)
(2.70594 2.375 0.85)
(2.70594 2.375 0.85)
(2.70594 2.375 0.85)
(2.70594 2.375 0.85)
(2.70594 2.375 0.85)
(2.70594 2.375 0.85)
(2.70594 2.375 0.85)
(2.70594 2.375 0.85)
(2.70594 2.375 0.85)
(2.70594 2.375 0.85)
(2.70594 2.375 0.85)
(2.70595 2.375 0.85)
(2.70595 2.375 0.85)
(2.70595 2.375 0.85)
(2.70595 2.375 0.85)
(2.70595 2.375 0.85)
(2.70595 2.375 0.85)
(2.70595 2.375 0.85)
(2.70595 2.375 0.85)
(2.70595 2.375 0.85)
(2.70595 2.375 0.85)
(2.70595 2.375 0.85)
(2.70595 2.375 0.85)
(2.70595 2.375 0.85)
(2.70595 2.375 0.85)
(2.70595 2.375 0.85)
(2.70595 2.375 0.85)
(2.70595 2.375 0.85)
(2.70595 2.375 0.85)
(2.70595 2.375 0.85)
(2.70595 2.375 0.85)
(2.70595 2.375 0.85)
(2.70595 2.375 0.85)
(2.70595 2.375 0.85)
(2.70595 2.375 0.85)
(2.70595 2.375 0.85)
(2.70595 2.375 0.85)
(2.70595 2.375 0.85)
(2.70595 2.375 0.85)
(2.70595 2.375 0.85)
(2.70595 2.375 0.85)
(2.70595 2.375 0.85)
(2.70595 2.375 0.85)
(2.70595 2.375 0.85)
(2.70595 2.375 0.85)
(2.70595 2.375 0.85)
(2.70595 2.375 0.85)
(2.70595 2.375 0.85)
(2.70595 2.375 0.85)
(2.70595 2.375 0.85)
(2.70595 2.375 0.85)
(2.70595 2.375 0.85)
(2.70595 2.375 0.85)
(2.70595 2.375 0.85)
(2.70595 2.375 0.85)
(2.70595 2.375 0.85)
(2.70595 2.375 0.85)
(2.70595 2.375 0.85)
(2.70595 2.375 0.85)
(2.70595 2.375 0.85)
(2.70595 2.375 0.85)
(2.70595 2.375 0.85)
(2.70595 2.375 0.85)
(2.70595 2.375 0.85)
(2.70595 2.375 0.85)
(2.70595 2.375 0.85)
(2.70595 2.375 0.85)
(2.70595 2.375 0.85)
(2.70595 2.375 0.85)
(2.70595 2.375 0.85)
(2.70595 2.375 0.85)
(2.70595 2.375 0.85)
(2.70595 2.375 0.85)
(2.70595 2.375 0.85)
(2.70595 2.375 0.85)
(2.70596 2.375 0.85)
(2.70596 2.375 0.85)
(2.70596 2.375 0.85)
(2.70596 2.375 0.85)
(2.70596 2.375 0.85)
(2.70596 2.375 0.85)
(2.70596 2.375 0.85)
(2.70596 2.375 0.85)
(2.70596 2.375 0.85)
(2.70596 2.375 0.85)
(2.70596 2.375 0.85)
(2.70596 2.375 0.85)
(2.70596 2.375 0.85)
(2.70596 2.375 0.85)
(2.70596 2.375 0.85)
(2.70596 2.375 0.85)
(2.70596 2.375 0.85)
(2.70596 2.375 0.85)
(2.70596 2.375 0.85)
(2.70596 2.375 0.85)
(2.70596 2.375 0.85)
(2.70596 2.375 0.85)
(2.70596 2.375 0.85)
(2.70596 2.375 0.85)
(2.70596 2.375 0.85)
(2.70596 2.375 0.85)
(2.70596 2.375 0.85)
(2.70596 2.375 0.85)
(2.70596 2.375 0.85)
(2.70596 2.375 0.85)
(2.70596 2.375 0.85)
(2.70596 2.375 0.85)
(2.70597 2.375 0.85)
(2.70597 2.375 0.85)
(2.70597 2.375 0.85)
(2.70597 2.375 0.85)
(2.70597 2.375 0.85)
(2.70597 2.375 0.85)
(2.70597 2.375 0.85)
(2.70597 2.375 0.85)
(2.70597 2.375 0.85)
(2.70597 2.375 0.85)
(2.70597 2.375 0.85)
(2.70597 2.375 0.85)
(2.70597 2.375 0.85)
(2.70597 2.375 0.85)
(2.70597 2.375 0.85)
(2.70597 2.375 0.85)
(2.70597 2.375 0.85)
(2.70597 2.375 0.85)
(2.70597 2.375 0.85)
(2.70597 2.375 0.85)
(2.70597 2.375 0.85)
(2.70597 2.375 0.85)
(2.70597 2.375 0.85)
(2.70597 2.375 0.85)
(2.70597 2.375 0.85)
(2.70597 2.375 0.85)
(2.70597 2.375 0.85)
(2.70597 2.375 0.85)
(2.70597 2.375 0.85)
(2.70597 2.375 0.85)
(2.70597 2.375 0.85)
(2.70597 2.375 0.85)
(2.70597 2.375 0.85)
(2.70597 2.375 0.85)
(2.70597 2.375 0.85)
(2.70597 2.375 0.85)
(2.70597 2.375 0.85)
(2.70597 2.375 0.85)
(2.70597 2.375 0.85)
(2.70597 2.375 0.85)
(2.70597 2.375 0.85)
(2.70597 2.375 0.85)
(2.70597 2.375 0.85)
(2.70597 2.375 0.85)
(2.70597 2.375 0.85)
(2.70597 2.375 0.85)
(2.70597 2.375 0.85)
(2.70597 2.375 0.85)
(2.70597 2.375 0.85)
(2.70597 2.375 0.85)
(2.70597 2.375 0.85)
(2.70597 2.375 0.85)
(2.70597 2.375 0.85)
(2.70597 2.375 0.85)
(2.70597 2.375 0.85)
(2.70597 2.375 0.85)
(2.70597 2.375 0.85)
(2.70597 2.375 0.85)
(2.70597 2.375 0.85)
(2.70597 2.375 0.85)
(2.70597 2.375 0.85)
(2.70597 2.375 0.85)
(2.70597 2.375 0.85)
(2.70597 2.375 0.85)
(2.70598 2.375 0.85)
(2.70598 2.375 0.85)
(2.70598 2.375 0.85)
(2.70598 2.375 0.85)
(2.70598 2.375 0.85)
(2.70598 2.375 0.85)
(2.70598 2.375 0.85)
(2.70598 2.375 0.85)
(2.70598 2.375 0.85)
(2.70598 2.375 0.85)
(2.70598 2.375 0.85)
(2.70598 2.375 0.85)
(2.70598 2.375 0.85)
(2.70598 2.375 0.85)
(2.70598 2.375 0.85)
(2.70598 2.375 0.85)
(2.70598 2.375 0.85)
(2.70598 2.375 0.85)
(2.70598 2.375 0.85)
(2.70598 2.375 0.85)
(2.70598 2.375 0.85)
(2.70598 2.375 0.85)
(2.70598 2.375 0.85)
(2.70598 2.375 0.85)
(2.70598 2.375 0.85)
(2.70598 2.375 0.85)
(2.70598 2.375 0.85)
(2.70598 2.375 0.85)
(2.70598 2.375 0.85)
(2.70598 2.375 0.85)
(2.70598 2.375 0.85)
(2.70598 2.375 0.85)
(2.70599 2.375 0.85)
(2.70599 2.375 0.85)
(2.70599 2.375 0.85)
(2.70599 2.375 0.85)
(2.70599 2.375 0.85)
(2.70599 2.375 0.85)
(2.70599 2.375 0.85)
(2.70599 2.375 0.85)
(2.70599 2.375 0.85)
(2.70599 2.375 0.85)
(2.70599 2.375 0.85)
(2.70599 2.375 0.85)
(2.70599 2.375 0.85)
(2.70599 2.375 0.85)
(2.70599 2.375 0.85)
(2.70599 2.375 0.85)
(2.70599 2.375 0.85)
(2.70599 2.375 0.85)
(2.70599 2.375 0.85)
(2.70599 2.375 0.85)
(2.70599 2.375 0.85)
(2.70599 2.375 0.85)
(2.70599 2.375 0.85)
(2.70599 2.375 0.85)
(2.70599 2.375 0.85)
(2.70599 2.375 0.85)
(2.70599 2.375 0.85)
(2.70599 2.375 0.85)
(2.70599 2.375 0.85)
(2.70599 2.375 0.85)
(2.70599 2.375 0.85)
(2.70599 2.375 0.85)
(2.70599 2.375 0.85)
(2.70599 2.375 0.85)
(2.70599 2.375 0.85)
(2.70599 2.375 0.85)
(2.70599 2.375 0.85)
(2.70599 2.375 0.85)
(2.70599 2.375 0.85)
(2.70599 2.375 0.85)
(2.70599 2.375 0.85)
(2.70599 2.375 0.85)
(2.70599 2.375 0.85)
(2.70599 2.375 0.85)
(2.70599 2.375 0.85)
(2.70599 2.375 0.85)
(2.70599 2.375 0.85)
(2.70599 2.375 0.85)
(2.70599 2.375 0.85)
(2.70599 2.375 0.85)
(2.70599 2.375 0.85)
(2.70599 2.375 0.85)
(2.70599 2.375 0.85)
(2.70599 2.375 0.85)
(2.70599 2.375 0.85)
(2.70599 2.375 0.85)
(2.70599 2.375 0.85)
(2.70599 2.375 0.85)
(2.70599 2.375 0.85)
(2.70599 2.375 0.85)
(2.70599 2.375 0.85)
(2.70599 2.375 0.85)
(2.70599 2.375 0.85)
(2.70599 2.375 0.85)
(2.706 2.375 0.85)
(2.706 2.375 0.85)
(2.706 2.375 0.85)
(2.706 2.375 0.85)
(2.706 2.375 0.85)
(2.706 2.375 0.85)
(2.706 2.375 0.85)
(2.706 2.375 0.85)
(2.706 2.375 0.85)
(2.706 2.375 0.85)
(2.706 2.375 0.85)
(2.706 2.375 0.85)
(2.706 2.375 0.85)
(2.706 2.375 0.85)
(2.706 2.375 0.85)
(2.706 2.375 0.85)
(2.706 2.375 0.85)
(2.706 2.375 0.85)
(2.706 2.375 0.85)
(2.706 2.375 0.85)
(2.706 2.375 0.85)
(2.706 2.375 0.85)
(2.706 2.375 0.85)
(2.706 2.375 0.85)
(2.706 2.375 0.85)
(2.706 2.375 0.85)
(2.706 2.375 0.85)
(2.706 2.375 0.85)
(2.706 2.375 0.85)
(2.706 2.375 0.85)
(2.706 2.375 0.85)
(2.706 2.375 0.85)
(2.706 2.375 0.85)
(2.706 2.375 0.85)
(2.706 2.375 0.85)
(2.706 2.375 0.85)
(2.706 2.375 0.85)
(2.706 2.375 0.85)
(2.706 2.375 0.85)
(2.706 2.375 0.85)
(2.706 2.375 0.85)
(2.706 2.375 0.85)
(2.706 2.375 0.85)
(2.706 2.375 0.85)
(2.706 2.375 0.85)
(2.706 2.375 0.85)
(2.706 2.375 0.85)
(2.706 2.375 0.85)
(2.706 2.375 0.85)
(2.706 2.375 0.85)
(2.706 2.375 0.85)
(2.706 2.375 0.85)
(2.706 2.375 0.85)
(2.706 2.375 0.85)
(2.706 2.375 0.85)
(2.706 2.375 0.85)
(2.706 2.375 0.85)
(2.706 2.375 0.85)
(2.706 2.375 0.85)
(2.706 2.375 0.85)
(2.706 2.375 0.85)
(2.706 2.375 0.85)
(2.706 2.375 0.85)
(2.706 2.375 0.85)
(2.70601 2.375 0.85)
(2.70601 2.375 0.85)
(2.70601 2.375 0.85)
(2.70601 2.375 0.85)
(2.70601 2.375 0.85)
(2.70601 2.375 0.85)
(2.70601 2.375 0.85)
(2.70601 2.375 0.85)
(2.70601 2.375 0.85)
(2.70601 2.375 0.85)
(2.70601 2.375 0.85)
(2.70601 2.375 0.85)
(2.70601 2.375 0.85)
(2.70601 2.375 0.85)
(2.70601 2.375 0.85)
(2.70601 2.375 0.85)
(2.70601 2.375 0.85)
(2.70601 2.375 0.85)
(2.70601 2.375 0.85)
(2.70601 2.375 0.85)
(2.70601 2.375 0.85)
(2.70601 2.375 0.85)
(2.70601 2.375 0.85)
(2.70601 2.375 0.85)
(2.70601 2.375 0.85)
(2.70601 2.375 0.85)
(2.70601 2.375 0.85)
(2.70601 2.375 0.85)
(2.70601 2.375 0.85)
(2.70601 2.375 0.85)
(2.70601 2.375 0.85)
(2.70601 2.375 0.85)
(2.70602 2.375 0.85)
(2.70602 2.375 0.85)
(2.70602 2.375 0.85)
(2.70602 2.375 0.85)
(2.70602 2.375 0.85)
(2.70602 2.375 0.85)
(2.70602 2.375 0.85)
(2.70602 2.375 0.85)
(2.70602 2.375 0.85)
(2.70602 2.375 0.85)
(2.70602 2.375 0.85)
(2.70602 2.375 0.85)
(2.70602 2.375 0.85)
(2.70602 2.375 0.85)
(2.70602 2.375 0.85)
(2.70602 2.375 0.85)
(2.70602 2.375 0.85)
(2.70602 2.375 0.85)
(2.70602 2.375 0.85)
(2.70602 2.375 0.85)
(2.70602 2.375 0.85)
(2.70602 2.375 0.85)
(2.70602 2.375 0.85)
(2.70602 2.375 0.85)
(2.70602 2.375 0.85)
(2.70602 2.375 0.85)
(2.70602 2.375 0.85)
(2.70602 2.375 0.85)
(2.70602 2.375 0.85)
(2.70602 2.375 0.85)
(2.70602 2.375 0.85)
(2.70602 2.375 0.85)
(2.70602 2.375 0.85)
(2.70602 2.375 0.85)
(2.70602 2.375 0.85)
(2.70602 2.375 0.85)
(2.70602 2.375 0.85)
(2.70602 2.375 0.85)
(2.70602 2.375 0.85)
(2.70602 2.375 0.85)
(2.70602 2.375 0.85)
(2.70602 2.375 0.85)
(2.70602 2.375 0.85)
(2.70602 2.375 0.85)
(2.70602 2.375 0.85)
(2.70602 2.375 0.85)
(2.70602 2.375 0.85)
(2.70602 2.375 0.85)
(2.70602 2.375 0.85)
(2.70602 2.375 0.85)
(2.70602 2.375 0.85)
(2.70602 2.375 0.85)
(2.70602 2.375 0.85)
(2.70602 2.375 0.85)
(2.70602 2.375 0.85)
(2.70602 2.375 0.85)
(2.70602 2.375 0.85)
(2.70602 2.375 0.85)
(2.70602 2.375 0.85)
(2.70602 2.375 0.85)
(2.70602 2.375 0.85)
(2.70602 2.375 0.85)
(2.70602 2.375 0.85)
(2.70602 2.375 0.85)
(2.70603 2.375 0.85)
(2.70603 2.375 0.85)
(2.70603 2.375 0.85)
(2.70603 2.375 0.85)
(2.70603 2.375 0.85)
(2.70603 2.375 0.85)
(2.70603 2.375 0.85)
(2.70603 2.375 0.85)
(2.70603 2.375 0.85)
(2.70603 2.375 0.85)
(2.70603 2.375 0.85)
(2.70603 2.375 0.85)
(2.70603 2.375 0.85)
(2.70603 2.375 0.85)
(2.70603 2.375 0.85)
(2.70603 2.375 0.85)
(2.70603 2.375 0.85)
(2.70603 2.375 0.85)
(2.70603 2.375 0.85)
(2.70603 2.375 0.85)
(2.70603 2.375 0.85)
(2.70603 2.375 0.85)
(2.70603 2.375 0.85)
(2.70603 2.375 0.85)
(2.70603 2.375 0.85)
(2.70603 2.375 0.85)
(2.70603 2.375 0.85)
(2.70603 2.375 0.85)
(2.70603 2.375 0.85)
(2.70603 2.375 0.85)
(2.70603 2.375 0.85)
(2.70603 2.375 0.85)
(2.70604 2.375 0.85)
(2.70604 2.375 0.85)
(2.70604 2.375 0.85)
(2.70604 2.375 0.85)
(2.70604 2.375 0.85)
(2.70604 2.375 0.85)
(2.70604 2.375 0.85)
(2.70604 2.375 0.85)
(2.70604 2.375 0.85)
(2.70604 2.375 0.85)
(2.70604 2.375 0.85)
(2.70604 2.375 0.85)
(2.70604 2.375 0.85)
(2.70604 2.375 0.85)
(2.70604 2.375 0.85)
(2.70604 2.375 0.85)
(2.70604 2.375 0.85)
(2.70604 2.375 0.85)
(2.70604 2.375 0.85)
(2.70604 2.375 0.85)
(2.70604 2.375 0.85)
(2.70604 2.375 0.85)
(2.70604 2.375 0.85)
(2.70604 2.375 0.85)
(2.70604 2.375 0.85)
(2.70604 2.375 0.85)
(2.70604 2.375 0.85)
(2.70604 2.375 0.85)
(2.70604 2.375 0.85)
(2.70604 2.375 0.85)
(2.70604 2.375 0.85)
(2.70604 2.375 0.85)
(2.70604 2.375 0.85)
(2.70604 2.375 0.85)
(2.70604 2.375 0.85)
(2.70604 2.375 0.85)
(2.70604 2.375 0.85)
(2.70604 2.375 0.85)
(2.70604 2.375 0.85)
(2.70604 2.375 0.85)
(2.70604 2.375 0.85)
(2.70604 2.375 0.85)
(2.70604 2.375 0.85)
(2.70604 2.375 0.85)
(2.70604 2.375 0.85)
(2.70604 2.375 0.85)
(2.70604 2.375 0.85)
(2.70604 2.375 0.85)
(2.70604 2.375 0.85)
(2.70604 2.375 0.85)
(2.70604 2.375 0.85)
(2.70604 2.375 0.85)
(2.70604 2.375 0.85)
(2.70604 2.375 0.85)
(2.70604 2.375 0.85)
(2.70604 2.375 0.85)
(2.70604 2.375 0.85)
(2.70604 2.375 0.85)
(2.70604 2.375 0.85)
(2.70604 2.375 0.85)
(2.70604 2.375 0.85)
(2.70604 2.375 0.85)
(2.70604 2.375 0.85)
(2.70604 2.375 0.85)
(2.70605 2.375 0.85)
(2.70605 2.375 0.85)
(2.70605 2.375 0.85)
(2.70605 2.375 0.85)
(2.70605 2.375 0.85)
(2.70605 2.375 0.85)
(2.70605 2.375 0.85)
(2.70605 2.375 0.85)
(2.70605 2.375 0.85)
(2.70605 2.375 0.85)
(2.70605 2.375 0.85)
(2.70605 2.375 0.85)
(2.70605 2.375 0.85)
(2.70605 2.375 0.85)
(2.70605 2.375 0.85)
(2.70605 2.375 0.85)
(2.70605 2.375 0.85)
(2.70605 2.375 0.85)
(2.70605 2.375 0.85)
(2.70605 2.375 0.85)
(2.70605 2.375 0.85)
(2.70605 2.375 0.85)
(2.70605 2.375 0.85)
(2.70605 2.375 0.85)
(2.70605 2.375 0.85)
(2.70605 2.375 0.85)
(2.70605 2.375 0.85)
(2.70605 2.375 0.85)
(2.70605 2.375 0.85)
(2.70605 2.375 0.85)
(2.70605 2.375 0.85)
(2.70605 2.375 0.85)
(2.70606 2.375 0.85)
(2.70606 2.375 0.85)
(2.70606 2.375 0.85)
(2.70606 2.375 0.85)
(2.70606 2.375 0.85)
(2.70606 2.375 0.85)
(2.70606 2.375 0.85)
(2.70606 2.375 0.85)
(2.70606 2.375 0.85)
(2.70606 2.375 0.85)
(2.70606 2.375 0.85)
(2.70606 2.375 0.85)
(2.70606 2.375 0.85)
(2.70606 2.375 0.85)
(2.70606 2.375 0.85)
(2.70606 2.375 0.85)
(2.70606 2.375 0.85)
(2.70606 2.375 0.85)
(2.70606 2.375 0.85)
(2.70606 2.375 0.85)
(2.70606 2.375 0.85)
(2.70606 2.375 0.85)
(2.70606 2.375 0.85)
(2.70606 2.375 0.85)
(2.70606 2.375 0.85)
(2.70606 2.375 0.85)
(2.70606 2.375 0.85)
(2.70606 2.375 0.85)
(2.70606 2.375 0.85)
(2.70606 2.375 0.85)
(2.70606 2.375 0.85)
(2.70606 2.375 0.85)
(2.70606 2.375 0.85)
(2.70606 2.375 0.85)
(2.70606 2.375 0.85)
(2.70606 2.375 0.85)
(2.70606 2.375 0.85)
(2.70606 2.375 0.85)
(2.70606 2.375 0.85)
(2.70606 2.375 0.85)
(2.70606 2.375 0.85)
(2.70606 2.375 0.85)
(2.70606 2.375 0.85)
(2.70606 2.375 0.85)
(2.70606 2.375 0.85)
(2.70606 2.375 0.85)
(2.70606 2.375 0.85)
(2.70606 2.375 0.85)
(2.70606 2.375 0.85)
(2.70606 2.375 0.85)
(2.70606 2.375 0.85)
(2.70606 2.375 0.85)
(2.70606 2.375 0.85)
(2.70606 2.375 0.85)
(2.70606 2.375 0.85)
(2.70606 2.375 0.85)
(2.70606 2.375 0.85)
(2.70606 2.375 0.85)
(2.70606 2.375 0.85)
(2.70606 2.375 0.85)
(2.70606 2.375 0.85)
(2.70606 2.375 0.85)
(2.70606 2.375 0.85)
(2.70606 2.375 0.85)
(2.70607 2.375 0.85)
(2.70607 2.375 0.85)
(2.70607 2.375 0.85)
(2.70607 2.375 0.85)
(2.70607 2.375 0.85)
(2.70607 2.375 0.85)
(2.70607 2.375 0.85)
(2.70607 2.375 0.85)
(2.70607 2.375 0.85)
(2.70607 2.375 0.85)
(2.70607 2.375 0.85)
(2.70607 2.375 0.85)
(2.70607 2.375 0.85)
(2.70607 2.375 0.85)
(2.70607 2.375 0.85)
(2.70607 2.375 0.85)
(2.70607 2.375 0.85)
(2.70607 2.375 0.85)
(2.70607 2.375 0.85)
(2.70607 2.375 0.85)
(2.70607 2.375 0.85)
(2.70607 2.375 0.85)
(2.70607 2.375 0.85)
(2.70607 2.375 0.85)
(2.70607 2.375 0.85)
(2.70607 2.375 0.85)
(2.70607 2.375 0.85)
(2.70607 2.375 0.85)
(2.70607 2.375 0.85)
(2.70607 2.375 0.85)
(2.70607 2.375 0.85)
(2.70607 2.375 0.85)
(2.70607 2.375 0.85)
(2.70607 2.375 0.85)
(2.70607 2.375 0.85)
(2.70607 2.375 0.85)
(2.70607 2.375 0.85)
(2.70607 2.375 0.85)
(2.70607 2.375 0.85)
(2.70607 2.375 0.85)
(2.70607 2.375 0.85)
(2.70607 2.375 0.85)
(2.70607 2.375 0.85)
(2.70607 2.375 0.85)
(2.70607 2.375 0.85)
(2.70607 2.375 0.85)
(2.70607 2.375 0.85)
(2.70607 2.375 0.85)
(2.70607 2.375 0.85)
(2.70607 2.375 0.85)
(2.70607 2.375 0.85)
(2.70607 2.375 0.85)
(2.70607 2.375 0.85)
(2.70607 2.375 0.85)
(2.70607 2.375 0.85)
(2.70607 2.375 0.85)
(2.70607 2.375 0.85)
(2.70607 2.375 0.85)
(2.70607 2.375 0.85)
(2.70607 2.375 0.85)
(2.70607 2.375 0.85)
(2.70607 2.375 0.85)
(2.70607 2.375 0.85)
(2.70607 2.375 0.85)
(2.70608 2.375 0.85)
(2.70608 2.375 0.85)
(2.70608 2.375 0.85)
(2.70608 2.375 0.85)
(2.70608 2.375 0.85)
(2.70608 2.375 0.85)
(2.70608 2.375 0.85)
(2.70608 2.375 0.85)
(2.70608 2.375 0.85)
(2.70608 2.375 0.85)
(2.70608 2.375 0.85)
(2.70608 2.375 0.85)
(2.70608 2.375 0.85)
(2.70608 2.375 0.85)
(2.70608 2.375 0.85)
(2.70608 2.375 0.85)
(2.70608 2.375 0.85)
(2.70608 2.375 0.85)
(2.70608 2.375 0.85)
(2.70608 2.375 0.85)
(2.70608 2.375 0.85)
(2.70608 2.375 0.85)
(2.70608 2.375 0.85)
(2.70608 2.375 0.85)
(2.70608 2.375 0.85)
(2.70608 2.375 0.85)
(2.70608 2.375 0.85)
(2.70608 2.375 0.85)
(2.70608 2.375 0.85)
(2.70608 2.375 0.85)
(2.70608 2.375 0.85)
(2.70608 2.375 0.85)
(2.70609 2.375 0.85)
(2.70609 2.375 0.85)
(2.70609 2.375 0.85)
(2.70609 2.375 0.85)
(2.70609 2.375 0.85)
(2.70609 2.375 0.85)
(2.70609 2.375 0.85)
(2.70609 2.375 0.85)
(2.70609 2.375 0.85)
(2.70609 2.375 0.85)
(2.70609 2.375 0.85)
(2.70609 2.375 0.85)
(2.70609 2.375 0.85)
(2.70609 2.375 0.85)
(2.70609 2.375 0.85)
(2.70609 2.375 0.85)
(2.70609 2.375 0.85)
(2.70609 2.375 0.85)
(2.70609 2.375 0.85)
(2.70609 2.375 0.85)
(2.70609 2.375 0.85)
(2.70609 2.375 0.85)
(2.70609 2.375 0.85)
(2.70609 2.375 0.85)
(2.70609 2.375 0.85)
(2.70609 2.375 0.85)
(2.70609 2.375 0.85)
(2.70609 2.375 0.85)
(2.70609 2.375 0.85)
(2.70609 2.375 0.85)
(2.70609 2.375 0.85)
(2.70609 2.375 0.85)
(2.70609 2.375 0.85)
(2.70609 2.375 0.85)
(2.70609 2.375 0.85)
(2.70609 2.375 0.85)
(2.70609 2.375 0.85)
(2.70609 2.375 0.85)
(2.70609 2.375 0.85)
(2.70609 2.375 0.85)
(2.70609 2.375 0.85)
(2.70609 2.375 0.85)
(2.70609 2.375 0.85)
(2.70609 2.375 0.85)
(2.70609 2.375 0.85)
(2.70609 2.375 0.85)
(2.70609 2.375 0.85)
(2.70609 2.375 0.85)
(2.70609 2.375 0.85)
(2.70609 2.375 0.85)
(2.70609 2.375 0.85)
(2.70609 2.375 0.85)
(2.70609 2.375 0.85)
(2.70609 2.375 0.85)
(2.70609 2.375 0.85)
(2.70609 2.375 0.85)
(2.70609 2.375 0.85)
(2.70609 2.375 0.85)
(2.70609 2.375 0.85)
(2.70609 2.375 0.85)
(2.70609 2.375 0.85)
(2.70609 2.375 0.85)
(2.70609 2.375 0.85)
(2.70609 2.375 0.85)
(2.7061 2.375 0.85)
(2.7061 2.375 0.85)
(2.7061 2.375 0.85)
(2.7061 2.375 0.85)
(2.7061 2.375 0.85)
(2.7061 2.375 0.85)
(2.7061 2.375 0.85)
(2.7061 2.375 0.85)
(2.7061 2.375 0.85)
(2.7061 2.375 0.85)
(2.7061 2.375 0.85)
(2.7061 2.375 0.85)
(2.7061 2.375 0.85)
(2.7061 2.375 0.85)
(2.7061 2.375 0.85)
(2.7061 2.375 0.85)
(2.7061 2.375 0.85)
(2.7061 2.375 0.85)
(2.7061 2.375 0.85)
(2.7061 2.375 0.85)
(2.7061 2.375 0.85)
(2.7061 2.375 0.85)
(2.7061 2.375 0.85)
(2.7061 2.375 0.85)
(2.7061 2.375 0.85)
(2.7061 2.375 0.85)
(2.7061 2.375 0.85)
(2.7061 2.375 0.85)
(2.7061 2.375 0.85)
(2.7061 2.375 0.85)
(2.7061 2.375 0.85)
(2.7061 2.375 0.85)
(2.70611 2.375 0.85)
(2.70611 2.375 0.85)
(2.70611 2.375 0.85)
(2.70611 2.375 0.85)
(2.70611 2.375 0.85)
(2.70611 2.375 0.85)
(2.70611 2.375 0.85)
(2.70611 2.375 0.85)
(2.70611 2.375 0.85)
(2.70611 2.375 0.85)
(2.70611 2.375 0.85)
(2.70611 2.375 0.85)
(2.70611 2.375 0.85)
(2.70611 2.375 0.85)
(2.70611 2.375 0.85)
(2.70611 2.375 0.85)
(2.70611 2.375 0.85)
(2.70611 2.375 0.85)
(2.70611 2.375 0.85)
(2.70611 2.375 0.85)
(2.70611 2.375 0.85)
(2.70611 2.375 0.85)
(2.70611 2.375 0.85)
(2.70611 2.375 0.85)
(2.70611 2.375 0.85)
(2.70611 2.375 0.85)
(2.70611 2.375 0.85)
(2.70611 2.375 0.85)
(2.70611 2.375 0.85)
(2.70611 2.375 0.85)
(2.70611 2.375 0.85)
(2.70611 2.375 0.85)
(2.70611 2.375 0.85)
(2.70611 2.375 0.85)
(2.70611 2.375 0.85)
(2.70611 2.375 0.85)
(2.70611 2.375 0.85)
(2.70611 2.375 0.85)
(2.70611 2.375 0.85)
(2.70611 2.375 0.85)
(2.70611 2.375 0.85)
(2.70611 2.375 0.85)
(2.70611 2.375 0.85)
(2.70611 2.375 0.85)
(2.70611 2.375 0.85)
(2.70611 2.375 0.85)
(2.70611 2.375 0.85)
(2.70611 2.375 0.85)
(2.70611 2.375 0.85)
(2.70611 2.375 0.85)
(2.70611 2.375 0.85)
(2.70611 2.375 0.85)
(2.70611 2.375 0.85)
(2.70611 2.375 0.85)
(2.70611 2.375 0.85)
(2.70611 2.375 0.85)
(2.70611 2.375 0.85)
(2.70611 2.375 0.85)
(2.70611 2.375 0.85)
(2.70611 2.375 0.85)
(2.70611 2.375 0.85)
(2.70611 2.375 0.85)
(2.70611 2.375 0.85)
(2.70611 2.375 0.85)
(2.70612 2.375 0.85)
(2.70612 2.375 0.85)
(2.70612 2.375 0.85)
(2.70612 2.375 0.85)
(2.70612 2.375 0.85)
(2.70612 2.375 0.85)
(2.70612 2.375 0.85)
(2.70612 2.375 0.85)
(2.70612 2.375 0.85)
(2.70612 2.375 0.85)
(2.70612 2.375 0.85)
(2.70612 2.375 0.85)
(2.70612 2.375 0.85)
(2.70612 2.375 0.85)
(2.70612 2.375 0.85)
(2.70612 2.375 0.85)
(2.70612 2.375 0.85)
(2.70612 2.375 0.85)
(2.70612 2.375 0.85)
(2.70612 2.375 0.85)
(2.70612 2.375 0.85)
(2.70612 2.375 0.85)
(2.70612 2.375 0.85)
(2.70612 2.375 0.85)
(2.70612 2.375 0.85)
(2.70612 2.375 0.85)
(2.70612 2.375 0.85)
(2.70612 2.375 0.85)
(2.70612 2.375 0.85)
(2.70612 2.375 0.85)
(2.70612 2.375 0.85)
(2.70612 2.375 0.85)
(2.70612 2.375 0.85)
(2.70612 2.375 0.85)
(2.70612 2.375 0.85)
(2.70612 2.375 0.85)
(2.70612 2.375 0.85)
(2.70612 2.375 0.85)
(2.70612 2.375 0.85)
(2.70612 2.375 0.85)
(2.70612 2.375 0.85)
(2.70612 2.375 0.85)
(2.70612 2.375 0.85)
(2.70612 2.375 0.85)
(2.70612 2.375 0.85)
(2.70612 2.375 0.85)
(2.70612 2.375 0.85)
(2.70612 2.375 0.85)
(2.70612 2.375 0.85)
(2.70612 2.375 0.85)
(2.70612 2.375 0.85)
(2.70612 2.375 0.85)
(2.70612 2.375 0.85)
(2.70612 2.375 0.85)
(2.70612 2.375 0.85)
(2.70612 2.375 0.85)
(2.70612 2.375 0.85)
(2.70612 2.375 0.85)
(2.70612 2.375 0.85)
(2.70612 2.375 0.85)
(2.70612 2.375 0.85)
(2.70612 2.375 0.85)
(2.70612 2.375 0.85)
(2.70612 2.375 0.85)
(2.70613 2.375 0.85)
(2.70613 2.375 0.85)
(2.70613 2.375 0.85)
(2.70613 2.375 0.85)
(2.70613 2.375 0.85)
(2.70613 2.375 0.85)
(2.70613 2.375 0.85)
(2.70613 2.375 0.85)
(2.70613 2.375 0.85)
(2.70613 2.375 0.85)
(2.70613 2.375 0.85)
(2.70613 2.375 0.85)
(2.70613 2.375 0.85)
(2.70613 2.375 0.85)
(2.70613 2.375 0.85)
(2.70613 2.375 0.85)
(2.70613 2.375 0.85)
(2.70613 2.375 0.85)
(2.70613 2.375 0.85)
(2.70613 2.375 0.85)
(2.70613 2.375 0.85)
(2.70613 2.375 0.85)
(2.70613 2.375 0.85)
(2.70613 2.375 0.85)
(2.70613 2.375 0.85)
(2.70613 2.375 0.85)
(2.70613 2.375 0.85)
(2.70613 2.375 0.85)
(2.70613 2.375 0.85)
(2.70613 2.375 0.85)
(2.70613 2.375 0.85)
(2.70613 2.375 0.85)
(2.70614 2.375 0.85)
(2.70614 2.375 0.85)
(2.70614 2.375 0.85)
(2.70614 2.375 0.85)
(2.70614 2.375 0.85)
(2.70614 2.375 0.85)
(2.70614 2.375 0.85)
(2.70614 2.375 0.85)
(2.70614 2.375 0.85)
(2.70614 2.375 0.85)
(2.70614 2.375 0.85)
(2.70614 2.375 0.85)
(2.70614 2.375 0.85)
(2.70614 2.375 0.85)
(2.70614 2.375 0.85)
(2.70614 2.375 0.85)
(2.70614 2.375 0.85)
(2.70614 2.375 0.85)
(2.70614 2.375 0.85)
(2.70614 2.375 0.85)
(2.70614 2.375 0.85)
(2.70614 2.375 0.85)
(2.70614 2.375 0.85)
(2.70614 2.375 0.85)
(2.70614 2.375 0.85)
(2.70614 2.375 0.85)
(2.70614 2.375 0.85)
(2.70614 2.375 0.85)
(2.70614 2.375 0.85)
(2.70614 2.375 0.85)
(2.70614 2.375 0.85)
(2.70614 2.375 0.85)
(2.70614 2.375 0.85)
(2.70614 2.375 0.85)
(2.70614 2.375 0.85)
(2.70614 2.375 0.85)
(2.70614 2.375 0.85)
(2.70614 2.375 0.85)
(2.70614 2.375 0.85)
(2.70614 2.375 0.85)
(2.70614 2.375 0.85)
(2.70614 2.375 0.85)
(2.70614 2.375 0.85)
(2.70614 2.375 0.85)
(2.70614 2.375 0.85)
(2.70614 2.375 0.85)
(2.70614 2.375 0.85)
(2.70614 2.375 0.85)
(2.70614 2.375 0.85)
(2.70614 2.375 0.85)
(2.70614 2.375 0.85)
(2.70614 2.375 0.85)
(2.70614 2.375 0.85)
(2.70614 2.375 0.85)
(2.70614 2.375 0.85)
(2.70614 2.375 0.85)
(2.70614 2.375 0.85)
(2.70614 2.375 0.85)
(2.70614 2.375 0.85)
(2.70614 2.375 0.85)
(2.70614 2.375 0.85)
(2.70614 2.375 0.85)
(2.70614 2.375 0.85)
(2.70614 2.375 0.85)
(2.70615 2.375 0.85)
(2.70615 2.375 0.85)
(2.70615 2.375 0.85)
(2.70615 2.375 0.85)
(2.70615 2.375 0.85)
(2.70615 2.375 0.85)
(2.70615 2.375 0.85)
(2.70615 2.375 0.85)
(2.70615 2.375 0.85)
(2.70615 2.375 0.85)
(2.70615 2.375 0.85)
(2.70615 2.375 0.85)
(2.70615 2.375 0.85)
(2.70615 2.375 0.85)
(2.70615 2.375 0.85)
(2.70615 2.375 0.85)
(2.70615 2.375 0.85)
(2.70615 2.375 0.85)
(2.70615 2.375 0.85)
(2.70615 2.375 0.85)
(2.70615 2.375 0.85)
(2.70615 2.375 0.85)
(2.70615 2.375 0.85)
(2.70615 2.375 0.85)
(2.70615 2.375 0.85)
(2.70615 2.375 0.85)
(2.70615 2.375 0.85)
(2.70615 2.375 0.85)
(2.70615 2.375 0.85)
(2.70615 2.375 0.85)
(2.70615 2.375 0.85)
(2.70615 2.375 0.85)
)
;

boundaryField
{
    left
    {
        type            calculated;
    }
    right
    {
        type            calculated;
    }
    beam
    {
        type            empty;
    }
}


// ************************************************************************* //
