# Motion State      
# Angle Units       : radians
# Time              	centreOfRotation	centreOfMass	rotation	velocity	omega
0.1                 	(5.750154926312e+00 2.374997251118e+00 5.954074203326e-01)	(5.750154926312e+00 2.374997251118e+00 5.954074203326e-01)	(9.960074737213e-05 1.512324689128e-03 -4.608423058539e-07)	(3.316076940873e-03 -4.977411624413e-05 -1.984044001014e-01)	(3.177127144774e-03 3.800428175822e-02 -2.099691180390e-05)
0.2                 	(5.750581973279e+00 2.374993340893e+00 5.812733339708e-01)	(5.750581973279e+00 2.374993340893e+00 5.812733339708e-01)	(6.082831381077e-04 6.789873369822e-03 -7.786343612520e-06)	(4.838766072748e-03 -2.392635381842e-05 -8.040069941802e-02)	(6.770081390813e-03 6.194791398162e-02 -1.077170551278e-04)
0.3                 	(5.751074442840e+00 2.374990258652e+00 5.794721813389e-01)	(5.751074442840e+00 2.374990258652e+00 5.794721813389e-01)	(1.404918825364e-03 1.274109384058e-02 -2.975369664407e-05)	(4.902260931224e-03 -6.330003885445e-05 4.217602894791e-02)	(8.896884033189e-03 5.166224644880e-02 -1.989041051284e-04)
0.4                 	(5.751553360501e+00 2.374975283328e+00 5.890388695473e-01)	(5.751553360501e+00 2.374975283328e+00 5.890388695473e-01)	(2.333860171602e-03 1.666876967533e-02 -5.624094597865e-05)	(4.636909093295e-03 -2.532877102842e-04 1.428789734760e-01)	(9.384385336113e-03 2.523322946512e-02 -1.822083377710e-04)
0.5                 	(5.751981871772e+00 2.374939248132e+00 6.061839783143e-01)	(5.751981871772e+00 2.374939248132e+00 6.061839783143e-01)	(3.228857247833e-03 1.735555272142e-02 -7.647609216802e-05)	(3.813562989897e-03 -4.560105570871e-04 1.892083539998e-01)	(8.283388697383e-03 -1.287085783417e-02 -2.147992638358e-04)
0.6                 	(5.752297168580e+00 2.374889246262e+00 6.246549180699e-01)	(5.752297168580e+00 2.374889246262e+00 6.246549180699e-01)	(3.955473127295e-03 1.406347871249e-02 -9.291741273965e-05)	(2.457090975567e-03 -5.085517949811e-04 1.699220113008e-01)	(6.109601902290e-03 -5.139404551840e-02 -3.569808280472e-04)
0.7                 	(5.752496575571e+00 2.374844693406e+00 6.386591664739e-01)	(5.752496575571e+00 2.374844693406e+00 6.386591664739e-01)	(4.428102850248e-03 7.938370621202e-03 -1.055040297953e-04)	(1.823645437970e-03 -3.495316581533e-04 1.045432867486e-01)	(3.249588047835e-03 -6.564869417361e-02 -3.898567573610e-04)
0.8                 	(5.752732428415e+00 2.374825390514e+00 6.446870640577e-01)	(5.752732428415e+00 2.374825390514e+00 6.446870640577e-01)	(4.595214566468e-03 1.839878513514e-03 -1.145147259448e-04)	(3.279126296021e-03 -1.238379359880e-05 1.360246262537e-02)	(8.318977790870e-05 -5.258169202389e-02 -3.311962120694e-04)
0.9                 	(5.753233521207e+00 2.374842783493e+00 6.414387172237e-01)	(5.753233521207e+00 2.374842783493e+00 6.414387172237e-01)	(4.455466263541e-03 -1.990952971703e-03 -1.237106942214e-04)	(7.070975743479e-03 3.435908680978e-04 -7.519843298611e-02)	(-2.768206809485e-03 -2.208024902160e-02 -2.033779314851e-04)
1                   	(5.754191957275e+00 2.374888736365e+00 6.309518550411e-01)	(5.754191957275e+00 2.374888736365e+00 6.309518550411e-01)	(4.067898953719e-03 -2.258476648284e-03 -1.355030864979e-04)	(1.217777626785e-02 5.456276327808e-04 -1.260165601713e-01)	(-4.836985638078e-03 1.726003979348e-02 -6.172383715900e-05)
1.1                 	(5.755651131779e+00 2.374948317802e+00 6.179727148257e-01)	(5.755651131779e+00 2.374948317802e+00 6.179727148257e-01)	(3.516815060253e-03 1.122581466943e-03 -1.469333207714e-04)	(1.679233293060e-02 6.317805426042e-04 -1.255885607040e-01)	(-6.038162397901e-03 4.652965917179e-02 7.495524017861e-05)
1.2                 	(5.757500780472e+00 2.375011135904e+00 6.071824694723e-01)	(5.757500780472e+00 2.375011135904e+00 6.071824694723e-01)	(2.894868043169e-03 6.017920239599e-03 -1.551683193112e-04)	(1.994897312948e-02 6.030630957744e-04 -8.470795659024e-02)	(-6.215230876116e-03 4.586858136717e-02 5.793087854153e-05)
1.3                 	(5.759602780602e+00 2.375066240216e+00 6.019173425458e-01)	(5.759602780602e+00 2.375066240216e+00 6.019173425458e-01)	(2.306904568696e-03 9.450443051322e-03 -1.614545269031e-04)	(2.188188120825e-02 4.899688701772e-04 -1.754846642865e-02)	(-5.402810195878e-03 1.974494846935e-02 -9.741400212359e-06)
1.4                 	(5.761837365666e+00 2.375108705461e+00 6.038470429805e-01)	(5.761837365666e+00 2.375108705461e+00 6.038470429805e-01)	(1.840059027883e-03 9.529445227482e-03 -1.662905552916e-04)	(2.255959022366e-02 3.644199455764e-04 5.449026584765e-02)	(-3.832005835648e-03 -1.977856134683e-02 -6.883229189943e-05)
1.5                 	(5.764048457746e+00 2.375140547499e+00 6.120443132158e-01)	(5.764048457746e+00 2.375140547499e+00 6.120443132158e-01)	(1.554619341267e-03 5.328124984895e-03 -1.652267730989e-04)	(2.128300197023e-02 2.793453014947e-04 1.040169759794e-01)	(-1.835906167700e-03 -6.370840792161e-02 -3.657042077136e-05)
1.6                 	(5.766014229445e+00 2.375165169785e+00 6.234448190573e-01)	(5.766014229445e+00 2.375165169785e+00 6.234448190573e-01)	(1.474914150113e-03 -2.717569095420e-03 -1.532705172129e-04)	(1.765874985810e-02 2.142535236908e-04 1.179066239658e-01)	(2.292841339915e-04 -9.298267771955e-02 3.098928860307e-05)
1.7                 	(5.767515067751e+00 2.375184375118e+00 6.344306186497e-01)	(5.767515067751e+00 2.375184375118e+00 6.344306186497e-01)	(1.591664492461e-03 -1.230678289507e-02 -1.320019789312e-04)	(1.209689785043e-02 1.741175079615e-04 9.593598710827e-02)	(2.037133974564e-03 -9.413150080932e-02 1.004939025093e-04)
1.8                 	(5.768384650734e+00 2.375200451548e+00 6.415662977016e-01)	(5.768384650734e+00 2.375200451548e+00 6.415662977016e-01)	(1.868351298636e-03 -2.075259102292e-02 -1.027942505812e-04)	(5.141094245332e-03 1.472496464942e-04 4.239318145114e-02)	(3.409146758841e-03 -7.120850361569e-02 1.988726010492e-04)
1.9                 	(5.768514829783e+00 2.375214003293e+00 6.423805905378e-01)	(5.768514829783e+00 2.375214003293e+00 6.423805905378e-01)	(2.257211169069e-03 -2.585254073125e-02 -6.802577069130e-05)	(-2.699525930308e-03 1.290734126093e-04 -2.658450319765e-02)	(4.237772327982e-03 -2.774886368079e-02 2.805024533822e-04)
2                   	(5.767805868063e+00 2.375228005934e+00 6.365707379225e-01)	(5.767805868063e+00 2.375228005934e+00 6.365707379225e-01)	(2.693420302517e-03 -2.595465371631e-02 -3.574176929646e-05)	(-1.178091405691e-02 1.600124941857e-04 -8.640264812139e-02)	(4.344497126147e-03 2.555637961657e-02 3.595131354778e-04)
2.1                 	(5.766080618713e+00 2.375247356954e+00 6.259422287792e-01)	(5.766080618713e+00 2.375247356954e+00 6.259422287792e-01)	(3.104827381819e-03 -2.114819054638e-02 -1.247102865545e-05)	(-2.316448161736e-02 2.317146342810e-04 -1.213527037071e-01)	(3.771349347046e-03 6.723682922585e-02 3.843329271361e-04)
2.2                 	(5.763100790294e+00 2.375274309729e+00 6.133600663551e-01)	(5.763100790294e+00 2.375274309729e+00 6.133600663551e-01)	(3.430902494903e-03 -1.321270016012e-02 7.032120761793e-08)	(-3.664787340986e-02 2.993564558839e-04 -1.247146113773e-01)	(2.678862691836e-03 8.824317554146e-02 3.678040566678e-04)
2.3                 	(5.758743108275e+00 2.375305088994e+00 6.020540323533e-01)	(5.758743108275e+00 2.375305088994e+00 6.020540323533e-01)	(3.630366260725e-03 -4.073414944582e-03 -1.364576337019e-06)	(-5.031393387140e-02 3.046228231001e-04 -9.690749981261e-02)	(1.273644459758e-03 9.192659453903e-02 2.552145908230e-04)
2.4                 	(5.753111547191e+00 2.375333619325e+00 5.946015475188e-01)	(5.753111547191e+00 2.375333619325e+00 5.946015475188e-01)	(3.681574595108e-03 4.687186250140e-03 -1.348646790025e-05)	(-6.167095565666e-02 2.615947063580e-04 -5.051810784611e-02)	(-2.515473907974e-04 8.158412273095e-02 1.499086263685e-04)
2.5                 	(5.746562210278e+00 2.375356749359e+00 5.920200414397e-01)	(5.746562210278e+00 2.375356749359e+00 5.920200414397e-01)	(3.584974456401e-03 1.208036754325e-02 -2.988343176565e-05)	(-6.829388633893e-02 2.014052997102e-04 -1.871372323348e-03)	(-1.639584392987e-03 6.691583400706e-02 5.937116761054e-05)
2.6                 	(5.739658839137e+00 2.375375170172e+00 5.938830743546e-01)	(5.739658839137e+00 2.375375170172e+00 5.938830743546e-01)	(3.364400977650e-03 1.831568305262e-02 -4.927316140008e-05)	(-6.874263003290e-02 1.763954630159e-04 3.650711270237e-02)	(-2.715223932678e-03 5.940185174420e-02 2.044905643350e-05)
2.7                 	(5.733015981915e+00 2.375394129973e+00 5.986232682167e-01)	(5.733015981915e+00 2.375394129973e+00 5.986232682167e-01)	(3.057274939772e-03 2.427102678014e-02 -6.067849879282e-05)	(-6.316499339513e-02 2.102317379406e-04 5.424031141507e-02)	(-3.345479239787e-03 6.094970832788e-02 1.383724666969e-04)
2.8                 	(5.727198450962e+00 2.375417780910e+00 6.039035170434e-01)	(5.727198450962e+00 2.375417780910e+00 6.039035170434e-01)	(2.714584127903e-03 3.069049848739e-02 -6.099641859274e-05)	(-5.241965777715e-02 2.603046739171e-04 4.749306381465e-02)	(-3.408622636358e-03 6.806631839049e-02 2.024442962470e-04)
2.9                 	(5.722650112174e+00 2.375445108485e+00 6.074974911330e-01)	(5.722650112174e+00 2.375445108485e+00 6.074974911330e-01)	(2.394987003744e-03 3.787048424926e-02 -6.035948198369e-05)	(-3.816578503522e-02 2.807109608380e-04 2.214225550709e-02)	(-2.891840543182e-03 7.461408653617e-02 1.704438797321e-04)
3                   	(5.719602618041e+00 2.375473215874e+00 6.080717261042e-01)	(5.719602618041e+00 2.375473215874e+00 6.080717261042e-01)	(2.151243458212e-03 4.526485574702e-02 -5.948241850521e-05)	(-2.282643042180e-02 2.800147179209e-04 -1.100190543776e-02)	(-1.921160257886e-03 7.068040315071e-02 2.005335146481e-04)
3.1                 	(5.718034571192e+00 2.375500694609e+00 6.054364605269e-01)	(5.718034571192e+00 2.375500694609e+00 6.054364605269e-01)	(2.019811708138e-03 5.139098678449e-02 -4.585603203150e-05)	(-8.828702301835e-03 2.669267337343e-04 -4.004938082339e-02)	(-6.627478689004e-04 4.877654311436e-02 3.418321684043e-04)
3.2                 	(5.717766244968e+00 2.375526031486e+00 6.005669494865e-01)	(5.717766244968e+00 2.375526031486e+00 6.005669494865e-01)	(2.018611235828e-03 5.451993448776e-02 -1.065486816116e-05)	(3.120379357603e-03 2.367283937608e-04 -5.421003807061e-02)	(6.687598700078e-04 1.210480395233e-02 4.441253581553e-04)
3.3                 	(5.718594052806e+00 2.375547582731e+00 5.952531425548e-01)	(5.718594052806e+00 2.375547582731e+00 5.952531425548e-01)	(2.144257547942e-03 5.367375698023e-02 3.082884453562e-05)	(1.314541122933e-02 1.929876921224e-04 -4.891949457973e-02)	(1.845730692203e-03 -2.867210784450e-02 3.073066933380e-04)
3.4                 	(5.720350246959e+00 2.375564344995e+00 5.913183695615e-01)	(5.720350246959e+00 2.375564344995e+00 5.913183695615e-01)	(2.372730119091e-03 4.905663254325e-02 6.124860303472e-05)	(2.180918198000e-02 1.413364553514e-04 -2.766945806333e-02)	(2.687794537937e-03 -6.134679413892e-02 1.016016039058e-04)
3.5                 	(5.722930111144e+00 2.375575568123e+00 5.900134879925e-01)	(5.722930111144e+00 2.375575568123e+00 5.900134879925e-01)	(2.664482974088e-03 4.200417987918e-02 8.123375158522e-05)	(2.964428940984e-02 8.278622071217e-05 2.392497877554e-03)	(3.082998599739e-03 -7.612010234586e-02 -4.183742055950e-05)
3.6                 	(5.726256144522e+00 2.375581142788e+00 5.918177876766e-01)	(5.726256144522e+00 2.375581142788e+00 5.918177876766e-01)	(2.970670176323e-03 3.457147697581e-02 9.557802067001e-05)	(3.676612287552e-02 3.085290077361e-05 3.301141044688e-02)	(2.965772961839e-03 -6.909174467187e-02 -6.974602917991e-05)
3.7                 	(5.730272281094e+00 2.375582318935e+00 5.963407571586e-01)	(5.730272281094e+00 2.375582318935e+00 5.963407571586e-01)	(3.240880649275e-03 2.872998778980e-02 1.074053336152e-04)	(4.357061774624e-02 -2.575288510238e-06 5.559086148753e-02)	(2.378118836185e-03 -4.596453072395e-02 -6.157469600963e-05)
3.8                 	(5.734987680039e+00 2.375581961895e+00 6.025213564454e-01)	(5.734987680039e+00 2.375581961895e+00 6.025213564454e-01)	(3.434126410893e-03 2.551711598971e-02 1.083668269871e-04)	(5.090564134246e-02 9.083160319933e-07 6.591284155375e-02)	(1.442882650221e-03 -1.871624048002e-02 -1.643466566981e-04)
3.9                 	(5.740497039092e+00 2.375583510437e+00 6.091345202315e-01)	(5.740497039092e+00 2.375583510437e+00 6.091345202315e-01)	(3.524440543082e-03 2.468611073890e-02 8.563963829380e-05)	(5.955040414766e-02 3.340295460444e-05 6.472351130812e-02)	(3.415811854147e-04 -3.028385740434e-04 -3.495648400590e-04)
4                   	(5.746957610623e+00 2.375589106889e+00 6.152435573486e-01)	(5.746957610623e+00 2.375589106889e+00 6.152435573486e-01)	(3.505236511070e-03 2.482115058917e-02 3.891832975889e-05)	(6.996077102086e-02 8.175359902067e-05 5.682396171558e-02)	(-7.310403401741e-04 -8.090621576904e-04 -5.750018480532e-04)
4.1                 	(5.754547767927e+00 2.375600540561e+00 6.204928423839e-01)	(5.754547767927e+00 2.375600540561e+00 6.204928423839e-01)	(3.386553973599e-03 2.370214356788e-02 -2.266840099432e-05)	(8.214162378940e-02 1.486146671559e-04 4.877136032724e-02)	(-1.635858017810e-03 -2.547922802920e-02 -7.146137045887e-04)
4.2                 	(5.763447664650e+00 2.375618562469e+00 6.252351130298e-01)	(5.763447664650e+00 2.375618562469e+00 6.252351130298e-01)	(3.191254269723e-03 1.908296376395e-02 -8.102349787072e-05)	(9.626795070490e-02 2.055631981683e-04 4.768151723214e-02)	(-2.233265669370e-03 -6.887102657758e-02 -7.391825104166e-04)
4.3                 	(5.773856874769e+00 2.375639648267e+00 6.303743162837e-01)	(5.773856874769e+00 2.375639648267e+00 6.303743162837e-01)	(2.956147086070e-03 9.667760186548e-03 -1.252020534127e-04)	(1.121162366059e-01 2.051841431337e-04 5.677149966058e-02)	(-2.407991217256e-03 -1.196347669609e-01 -7.261534626607e-04)
4.4                 	(5.785861022970e+00 2.375658141711e+00 6.368671773439e-01)	(5.785861022970e+00 2.375658141711e+00 6.368671773439e-01)	(2.724315135311e-03 -4.728690192723e-03 -1.576870750191e-04)	(1.276611693544e-01 1.612401340852e-04 7.408605816039e-02)	(-2.166526388285e-03 -1.668210704485e-01 -7.471131637235e-04)
4.5                 	(5.799252880753e+00 2.375671497607e+00 6.452924946884e-01)	(5.799252880753e+00 2.375671497607e+00 6.452924946884e-01)	(2.534235210764e-03 -2.326618442711e-02 -1.859020532967e-04)	(1.390281318160e-01 1.069074738165e-04 9.419523453689e-02)	(-1.580254460973e-03 -2.014325149369e-01 -7.746777069622e-04)
4.6                 	(5.813353829727e+00 2.375680102178e+00 6.554992227577e-01)	(5.813353829727e+00 2.375680102178e+00 6.554992227577e-01)	(2.413793323126e-03 -4.447515289652e-02 -2.080940368188e-04)	(1.409659581985e-01 6.788161064748e-05 1.081037335806e-01)	(-7.911783369064e-04 -2.202565670088e-01 -7.046074420238e-04)
4.7                 	(5.826982891508e+00 2.375685000078e+00 6.664115576780e-01)	(5.826982891508e+00 2.375685000078e+00 6.664115576780e-01)	(2.377425792663e-03 -6.677946717670e-02 -2.221222451880e-04)	(1.289726945060e-01 2.717568478784e-05 1.069696455469e-01)	(8.393318560730e-05 -2.232397064124e-01 -6.541556220502e-04)
4.8                 	(5.838594804971e+00 2.375685153838e+00 6.761766380623e-01)	(5.838594804971e+00 2.375685153838e+00 6.761766380623e-01)	(2.427249001264e-03 -8.852617675846e-02 -2.343179286944e-04)	(1.005178661845e-01 -2.491853161670e-05 8.454753846181e-02)	(9.112673501171e-04 -2.080575102772e-01 -6.092671870921e-04)
4.9                 	(5.846566567270e+00 2.375680334681e+00 6.825665599283e-01)	(5.846566567270e+00 2.375680334681e+00 6.825665599283e-01)	(2.552171243074e-03 -1.076162104796e-01 -2.352403826671e-04)	(5.663192249041e-02 -6.865340567861e-05 3.972965805477e-02)	(1.546357648193e-03 -1.693571363849e-01 -3.042996090908e-04)
5                   	(5.849556031539e+00 2.375672114701e+00 6.835301971994e-01)	(5.849556031539e+00 2.375672114701e+00 6.835301971994e-01)	(2.730644224504e-03 -1.214922524853e-01 -2.061463967281e-04)	(1.814727683729e-03 -8.871158590379e-05 -2.265933553430e-02)	(1.904476671473e-03 -1.035336709875e-01 1.487313209959e-04)
5.1                 	(5.846785374257e+00 2.375663656375e+00 6.778090057670e-01)	(5.846785374257e+00 2.375663656375e+00 6.778090057670e-01)	(2.932799233464e-03 -1.274750558483e-01 -1.571482669888e-04)	(-5.739252283126e-02 -7.792976114200e-05 -9.169674348762e-02)	(1.970419646825e-03 -1.253950242163e-02 4.498328395095e-04)
5.2                 	(5.838142164133e+00 2.375656380057e+00 6.654519199171e-01)	(5.838142164133e+00 2.375656380057e+00 6.654519199171e-01)	(3.126585278107e-03 -1.234933410249e-01 -1.204400792969e-04)	(-1.146829041393e-01 -7.042000954028e-05 -1.529311987445e-01)	(1.771314243152e-03 9.335810974095e-02 4.792154499428e-04)
5.3                 	(5.824057069465e+00 2.375648370103e+00 6.479287942564e-01)	(5.824057069465e+00 2.375648370103e+00 6.479287942564e-01)	(3.283827914767e-03 -1.088758611712e-01 -1.298393798330e-04)	(-1.656969479183e-01 -9.779772168483e-05 -1.931434321332e-01)	(1.369970306556e-03 1.973385989430e-01 2.338788083395e-04)
5.4                 	(5.805282146823e+00 2.375637098651e+00 6.278224890034e-01)	(5.805282146823e+00 2.375637098651e+00 6.278224890034e-01)	(3.386607755463e-03 -8.467074439849e-02 -2.067269099809e-04)	(-2.082630866987e-01 -1.354372787273e-04 -2.037373000190e-01)	(8.081898181185e-04 2.825974647030e-01 -1.376676946321e-04)
5.5                 	(5.782711251788e+00 2.375620387929e+00 6.081933304063e-01)	(5.782711251788e+00 2.375620387929e+00 6.081933304063e-01)	(3.425709346490e-03 -5.344257207568e-02 -3.398351032261e-04)	(-2.413579635837e-01 -2.034306976977e-04 -1.841815579812e-01)	(1.448842676740e-04 3.362408139459e-01 -3.505195278529e-04)
5.6                 	(5.757409759817e+00 2.375595357820e+00 5.917673635725e-01)	(5.757409759817e+00 2.375595357820e+00 5.917673635725e-01)	(3.400673710530e-03 -1.860128264819e-02 -4.940568230322e-04)	(-2.624433568927e-01 -2.948188016430e-04 -1.413629698055e-01)	(-5.316918078484e-04 3.551490819329e-01 -2.850076114856e-04)
5.7                 	(5.730732312516e+00 2.375561509903e+00 5.803059632595e-01)	(5.730732312516e+00 2.375561509903e+00 5.803059632595e-01)	(3.314867224649e-03 1.672168914216e-02 -6.243543499237e-04)	(-2.681193211040e-01 -3.839504853374e-04 -8.698184881984e-02)	(-1.160670759521e-03 3.484484561911e-01 8.605102167394e-05)
5.8                 	(5.704389191465e+00 2.375518723001e+00 5.743399294032e-01)	(5.704389191465e+00 2.375518723001e+00 5.743399294032e-01)	(3.174946105140e-03 5.055651752955e-02 -7.022079259170e-04)	(-2.555129292606e-01 -4.677190676158e-04 -3.346401641873e-02)	(-1.665749335403e-03 3.265716406969e-01 5.598845663464e-04)
5.9                 	(5.680242889068e+00 2.375469797238e+00 5.732235379484e-01)	(5.680242889068e+00 2.375469797238e+00 5.732235379484e-01)	(2.989416685807e-03 8.170497977064e-02 -7.206749635468e-04)	(-2.245566424176e-01 -4.981463688250e-04 8.446280986734e-03)	(-2.042549207578e-03 2.949574556554e-01 9.895673554528e-04)
6                   	(5.659983078933e+00 2.375421377832e+00 5.754060747550e-01)	(5.659983078933e+00 2.375421377832e+00 5.754060747550e-01)	(2.769756460121e-03 1.092620256877e-01 -6.793874669300e-04)	(-1.785464253867e-01 -4.618197700335e-04 3.179963618096e-02)	(-2.223743001197e-03 2.546119639226e-01 1.435237335475e-03)
6.1                 	(5.644884665637e+00 2.375378296175e+00 5.789053432122e-01)	(5.644884665637e+00 2.375378296175e+00 5.789053432122e-01)	(2.537833951085e-03 1.322377912400e-01 -5.677296662286e-04)	(-1.222032159444e-01 -3.981808259736e-04 3.497682499096e-02)	(-2.081582280421e-03 2.027603246047e-01 2.026528294462e-03)
6.2                 	(5.635665755626e+00 2.375342151431e+00 5.818148572025e-01)	(5.635665755626e+00 2.375342151431e+00 5.818148572025e-01)	(2.324528100751e-03 1.492323013139e-01 -3.732608997743e-04)	(-6.187520748968e-02 -3.204580767703e-04 2.083430439035e-02)	(-1.576682642278e-03 1.339697809200e-01 2.619332941816e-03)
6.3                 	(5.632447821682e+00 2.375315649735e+00 5.827501863245e-01)	(5.632447821682e+00 2.375315649735e+00 5.827501863245e-01)	(2.165668477145e-03 1.584672831231e-01 -1.124508361722e-04)	(-3.146725367126e-03 -2.028285322825e-04 -2.916458544318e-03)	(-7.478445427469e-04 4.816777361485e-02 2.886063165731e-03)
6.4                 	(5.634823579925e+00 2.375302134626e+00 5.812535321721e-01)	(5.634823579925e+00 2.375302134626e+00 5.812535321721e-01)	(2.096276945084e-03 1.585337178115e-01 1.763381298391e-04)	(4.931567994718e-02 -6.803832073224e-05 -2.608101947582e-02)	(3.022696516073e-04 -4.750931695453e-02 2.751931232037e-03)
6.5                 	(5.641990027934e+00 2.375302390706e+00 5.778574665998e-01)	(5.641990027934e+00 2.375302390706e+00 5.778574665998e-01)	(2.140072893039e-03 1.490948210653e-01 4.533872754064e-04)	(9.239715656888e-02 7.370141844021e-05 -3.971634556251e-02)	(1.413838807766e-03 -1.392274535660e-01 2.273774768907e-03)
6.6                 	(5.652964328546e+00 2.375316280656e+00 5.737989193460e-01)	(5.652964328546e+00 2.375316280656e+00 5.737989193460e-01)	(2.296984408255e-03 1.313992872288e-01 6.884678684918e-04)	(1.254380960226e-01 1.978768885130e-04 -3.885131870929e-02)	(2.342110045660e-03 -2.097989904918e-01 1.558957113308e-03)
6.7                 	(5.666755656810e+00 2.375340738750e+00 5.705942276205e-01)	(5.666755656810e+00 2.375340738750e+00 5.705942276205e-01)	(2.542822066796e-03 1.083307256050e-01 8.588742390586e-04)	(1.488937873117e-01 2.864420718496e-04 -2.295624989987e-02)	(2.911744048205e-03 -2.449241304722e-01 6.892878646965e-04)
6.8                 	(5.682456638846e+00 2.375373360382e+00 5.695747255326e-01)	(5.682456638846e+00 2.375373360382e+00 5.695747255326e-01)	(2.832633232623e-03 8.377293635991e-02 9.484994504320e-04)	(1.637869865577e-01 3.656429475378e-04 3.823347515734e-03)	(2.970527262192e-03 -2.398036042097e-01 -2.210046784750e-04)
6.9                 	(5.699262674825e+00 2.375412647739e+00 5.714841389726e-01)	(5.699262674825e+00 2.375412647739e+00 5.714841389726e-01)	(3.111016560783e-03 6.146606425834e-02 9.462106486699e-04)	(1.711808273653e-01 4.089614171611e-04 3.432346794659e-02)	(2.514951877605e-03 -2.022614584854e-01 -1.157729448002e-03)
7                   	(5.716490148972e+00 2.375452773608e+00 5.763388841294e-01)	(5.716490148972e+00 2.375452773608e+00 5.763388841294e-01)	(3.326888276535e-03 4.381536918640e-02 8.388061759781e-04)	(1.724697678022e-01 3.894630939598e-04 6.172619974770e-02)	(1.627489193709e-03 -1.500659464853e-01 -2.123342940485e-03)
7.1                 	(5.733624903311e+00 2.375489342754e+00 5.835877638870e-01)	(5.733624903311e+00 2.375489342754e+00 5.835877638870e-01)	(3.441384298738e-03 3.129431632899e-02 6.229961380092e-04)	(1.697196078243e-01 3.426838185790e-04 8.176672174256e-02)	(4.787964956605e-04 -1.028003049956e-01 -2.998851754367e-03)
7.2                 	(5.750387687146e+00 2.375521372955e+00 5.924199558947e-01)	(5.750387687146e+00 2.375521372955e+00 5.924199558947e-01)	(3.437046356578e-03 2.256342782103e-02 3.187554274579e-04)	(1.655527447556e-01 2.983536621050e-04 9.375300827170e-02)	(-7.182759668124e-04 -7.612871112350e-02 -3.645528573354e-03)
7.3                 	(5.766790812206e+00 2.375547958131e+00 6.021528334458e-01)	(5.766790812206e+00 2.375547958131e+00 6.021528334458e-01)	(3.319282220001e-03 1.512722191931e-02 -5.008893955172e-05)	(1.631367549049e-01 2.299330184663e-04 1.006268275438e-01)	(-1.729597531419e-03 -7.705194935942e-02 -4.232209243283e-03)
7.4                 	(5.783195678568e+00 2.375566312340e+00 6.125912126316e-01)	(5.783195678568e+00 2.375566312340e+00 6.125912126316e-01)	(3.114031631644e-03 6.364823478530e-03 -4.648910670745e-04)	(1.660020960717e-01 1.314236584398e-04 1.087630151900e-01)	(-2.400641421897e-03 -1.017595317222e-01 -4.540205527371e-03)
7.5                 	(5.800226933539e+00 2.375573752485e+00 6.241221820771e-01)	(5.800226933539e+00 2.375573752485e+00 6.241221820771e-01)	(2.858010780767e-03 -5.740646622078e-03 -8.707925358897e-04)	(1.757699868740e-01 2.211987640219e-05 1.232944158291e-01)	(-2.657170869464e-03 -1.423975088672e-01 -4.198461091865e-03)
7.6                 	(5.818576235609e+00 2.375571147125e+00 6.375663768947e-01)	(5.818576235609e+00 2.375571147125e+00 6.375663768947e-01)	(2.593321835840e-03 -2.231037912482e-02 -1.204772050346e-03)	(1.923068983273e-01 -7.905568574610e-05 1.471542461377e-01)	(-2.471982429191e-03 -1.887856686009e-01 -3.292437650210e-03)
7.7                 	(5.838816037458e+00 2.375556297826e+00 6.537922930751e-01)	(5.838816037458e+00 2.375556297826e+00 6.537922930751e-01)	(2.368380183429e-03 -4.342402788127e-02 -1.422091143730e-03)	(2.126728690774e-01 -2.216175960094e-04 1.781297667225e-01)	(-1.817052220286e-03 -2.325650414394e-01 -2.087366998840e-03)
7.8                 	(5.860965480252e+00 2.375527099940e+00 6.731312346903e-01)	(5.860965480252e+00 2.375527099940e+00 6.731312346903e-01)	(2.229378385793e-03 -6.876791990586e-02 -1.511192388958e-03)	(2.285822884098e-01 -3.556414718916e-04 2.071889733046e-01)	(-8.319862723588e-04 -2.742650687596e-01 -8.332572662102e-04)
7.9                 	(5.884016504414e+00 2.375487448916e+00 6.947374916449e-01)	(5.884016504414e+00 2.375487448916e+00 6.947374916449e-01)	(2.204804195028e-03 -9.833991000628e-02 -1.458544476841e-03)	(2.286904840057e-01 -4.266654041436e-04 2.211401085835e-01)	(2.448914136993e-04 -3.171586365685e-01 6.195728660730e-04)
8                   	(5.905793635535e+00 2.375443458367e+00 7.164027404981e-01)	(5.905793635535e+00 2.375443458367e+00 7.164027404981e-01)	(2.305061640475e-03 -1.319885465220e-01 -1.240023428350e-03)	(2.015316300890e-01 -4.441991644010e-04 2.063240618392e-01)	(1.212218146548e-03 -3.532214041748e-01 2.202628687224e-03)
8.1                 	(5.923202353683e+00 2.375400394831e+00 7.347089492451e-01)	(5.923202353683e+00 2.375400394831e+00 7.347089492451e-01)	(2.520039232900e-03 -1.680214185796e-01 -8.573647151537e-04)	(1.411272304334e-01 -4.149262034040e-04 1.529392454334e-01)	(1.880205568395e-03 -3.600080341458e-01 3.542256316868e-03)
8.2                 	(5.933065269249e+00 2.375359997376e+00 7.456516374516e-01)	(5.933065269249e+00 2.375359997376e+00 7.456516374516e-01)	(2.817814925280e-03 -2.020006166034e-01 -3.644988189462e-04)	(5.251765723583e-02 -4.023805026988e-04 5.977982262671e-02)	(2.183524294475e-03 -3.077090340180e-01 4.196290649593e-03)
8.3                 	(5.933319954562e+00 2.375314063225e+00 7.456665445191e-01)	(5.933319954562e+00 2.375314063225e+00 7.456665445191e-01)	(3.135678451150e-03 -2.270612345506e-01 1.240652227049e-04)	(-4.755878152489e-02 -5.416614689325e-04 -6.299557507804e-02)	(1.976255983217e-03 -1.814094880580e-01 3.647830383820e-03)
8.4                 	(5.923874482921e+00 2.375245221915e+00 7.327581460265e-01)	(5.923874482921e+00 2.375245221915e+00 7.327581460265e-01)	(3.370778004221e-03 -2.362268990732e-01 4.453374147495e-04)	(-1.384720021929e-01 -8.661395088240e-04 -1.943265386909e-01)	(1.165677131336e-03 5.810147334230e-03 1.825166097502e-03)
8.5                 	(5.906325541658e+00 2.375134324696e+00 7.074596756402e-01)	(5.906325541658e+00 2.375134324696e+00 7.074596756402e-01)	(3.437810997247e-03 -2.250601055962e-01 4.651161996871e-04)	(-2.088690850870e-01 -1.374159801341e-03 -3.057629362905e-01)	(5.093547691752e-05 2.176634819076e-01 -7.471526053076e-04)
8.6                 	(5.882708840729e+00 2.374967763837e+00 6.732249876145e-01)	(5.882708840729e+00 2.374967763837e+00 6.732249876145e-01)	(3.325356447068e-03 -1.935562479380e-01 1.433812768878e-04)	(-2.613523576132e-01 -1.964789354100e-03 -3.689800468072e-01)	(-8.992075489401e-04 4.036776228185e-01 -3.351061244294e-03)
8.7                 	(5.854274456483e+00 2.374740436174e+00 6.358312059646e-01)	(5.854274456483e+00 2.374740436174e+00 6.358312059646e-01)	(3.113285459121e-03 -1.467996621493e-01 -4.553087965079e-04)	(-3.069289562378e-01 -2.575749000018e-03 -3.680035445270e-01)	(-1.185462685447e-03 5.167673737614e-01 -5.292138162926e-03)
8.8                 	(5.821372685291e+00 2.374455903987e+00 6.016016280615e-01)	(5.821372685291e+00 2.374455903987e+00 6.016016280615e-01)	(2.919342307531e-03 -9.327262757188e-02 -1.200976787807e-03)	(-3.505080371646e-01 -3.097807489432e-03 -3.082401864708e-01)	(-8.434186708544e-04 5.394977358255e-01 -6.082815993581e-03)
8.9                 	(5.784429186521e+00 2.374124474805e+00 5.754225825332e-01)	(5.784429186521e+00 2.374124474805e+00 5.754225825332e-01)	(2.811853296795e-03 -4.127729686721e-02 -1.953184378052e-03)	(-3.861497608298e-01 -3.506936071502e-03 -2.115111104586e-01)	(-3.069180475822e-04 4.924343118886e-01 -5.796723755242e-03)
9                   	(5.744741649718e+00 2.373759744168e+00 5.595884812981e-01)	(5.744741649718e+00 2.373759744168e+00 5.595884812981e-01)	(2.787328640713e-03 4.393956402480e-03 -2.611472686462e-03)	(-4.038365058056e-01 -3.773384670772e-03 -1.059180507080e-01)	(-3.174193113672e-07 4.212634438551e-01 -4.715033627926e-03)
9.1                 	(5.704512397546e+00 2.373373709639e+00 5.537279077635e-01)	(5.704512397546e+00 2.373373709639e+00 5.537279077635e-01)	(2.792288812877e-03 4.366997049183e-02 -3.115391892687e-03)	(-3.960372067442e-01 -3.920765915933e-03 -1.548781866329e-02)	(-2.587054784312e-04 3.705153908417e-01 -3.065763163140e-03)
9.2                 	(5.666507975130e+00 2.372982008841e+00 5.554276291055e-01)	(5.666507975130e+00 2.372982008841e+00 5.554276291055e-01)	(2.741779423777e-03 7.992611875355e-02 -3.415074433553e-03)	(-3.591792015857e-01 -3.874624254993e-03 4.336822797406e-02)	(-1.203085979680e-03 3.617378437208e-01 -8.122456853635e-04)
9.3                 	(5.633586295788e+00 2.372607361104e+00 5.611431683152e-01)	(5.633586295788e+00 2.372607361104e+00 5.611431683152e-01)	(2.558244631929e-03 1.170963660018e-01 -3.458955781596e-03)	(-2.951560698496e-01 -3.572195760874e-03 6.475782344166e-02)	(-2.584161038079e-03 3.849556649610e-01 1.999542815181e-03)
9.4                 	(5.608096111991e+00 2.372276197794e+00 5.672538208624e-01)	(5.608096111991e+00 2.372276197794e+00 5.672538208624e-01)	(2.192010735609e-03 1.567175646089e-01 -3.196498398398e-03)	(-2.125334197986e-01 -3.013090532749e-03 5.265676737320e-02)	(-3.944743476066e-03 4.021094418312e-01 5.094696749306e-03)
9.5                 	(5.591278123096e+00 2.372011597155e+00 5.709565311655e-01)	(5.591278123096e+00 2.372011597155e+00 5.709565311655e-01)	(1.650647388925e-03 1.956898445040e-01 -2.607931787713e-03)	(-1.239082229904e-01 -2.241219331099e-03 1.923365683268e-02)	(-4.629025237105e-03 3.645227646854e-01 7.895116874474e-03)
9.6                 	(5.583109490069e+00 2.371836789979e+00 5.709812862835e-01)	(5.583109490069e+00 2.371836789979e+00 5.709812862835e-01)	(1.018416531352e-03 2.267205543632e-01 -1.738898566296e-03)	(-4.116581787988e-02 -1.207709795693e-03 -1.788364304458e-02)	(-4.107215286024e-03 2.410881208891e-01 9.736336861633e-03)
9.7                 	(5.582620036500e+00 2.371779367048e+00 5.677750189245e-01)	(5.582620036500e+00 2.371779367048e+00 5.677750189245e-01)	(4.535920922464e-04 2.412670812577e-01 -7.082230778983e-04)	(2.905504161661e-02 1.106773606398e-04 -4.345262211348e-02)	(-2.133693298074e-03 3.998112915762e-02 1.032609462794e-02)
9.8                 	(5.588465134887e+00 2.371868610750e+00 5.629253262274e-01)	(5.588465134887e+00 2.371868610750e+00 5.629253262274e-01)	(1.477628189515e-04 2.338269978440e-01 3.274761679013e-04)	(8.574818363916e-02 1.709406668468e-03 -5.023985706372e-02)	(1.102240791891e-03 -1.868441653334e-01 9.545381793265e-03)
9.9                 	(5.599396545121e+00 2.372122914653e+00 5.583442566434e-01)	(5.599396545121e+00 2.372122914653e+00 5.583442566434e-01)	(2.556969980603e-04 2.056279281157e-01 1.219707275617e-03)	(1.311860395310e-01 3.359977872111e-03 -3.867243829578e-02)	(5.017824493521e-03 -3.626649102921e-01 7.564907703610e-03)
10                  	(5.614376124640e+00 2.372530306635e+00 5.556502688341e-01)	(5.614376124640e+00 2.372530306635e+00 5.556502688341e-01)	(8.253170084131e-04 1.649910553624e-01 1.868761965090e-03)	(1.669067963602e-01 4.703260608393e-03 -1.345548528934e-02)	(8.659783126943e-03 -4.296658112507e-01 4.653282570444e-03)
10.1                	(5.632496502222e+00 2.373041891717e+00 5.558763067418e-01)	(5.632496502222e+00 2.373041891717e+00 5.558763067418e-01)	(1.774801277882e-03 1.236094168692e-01 2.217089130505e-03)	(1.942500546241e-01 5.402811052666e-03 1.849214108445e-02)	(1.106449441414e-02 -3.810605636817e-01 1.124954112288e-03)
10.2                	(5.652987620340e+00 2.373589042392e+00 5.593438346406e-01)	(5.652987620340e+00 2.373589042392e+00 5.593438346406e-01)	(2.917269210449e-03 9.129982327726e-02 2.214903268484e-03)	(2.143645375022e-01 5.440010796808e-03 5.028911658726e-02)	(1.143412800301e-02 -2.577033640890e-01 -2.668241835420e-03)
10.3                	(5.675116605533e+00 2.374113811903e+00 5.657456296343e-01)	(5.675116605533e+00 2.374113811903e+00 5.657456296343e-01)	(4.018801949118e-03 7.248385146545e-02 1.827884928916e-03)	(2.268575581679e-01 4.992938917116e-03 7.638192710280e-02)	(9.653055286440e-03 -1.218830364338e-01 -6.259880908278e-03)
10.4                	(5.698083451103e+00 2.374578572270e+00 5.743249069729e-01)	(5.698083451103e+00 2.374578572270e+00 5.743249069729e-01)	(4.874058004422e-03 6.537196295835e-02 1.078638282753e-03)	(2.310382224226e-01 4.275739882632e-03 9.350186646980e-02)	(6.209710294961e-03 -3.191383167143e-02 -9.150308877594e-03)
10.5                	(5.721075436471e+00 2.374965220997e+00 5.841646070721e-01)	(5.721075436471e+00 2.374965220997e+00 5.841646070721e-01)	(5.347735332237e-03 6.343733737870e-02 7.455248229612e-05)	(2.276879426559e-01 3.455461595810e-03 1.020121099796e-01)	(1.889155352671e-03 -2.094422116440e-02 -1.090798340680e-02)
10.6                	(5.743485095595e+00 2.375270697975e+00 5.945689097620e-01)	(5.743485095595e+00 2.375270697975e+00 5.945689097620e-01)	(5.379823041843e-03 5.861483890025e-02 -1.047060000354e-03)	(2.203692107470e-01 2.670221380096e-03 1.060301834391e-01)	(-2.599856002845e-03 -8.567282535948e-02 -1.190295578740e-02)
10.7                	(5.765238479078e+00 2.375501690750e+00 6.054488081042e-01)	(5.765238479078e+00 2.375501690750e+00 6.054488081042e-01)	(4.975411123438e-03 4.493440597070e-02 -2.185520396700e-03)	(2.157374791397e-01 1.955723893843e-03 1.125929932459e-01)	(-6.528957126529e-03 -1.907509113203e-01 -1.205825182566e-02)
10.8                	(5.786961408740e+00 2.375662593044e+00 6.174269386544e-01)	(5.786961408740e+00 2.375662593044e+00 6.174269386544e-01)	(4.211323860403e-03 2.074907449605e-02 -3.225562605408e-03)	(2.208092894015e-01 1.265468177346e-03 1.292044720174e-01)	(-9.202547353205e-03 -2.873592148934e-01 -1.064713002699e-02)
10.9                	(5.809834332351e+00 2.375756348844e+00 6.317790308786e-01)	(5.809834332351e+00 2.375756348844e+00 6.317790308786e-01)	(3.231843585222e-03 -1.092031239709e-02 -4.034978107992e-03)	(2.387389738405e-01 6.170719106858e-04 1.601996442547e-01)	(-1.018187790484e-02 -3.360459803096e-01 -7.723671861227e-03)
11                  	(5.835023321022e+00 2.375788835867e+00 6.498209677033e-01)	(5.835023321022e+00 2.375788835867e+00 6.498209677033e-01)	(2.228985822117e-03 -4.456884763470e-02 -4.539495050422e-03)	(2.658238898028e-01 5.074203928197e-05 2.015466273304e-01)	(-9.313579528178e-03 -3.292236046094e-01 -4.131814685314e-03)
11.1                	(5.862948408479e+00 2.375771766361e+00 6.720745333156e-01)	(5.862948408479e+00 2.375771766361e+00 6.720745333156e-01)	(1.401471506058e-03 -7.592067529065e-02 -4.697423913014e-03)	(2.910598860558e-01 -3.599572913731e-04 2.418471087747e-01)	(-6.848790691211e-03 -2.982528372136e-01 -3.165084388969e-05)
11.2                	(5.892637390006e+00 2.375724152378e+00 6.975493527507e-01)	(5.892637390006e+00 2.375724152378e+00 6.975493527507e-01)	(9.028899776098e-04 -1.051308417862e-01 -4.432122569934e-03)	(2.984989385340e-01 -5.518363408702e-04 2.630892387202e-01)	(-3.572298146654e-03 -2.932090307002e-01 4.768196151149e-03)
11.3                	(5.921565887039e+00 2.375669340301e+00 7.235097529114e-01)	(5.921565887039e+00 2.375669340301e+00 7.235097529114e-01)	(7.989798909546e-04 -1.361915917338e-01 -3.668437514385e-03)	(2.737300530736e-01 -5.041245702379e-04 2.492694936061e-01)	(-4.586531880925e-04 -3.348875163297e-01 9.852733184016e-03)
11.4                	(5.945986629650e+00 2.375631184254e+00 7.458922473212e-01)	(5.945986629650e+00 2.375631184254e+00 7.458922473212e-01)	(1.072342480294e-03 -1.728067935601e-01 -2.409086963543e-03)	(2.075414394691e-01 -2.271100867338e-04 1.905108557694e-01)	(1.874584831636e-03 -3.958250800855e-01 1.413132444326e-02)
11.5                	(5.961779952525e+00 2.375626742646e+00 7.600930408080e-01)	(5.961779952525e+00 2.375626742646e+00 7.600930408080e-01)	(1.652615162976e-03 -2.139079330494e-01 -7.691798007276e-04)	(1.032331709169e-01 1.251589724233e-04 8.656836049748e-02)	(3.247858232716e-03 -4.135976770301e-01 1.653934773824e-02)
11.6                	(5.966068535175e+00 2.375646638753e+00 7.620922194457e-01)	(5.966068535175e+00 2.375646638753e+00 7.620922194457e-01)	(2.408797017245e-03 -2.522213374613e-01 1.013692673907e-03)	(-1.772970332664e-02 1.834981754388e-04 -5.048063391843e-02)	(3.352989637857e-03 -3.336761614109e-01 1.597435739412e-02)
11.7                	(5.958656315644e+00 2.375645216694e+00 7.496467069886e-01)	(5.958656315644e+00 2.375645216694e+00 7.496467069886e-01)	(3.080261671032e-03 -2.767361984077e-01 2.545579546574e-03)	(-1.264350277531e-01 -2.994089435696e-04 -1.976248719307e-01)	(1.787486965146e-03 -1.387619107912e-01 1.169029805687e-02)
11.8                	(5.941769664930e+00 2.375575156883e+00 7.232676549337e-01)	(5.941769664930e+00 2.375575156883e+00 7.232676549337e-01)	(3.373232110987e-03 -2.772278770593e-01 3.422490000264e-03)	(-2.061036166160e-01 -1.140271880891e-03 -3.236005566923e-01)	(-8.556370236874e-04 1.366666323575e-01 4.901414788622e-03)
11.9                	(5.918315306660e+00 2.375414334061e+00 6.866776132122e-01)	(5.918315306660e+00 2.375414334061e+00 6.866776132122e-01)	(3.166371950905e-03 -2.493408810528e-01 3.451497621805e-03)	(-2.599158661394e-01 -2.054527847418e-03 -3.973772139740e-01)	(-3.314920970353e-03 4.135584905505e-01 -2.446935435873e-03)
12                  	(5.890071086467e+00 2.375163637224e+00 6.461413075664e-01)	(5.890071086467e+00 2.375163637224e+00 6.461413075664e-01)	(2.608890034209e-03 -1.974020865626e-01 2.712717939156e-03)	(-3.049965540582e-01 -2.943991777321e-03 -4.013834627537e-01)	(-4.262766373204e-03 6.052579675488e-01 -8.658732279540e-03)
12.1                	(5.857182475156e+00 2.374831224431e+00 6.085562651423e-01)	(5.857182475156e+00 2.374831224431e+00 6.085562651423e-01)	(2.011592480362e-03 -1.328135740096e-01 1.465636599293e-03)	(-3.533753175582e-01 -3.672334681516e-03 -3.412621374856e-01)	(-3.339596132700e-03 6.634075581257e-01 -1.253714167425e-02)
12.2                	(5.819439206569e+00 2.374439667149e+00 5.792542066773e-01)	(5.819439206569e+00 2.374439667149e+00 5.792542066773e-01)	(1.632244518593e-03 -6.893588483960e-02 7.422430985986e-06)	(-4.001652504559e-01 -4.105695501769e-03 -2.403227727767e-01)	(-1.197226521275e-03 5.973677770575e-01 -1.379031985210e-02)
12.3                	(5.777638427440e+00 2.374020150115e+00 5.608910067056e-01)	(5.777638427440e+00 2.374020150115e+00 5.608910067056e-01)	(1.580584965510e-03 -1.546574426900e-02 -1.435872923282e-03)	(-4.323607410653e-01 -4.244960380131e-03 -1.271706580713e-01)	(1.340419400835e-03 4.683979996363e-01 -1.309557771068e-02)
12.4                	(5.733819972735e+00 2.373594351634e+00 5.533449205890e-01)	(5.733819972735e+00 2.373594351634e+00 5.533449205890e-01)	(1.829508128998e-03 2.523827249674e-02 -2.724447263489e-03)	(-4.391098345100e-01 -4.255398952772e-03 -2.786469041456e-02)	(3.332295306255e-03 3.538662065199e-01 -1.113732239942e-02)
12.5                	(5.690855974269e+00 2.373171800338e+00 5.542320733883e-01)	(5.690855974269e+00 2.373171800338e+00 5.542320733883e-01)	(2.255024899415e-03 5.759716905550e-02 -3.766238121279e-03)	(-4.148043661161e-01 -4.180222958711e-03 3.920605553063e-02)	(4.080051785422e-03 3.068716230951e-01 -8.222667921260e-03)
12.6                	(5.651905369249e+00 2.372763852821e+00 5.598440816889e-01)	(5.651905369249e+00 2.372763852821e+00 5.598440816889e-01)	(2.691489891525e-03 8.920548204980e-02 -4.490221841200e-03)	(-3.592485538339e-01 -3.938246056578e-03 6.637477789609e-02)	(3.364669082756e-03 3.366492533594e-01 -4.517430644293e-03)
12.7                	(5.619847890146e+00 2.372392605822e+00 5.662916632712e-01)	(5.619847890146e+00 2.372392605822e+00 5.662916632712e-01)	(2.971661351755e-03 1.262873218641e-01 -4.827734547797e-03)	(-2.785812148247e-01 -3.443322494742e-03 5.734832211986e-02)	(1.368962601940e-03 4.071000468714e-01 6.072184017508e-05)
12.8                	(5.596605253933e+00 2.372083698262e+00 5.705077195154e-01)	(5.596605253933e+00 2.372083698262e+00 5.705077195154e-01)	(2.954719171269e-03 1.697187139050e-01 -4.697071525415e-03)	(-1.854115303470e-01 -2.698563796548e-03 2.440716262037e-02)	(-1.336262453077e-03 4.506027907776e-01 5.124374285371e-03)
12.9                	(5.582712700187e+00 2.371858302952e+00 5.709996129459e-01)	(5.582712700187e+00 2.371858302952e+00 5.709996129459e-01)	(2.567423043192e-03 2.131973151340e-01 -4.057283597917e-03)	(-9.374632789827e-02 -1.789419094748e-03 -1.375381568257e-02)	(-3.809922467335e-03 3.988121366746e-01 9.690306860273e-03)
13                  	(5.577437819070e+00 2.371729709270e+00 5.681886802368e-01)	(5.577437819070e+00 2.371729709270e+00 5.681886802368e-01)	(1.856927519993e-03 2.452494952794e-01 -2.961012797674e-03)	(-1.424343496069e-02 -7.708162079723e-04 -3.934287688457e-02)	(-5.084275116819e-03 2.222496502606e-01 1.278443193173e-02)
13.1                	(5.579356482064e+00 2.371707910973e+00 5.638220371721e-01)	(5.579356482064e+00 2.371707910973e+00 5.638220371721e-01)	(1.017868191985e-03 2.545899660691e-01 -1.582394321970e-03)	(5.018626607346e-02 3.564697411068e-04 -4.452745374355e-02)	(-4.474864978135e-03 -4.384318968053e-02 1.388769541286e-02)
13.2                	(5.587047404071e+00 2.371803751502e+00 5.598932687077e-01)	(5.587047404071e+00 2.371803751502e+00 5.598932687077e-01)	(3.340707910909e-04 2.366001652945e-01 -1.679659635973e-04)	(1.017781678655e-01 1.567340533577e-03 -3.165348444314e-02)	(-1.976757581678e-03 -3.059985738347e-01 1.305369139942e-02)
13.3                	(5.599386391650e+00 2.372017963656e+00 5.578336618254e-01)	(5.599386391650e+00 2.372017963656e+00 5.578336618254e-01)	(4.895953865964e-05 1.969551649239e-01 1.064474413996e-03)	(1.434778457264e-01 2.692756677595e-03 -8.479974426046e-03)	(1.731850332270e-03 -4.629140198608e-01 1.068235057727e-02)
13.4                	(5.615470368349e+00 2.372330408732e+00 5.582897853567e-01)	(5.615470368349e+00 2.372330408732e+00 5.582897853567e-01)	(2.603004669920e-04 1.492012943104e-01 1.989774904504e-03)	(1.769544228475e-01 3.481165757056e-03 1.754484034264e-02)	(5.653776110124e-03 -4.668565590179e-01 7.310394900763e-03)
13.5                	(5.634550756030e+00 2.372699556640e+00 5.612594301180e-01)	(5.634550756030e+00 2.372699556640e+00 5.612594301180e-01)	(9.161787077522e-04 1.078520857204e-01 2.554889794196e-03)	(2.035949013023e-01 3.834620873421e-03 4.120603677454e-02)	(8.692347987614e-03 -3.444261676109e-01 3.372755270231e-03)
13.6                	(5.655967868984e+00 2.373085726159e+00 5.663648250790e-01)	(5.655967868984e+00 2.373085726159e+00 5.663648250790e-01)	(1.852285441356e-03 8.207569666801e-02 2.718759392539e-03)	(2.235781947871e-01 3.835536105334e-03 6.008769496154e-02)	(1.004604189355e-02 -1.693702237859e-01 -7.990291034745e-04)
13.7                	(5.678996207021e+00 2.373457500831e+00 5.731071676304e-01)	(5.678996207021e+00 2.373457500831e+00 5.731071676304e-01)	(2.868156807700e-03 7.296552172754e-02 2.457116717941e-03)	(2.355226233879e-01 3.557913679748e-03 7.409419075776e-02)	(9.593838711195e-03 -2.375135542988e-02 -4.749376600430e-03)
13.8                	(5.702758926081e+00 2.373792309654e+00 5.810576342691e-01)	(5.702758926081e+00 2.373792309654e+00 5.810576342691e-01)	(3.784286375318e-03 7.425913943275e-02 1.805689175106e-03)	(2.382476268177e-01 3.123164591548e-03 8.463099017106e-02)	(7.539934030576e-03 3.174156179269e-02 -8.018132322065e-03)
13.9                	(5.726399147560e+00 2.374081446994e+00 5.899878391476e-01)	(5.726399147560e+00 2.374081446994e+00 5.899878391476e-01)	(4.454521887667e-03 7.567050893318e-02 8.616031639663e-04)	(2.337694953408e-01 2.657643869464e-03 9.427040772059e-02)	(4.280114110330e-03 -2.013608895846e-02 -1.059670933714e-02)
14                  	(5.749495800209e+00 2.374325719465e+00 6.000320888867e-01)	(5.749495800209e+00 2.374325719465e+00 6.000320888867e-01)	(4.769388016864e-03 6.767991898342e-02 -2.600422912722e-04)	(2.286562182787e-01 2.230255300562e-03 1.075045928602e-01)	(3.396905609779e-04 -1.477059660704e-01 -1.234917816578e-02)
14.1                	(5.772367998591e+00 2.374527496650e+00 6.117538323854e-01)	(5.772367998591e+00 2.374527496650e+00 6.117538323854e-01)	(4.673435938768e-03 4.563272032230e-02 -1.424623832612e-03)	(2.305287465772e-01 1.802642389328e-03 1.286308207459e-01)	(-3.531263499192e-03 -2.900929426768e-01 -1.272059210046e-02)
14.2                	(5.796025857858e+00 2.374685490998e+00 6.261272107782e-01)	(5.796025857858e+00 2.374685490998e+00 6.261272107782e-01)	(4.189910358781e-03 1.125701304051e-02 -2.493913501646e-03)	(2.448875654031e-01 1.354064036290e-03 1.606378943448e-01)	(-6.580949615570e-03 -3.855003548517e-01 -1.145015748470e-02)
14.3                	(5.821734301655e+00 2.374796892623e+00 6.441627204398e-01)	(5.821734301655e+00 2.374796892623e+00 6.441627204398e-01)	(3.431803425609e-03 -2.882860075298e-02 -3.361386727242e-03)	(2.706299433629e-01 8.712429333039e-04 2.008382252233e-01)	(-8.162674782070e-03 -4.030503092498e-01 -8.757770151125e-03)
14.4                	(5.850220734937e+00 2.374861366644e+00 6.662767664443e-01)	(5.850220734937e+00 2.374861366644e+00 6.662767664443e-01)	(2.581241398543e-03 -6.729949899948e-02 -3.941773169392e-03)	(2.982892091846e-01 4.367806772795e-04 2.403710358290e-01)	(-8.025012340126e-03 -3.603380777296e-01 -4.996700804305e-03)
14.5                	(5.880937197527e+00 2.374889389720e+00 6.916864153801e-01)	(5.880937197527e+00 2.374889389720e+00 6.916864153801e-01)	(1.832507905200e-03 -1.008379077132e-01 -4.138876478870e-03)	(3.125445211633e-01 1.565495428012e-04 2.638771322242e-01)	(-6.463851410744e-03 -3.148512631028e-01 -2.564076096583e-04)
14.6                	(5.911772394201e+00 2.374899570800e+00 7.179922681903e-01)	(5.911772394201e+00 2.374899570800e+00 7.179922681903e-01)	(1.330228512457e-03 -1.318068653194e-01 -3.847332645072e-03)	(2.983981904541e-01 8.013308970742e-05 2.559965578902e-01)	(-4.250016960413e-03 -3.131132309747e-01 5.125346093590e-03)
14.7                	(5.939299865256e+00 2.374912060971e+00 7.414849258454e-01)	(5.939299865256e+00 2.374912060971e+00 7.414849258454e-01)	(1.138763561694e-03 -1.649409313302e-01 -3.023889845056e-03)	(2.450868239801e-01 1.976780429089e-04 2.064044786582e-01)	(-2.080885767906e-03 -3.537397972254e-01 1.021471295637e-02)
14.8                	(5.959401738473e+00 2.374942303392e+00 7.577891487252e-01)	(5.959401738473e+00 2.374942303392e+00 7.577891487252e-01)	(1.259780508515e-03 -2.023988507178e-01 -1.733833443812e-03)	(1.508022184048e-01 4.016995728870e-04 1.126947264515e-01)	(-3.213298113715e-04 -3.890880094099e-01 1.397964920431e-02)
14.9                	(5.968587741716e+00 2.374987403224e+00 7.628460448940e-01)	(5.968587741716e+00 2.374987403224e+00 7.628460448940e-01)	(1.637428606524e-03 -2.404377914128e-01 -1.408175835271e-04)	(3.090244104082e-02 4.353149613589e-04 -1.591784542996e-02)	(6.909064087832e-04 -3.558926126818e-01 1.551617292220e-02)
15                  	(5.965674932455e+00 2.375013196454e+00 7.541115501007e-01)	(5.965674932455e+00 2.375013196454e+00 7.541115501007e-01)	(2.108646148329e-03 -2.699337905759e-01 1.449874296813e-03)	(-8.633896740768e-02 5.435735932485e-06 -1.590352782882e-01)	(4.503785064373e-04 -2.151830097336e-01 1.354109532084e-02)
15.1                	(5.952169226844e+00 2.374976151323e+00 7.314883402418e-01)	(5.952169226844e+00 2.374976151323e+00 7.314883402418e-01)	(2.419320681016e-03 -2.801269628366e-01 2.640246187731e-03)	(-1.787242243886e-01 -7.878349721429e-04 -2.886231163094e-01)	(-8.526615627909e-04 2.419015359807e-02 8.509611451850e-03)
15.2                	(5.930890294106e+00 2.374853378897e+00 6.978436750129e-01)	(5.930890294106e+00 2.374853378897e+00 6.978436750129e-01)	(2.392664901075e-03 -2.637395914791e-01 3.148291253577e-03)	(-2.428079171148e-01 -1.651872404335e-03 -3.749025760051e-01)	(-2.413663259492e-03 3.031404841073e-01 1.972110685018e-03)
15.3                	(5.904124270368e+00 2.374648779680e+00 6.586437038523e-01)	(5.904124270368e+00 2.374648779680e+00 6.586437038523e-01)	(2.050043993475e-03 -2.211057821919e-01 2.918306104982e-03)	(-2.914354936005e-01 -2.421896555692e-03 -3.977949028829e-01)	(-3.141813545922e-03 5.345521323652e-01 -4.389597738456e-03)
15.4                	(5.872603334214e+00 2.374376250011e+00 6.204426627007e-01)	(5.872603334214e+00 2.374376250011e+00 6.204426627007e-01)	(1.611208342088e-03 -1.607745924113e-01 2.100230728137e-03)	(-3.394991039669e-01 -2.997741905740e-03 -3.566935740839e-01)	(-2.312157520451e-03 6.497772397516e-01 -9.108577538533e-03)
15.5                	(5.836192930150e+00 2.374056006728e+00 5.888332287587e-01)	(5.836192930150e+00 2.374056006728e+00 5.888332287587e-01)	(1.326897932784e-03 -9.556573123075e-02 9.454479494529e-04)	(-3.880304439023e-01 -3.357834066195e-03 -2.699603299654e-01)	(-3.201831085658e-04 6.345054013656e-01 -1.151274381265e-02)
15.6                	(5.795343697236e+00 2.373713152481e+00 5.670999874651e-01)	(5.795343697236e+00 2.373713152481e+00 5.670999874651e-01)	(1.331894058350e-03 -3.691935821987e-02 -3.194652343573e-04)	(-4.261184444106e-01 -3.461770090990e-03 -1.636251041563e-01)	(2.070552021246e-03 5.292326155697e-01 -1.192700278842e-02)
15.7                	(5.751705643759e+00 2.373368190422e+00 5.559107132089e-01)	(5.751705643759e+00 2.373368190422e+00 5.559107132089e-01)	(1.628492227900e-03 9.667015794979e-03 -1.543083415624e-03)	(-4.421800590942e-01 -3.427200305318e-03 -6.296803633591e-02)	(4.035200496928e-03 4.057106669087e-01 -1.100355353882e-02)
15.8                	(5.707888568373e+00 2.373029864059e+00 5.536641147627e-01)	(5.707888568373e+00 2.373029864059e+00 5.536641147627e-01)	(2.115566126689e-03 4.578259560450e-02 -2.623485796780e-03)	(-4.289302724246e-01 -3.328709329170e-03 1.274427519453e-02)	(4.872137596296e-03 3.280552404884e-01 -9.097211117859e-03)
15.9                	(5.666967300376e+00 2.372705572488e+00 5.572664576880e-01)	(5.666967300376e+00 2.372705572488e+00 5.572664576880e-01)	(2.636470162123e-03 7.775717459811e-02 -3.478740954331e-03)	(-3.843397077752e-01 -3.128491222607e-03 5.309074795559e-02)	(4.257514742968e-03 3.239468868809e-01 -6.315192122920e-03)
16                  	(5.631939882432e+00 2.372410823462e+00 5.630879762827e-01)	(5.631939882432e+00 2.372410823462e+00 5.630879762827e-01)	(3.027143091942e-03 1.124574341017e-01 -4.036059775534e-03)	(-3.122128942996e-01 -2.732440965181e-03 5.791618182535e-02)	(2.331003995248e-03 3.761706354485e-01 -2.638633702572e-03)
16.1                	(5.605107642175e+00 2.372165747111e+00 5.679486785938e-01)	(5.605107642175e+00 2.372165747111e+00 5.679486785938e-01)	(3.146358180634e-03 1.530896695384e-01 -4.208315288827e-03)	(-2.226683978326e-01 -2.138495208047e-03 3.592551727417e-02)	(-4.651828100330e-04 4.308727042858e-01 1.842862342110e-03)
16.2                	(5.587544289230e+00 2.371987947490e+00 5.698812266049e-01)	(5.587544289230e+00 2.371987947490e+00 5.698812266049e-01)	(2.900065551921e-03 1.964106683461e-01 -3.918946625656e-03)	(-1.291274501595e-01 -1.401816561884e-03 2.301681213929e-03)	(-3.349811086835e-03 4.191024360506e-01 6.434175161918e-03)
16.3                	(5.578994990181e+00 2.371887766782e+00 5.686084213945e-01)	(5.578994990181e+00 2.371887766782e+00 5.686084213945e-01)	(2.288353690262e-03 2.330588095030e-01 -3.155319371402e-03)	(-4.399597766743e-02 -5.929489219370e-04 -2.561066191593e-02)	(-5.360471425001e-03 2.935405989131e-01 1.020070005570e-02)
16.4                	(5.578248824135e+00 2.371870062539e+00 5.653223569496e-01)	(5.578248824135e+00 2.371870062539e+00 5.653223569496e-01)	(1.445762094884e-03 2.515222515314e-01 -2.015530103311e-03)	(2.653188473083e-02 2.475104830690e-04 -3.703120474133e-02)	(-5.639707344259e-03 6.226542931379e-02 1.233015388653e-02)
16.5                	(5.583819211085e+00 2.371939466217e+00 5.617932470689e-01)	(5.583819211085e+00 2.371939466217e+00 5.617932470689e-01)	(6.278028255414e-04 2.443163479298e-01 -7.091132134489e-04)	(8.272919912572e-02 1.145755557728e-03 -3.099102423648e-02)	(-3.939703876474e-03 -2.038692209040e-01 1.257048232286e-02)
16.6                	(5.594412947804e+00 2.372098569686e+00 5.595070120905e-01)	(5.594412947804e+00 2.372098569686e+00 5.595070120905e-01)	(1.030082019987e-04 2.130083322779e-01 5.346864552145e-04)	(1.274909137772e-01 2.017221871202e-03 -1.339381087522e-02)	(-6.776869394753e-04 -4.035642389439e-01 1.119496762947e-02)
16.7                	(5.609015264086e+00 2.372337215404e+00 5.592727917636e-01)	(5.609015264086e+00 2.372337215404e+00 5.592727917636e-01)	(3.445417267369e-05 1.682332193043e-01 1.552421845756e-03)	(1.631791934004e-01 2.704029508914e-03 8.968600519420e-03)	(3.220957702539e-03 -4.668279222757e-01 8.591792679221e-03)
16.8                	(5.626810027043e+00 2.372626993302e+00 5.612793405345e-01)	(5.626810027043e+00 2.372626993302e+00 5.612793405345e-01)	(4.375018017380e-04 1.243210037246e-01 2.263440196368e-03)	(1.916440493135e-01 3.028795470702e-03 3.078603203238e-02)	(6.787441239405e-03 -3.918011194937e-01 5.208845805674e-03)
16.9                	(5.647142709278e+00 2.372932841710e+00 5.653229328483e-01)	(5.647142709278e+00 2.372932841710e+00 5.653229328483e-01)	(1.205929142187e-03 9.261975185751e-02 2.621630697882e-03)	(2.139899791795e-01 3.047635049435e-03 4.948549589006e-02)	(9.093427840027e-03 -2.351392285157e-01 1.390742803826e-03)
17                  	(5.669380773609e+00 2.373229939619e+00 5.710537041721e-01)	(5.669380773609e+00 2.373229939619e+00 5.710537041721e-01)	(2.160315927027e-03 7.734664734134e-02 2.592118809618e-03)	(2.295049101891e-01 2.868330108415e-03 6.461873035162e-02)	(9.663885836549e-03 -7.645750980475e-02 -2.435656671089e-03)
17.1                	(5.692762542463e+00 2.373502104129e+00 5.781559128585e-01)	(5.692762542463e+00 2.373502104129e+00 5.781559128585e-01)	(3.115345203627e-03 7.503613416549e-02 2.177011604369e-03)	(2.366680807679e-01 2.558337948087e-03 7.717771964344e-02)	(8.550030086671e-03 1.476013494190e-02 -5.846035899609e-03)
17.2                	(5.716442943493e+00 2.373740276356e+00 5.864672649233e-01)	(5.716442943493e+00 2.373740276356e+00 5.864672649233e-01)	(3.910733611400e-03 7.683014127024e-02 1.440399998362e-03)	(2.358424058691e-01 2.203269387825e-03 8.908396308453e-02)	(6.036795537095e-03 3.589917427904e-03 -8.629546065374e-03)
17.3                	(5.739833677992e+00 2.373943077445e+00 5.960841695403e-01)	(5.739833677992e+00 2.373943077445e+00 5.960841695403e-01)	(4.419034053338e-03 7.275110053402e-02 4.762334363374e-04)	(2.319859840798e-01 1.863524107126e-03 1.039203258320e-01)	(2.557653340684e-03 -9.689325752485e-02 -1.082130365363e-02)
17.4                	(5.762981599134e+00 2.374113011519e+00 6.074494205005e-01)	(5.762981599134e+00 2.374113011519e+00 6.074494205005e-01)	(4.554271917011e-03 5.611832490474e-02 -6.000505804032e-04)	(2.322679859532e-01 1.531552188042e-03 1.247123836792e-01)	(-1.249093924190e-03 -2.370321656924e-01 -1.193297917140e-02)
17.5                	(5.786646072648e+00 2.374248331994e+00 6.213371554211e-01)	(5.786646072648e+00 2.374248331994e+00 6.213371554211e-01)	(4.298088839758e-03 2.611807487601e-02 -1.654129962935e-03)	(2.431510559828e-01 1.168645014739e-03 1.546483443605e-01)	(-4.636003116617e-03 -3.543439945246e-01 -1.154896969775e-02)
17.6                	(5.812010423554e+00 2.374345730300e+00 6.386502940995e-01)	(5.812010423554e+00 2.374345730300e+00 6.386502940995e-01)	(3.715057414927e-03 -1.248451435701e-02 -2.574928824319e-03)	(2.659021398940e-01 7.727808909589e-04 1.925276159447e-01)	(-6.940673732331e-03 -4.047884334725e-01 -9.752224071202e-03)
17.7                	(5.840002854274e+00 2.374403433451e+00 6.598758863897e-01)	(5.840002854274e+00 2.374403433451e+00 6.598758863897e-01)	(2.946058218617e-03 -5.255436512295e-02 -3.278304013884e-03)	(2.938657589732e-01 3.959101071489e-04 2.313918506816e-01)	(-7.731829311218e-03 -3.876205312322e-01 -6.824184464590e-03)
17.8                	(5.870511673209e+00 2.374429940775e+00 6.845569657816e-01)	(5.870511673209e+00 2.374429940775e+00 6.845569657816e-01)	(2.168405573169e-03 -8.915317168799e-02 -3.682224219787e-03)	(3.134970691992e-01 1.662243906364e-04 2.589071876542e-01)	(-7.051263271293e-03 -3.452629170883e-01 -2.943470321194e-03)
17.9                	(5.901904100009e+00 2.374444181014e+00 7.107793475843e-01)	(5.901904100009e+00 2.374444181014e+00 7.107793475843e-01)	(1.542007502886e-03 -1.225183556982e-01 -3.683655339264e-03)	(3.091886278699e-01 1.564514747718e-04 2.599091768894e-01)	(-5.389758806323e-03 -3.290254106509e-01 1.786383796496e-03)
18                  	(5.931135291418e+00 2.374468504325e+00 7.352655224181e-01)	(5.931135291418e+00 2.374468504325e+00 7.352655224181e-01)	(1.171136655702e-03 -1.563478173474e-01 -3.205865752784e-03)	(2.686340577758e-01 3.626636218467e-04 2.227591456501e-01)	(-3.356048719225e-03 -3.528502010660e-01 6.727174389106e-03)
18.1                	(5.954225167488e+00 2.374521934260e+00 7.538769255015e-01)	(5.954225167488e+00 2.374521934260e+00 7.538769255015e-01)	(1.102047364920e-03 -1.933827056169e-01 -2.259932294941e-03)	(1.864506945646e-01 7.128894960822e-04 1.423122065616e-01)	(-1.373185470895e-03 -3.844054400130e-01 1.088358600354e-02)
18.2                	(5.967325396737e+00 2.374608126404e+00 7.624383406966e-01)	(5.967325396737e+00 2.374608126404e+00 7.624383406966e-01)	(1.326623704162e-03 -2.315570407907e-01 -9.512808430967e-04)	(7.196252725883e-02 9.751107108721e-04 2.364600001576e-02)	(2.238709465089e-04 -3.662376944314e-01 1.345184277902e-02)
18.3                	(5.968402872630e+00 2.374701316999e+00 7.578935368355e-01)	(5.968402872630e+00 2.374701316999e+00 7.578935368355e-01)	(1.751784290829e-03 -2.634680306050e-01 5.011522059218e-04)	(-4.909627794970e-02 8.024174758285e-04 -1.161987742710e-01)	(9.304488281257e-04 -2.544332483411e-01 1.316788818381e-02)
18.4                	(5.958171436046e+00 2.374752795295e+00 7.393474770178e-01)	(5.958171436046e+00 2.374752795295e+00 7.393474770178e-01)	(2.165658507422e-03 -2.791037377467e-01 1.743171523879e-03)	(-1.509235164746e-01 1.637965154469e-04 -2.515353019012e-01)	(4.843722607866e-04 -4.406357465629e-02 9.702443982804e-03)
18.5                	(5.939197671304e+00 2.374726312888e+00 7.087331761261e-01)	(5.939197671304e+00 2.374726312888e+00 7.087331761261e-01)	(2.357069031279e-03 -2.704011923884e-01 2.460062055516e-03)	(-2.239425004740e-01 -6.987506986960e-04 -3.526931988304e-01)	(-6.526186566777e-04 2.215265250226e-01 4.323390189364e-03)
18.6                	(5.914073582200e+00 2.374613376957e+00 6.707749833465e-01)	(5.914073582200e+00 2.374613376957e+00 6.707749833465e-01)	(2.254944658047e-03 -2.355373104070e-01 2.523406141320e-03)	(-2.764922862544e-01 -1.549062744113e-03 -3.955525542047e-01)	(-1.636319792238e-03 4.651916157600e-01 -1.442831580936e-03)
18.7                	(5.884042589269e+00 2.374421238670e+00 6.318326302734e-01)	(5.884042589269e+00 2.374421238670e+00 6.318326302734e-01)	(1.977875429176e-03 -1.805965257467e-01 1.999379240495e-03)	(-3.243594373116e-01 -2.259393309636e-03 -3.729552602998e-01)	(-1.566532014623e-03 6.134324791639e-01 -6.220804720249e-03)
18.8                	(5.849143215893e+00 2.374167441516e+00 5.979260390871e-01)	(5.849143215893e+00 2.374167441516e+00 5.979260390871e-01)	(1.738191394336e-03 -1.170820623658e-01 1.088683334910e-03)	(-3.734176870980e-01 -2.775491721837e-03 -2.984025166611e-01)	(-4.161090211439e-04 6.365500860563e-01 -9.101711984680e-03)
18.9                	(5.809582436968e+00 2.373874973178e+00 5.730669371373e-01)	(5.809582436968e+00 2.373874973178e+00 5.730669371373e-01)	(1.686981226991e-03 -5.671344762020e-02 8.467661971080e-06)	(-4.155876545104e-01 -3.032866774882e-03 -1.964411651696e-01)	(1.282664100176e-03 5.586143846645e-01 -1.009964131963e-02)
19                  	(5.766647382783e+00 2.373567815013e+00 5.586901420583e-01)	(5.766647382783e+00 2.373567815013e+00 5.586901420583e-01)	(1.865527875098e-03 -6.666106326687e-03 -1.079929456236e-03)	(-4.390773373582e-01 -3.093775316353e-03 -9.284075178379e-02)	(2.878841149458e-03 4.420851302921e-01 -9.714638444541e-03)
19.1                	(5.722678444711e+00 2.373258708713e+00 5.538337387684e-01)	(5.722678444711e+00 2.373258708713e+00 5.538337387684e-01)	(2.216570643367e-03 3.261945272386e-02 -2.070005978407e-03)	(-4.352703502391e-01 -3.075724557412e-03 -8.905697805666e-03)	(3.704052272586e-03 3.526808418302e-01 -8.346524776494e-03)
19.2                	(5.680626252705e+00 2.372955751866e+00 5.558090583899e-01)	(5.680626252705e+00 2.372955751866e+00 5.558090583899e-01)	(2.618946230491e-03 6.606511156247e-02 -2.881072861857e-03)	(-4.005663367995e-01 -2.963301951972e-03 4.239279784404e-02)	(3.338382283351e-03 3.282688595277e-01 -6.110548988803e-03)
19.3                	(5.643534865863e+00 2.372672739612e+00 5.611075861555e-01)	(5.643534865863e+00 2.372672739612e+00 5.611075861555e-01)	(2.930134509822e-03 1.003329289615e-01 -3.445007686534e-03)	(-3.368652082040e-01 -2.660723843069e-03 5.788069589974e-02)	(1.791207466089e-03 3.650544853545e-01 -3.072948561026e-03)
19.4                	(5.613951370808e+00 2.372430560142e+00 5.663894960929e-01)	(5.613951370808e+00 2.372430560142e+00 5.663894960929e-01)	(3.024002380514e-03 1.397023702839e-01 -3.685910839887e-03)	(-2.522960454697e-01 -2.149275421002e-03 4.373021041166e-02)	(-5.555304512794e-04 4.204748393077e-01 7.543334963025e-04)
19.5                	(5.593339783948e+00 2.372248770183e+00 5.692940623009e-01)	(5.593339783948e+00 2.372248770183e+00 5.692940623009e-01)	(2.813582182404e-03 1.828664425116e-01 -3.529789427928e-03)	(-1.596753594419e-01 -1.465242398262e-03 1.296807077210e-02)	(-3.078355778600e-03 4.295990215459e-01 4.842209392650e-03)
19.6                	(5.581851234132e+00 2.372140362137e+00 5.690044412181e-01)	(5.581851234132e+00 2.372140362137e+00 5.690044412181e-01)	(2.285291260115e-03 2.222238361084e-01 -2.950782021225e-03)	(-7.174639188371e-02 -6.921206226868e-04 -1.734501789318e-02)	(-4.946960914558e-03 3.381682274973e-01 8.369001585314e-03)
19.7                	(5.578545604471e+00 2.372111665605e+00 5.662930788661e-01)	(5.578545604471e+00 2.372111665605e+00 5.662930788661e-01)	(1.533640267779e-03 2.467681916939e-01 -2.010432143893e-03)	(3.193424975386e-03 1.213143640014e-04 -3.400321405837e-02)	(-5.387536713228e-03 1.368399648501e-01 1.061340462555e-02)
19.8                	(5.582000955266e+00 2.372166126952e+00 5.627928258972e-01)	(5.582000955266e+00 2.372166126952e+00 5.627928258972e-01)	(7.673309822453e-04 2.475953946884e-01 -8.734770067469e-04)	(6.362720470090e-02 9.781882828348e-04 -3.320264149916e-02)	(-4.032151994029e-03 -1.226932027403e-01 1.119232946826e-02)
19.9                	(5.590868773262e+00 2.372308105179e+00 5.601030650388e-01)	(5.590868773262e+00 2.372308105179e+00 5.601030650388e-01)	(2.326539815514e-04 2.234306323596e-01 2.532187678058e-04)	(1.119487523620e-01 1.850959690749e-03 -1.892860438946e-02)	(-1.154406689405e-03 -3.463695875712e-01 1.027770926950e-02)
20                  	(5.604069405923e+00 2.372531913759e+00 5.592343446199e-01)	(5.604069405923e+00 2.372531913759e+00 5.592343446199e-01)	(1.034854506047e-04 1.823421849666e-01 1.208561964214e-03)	(1.505958678242e-01 2.591365486557e-03 2.162592224343e-03)	(2.496933611428e-03 -4.516585600979e-01 8.165672174598e-03)
20.1                	(5.620723502642e+00 2.372815500715e+00 5.605661582404e-01)	(5.620723502642e+00 2.372815500715e+00 5.605661582404e-01)	(4.214011941581e-04 1.378660199925e-01 1.902603119132e-03)	(1.813162474080e-01 3.014778758844e-03 2.427465005987e-02)	(5.995010387203e-03 -4.162465605039e-01 5.239475015041e-03)
20.2                	(5.640121849676e+00 2.373122769883e+00 5.640104845982e-01)	(5.640121849676e+00 2.373122769883e+00 5.640104845982e-01)	(1.110005916622e-03 1.024515796215e-01 2.287135175361e-03)	(2.056170685431e-01 3.081303780229e-03 4.402900593898e-02)	(8.474707469589e-03 -2.812250230196e-01 1.850168393067e-03)
20.3                	(5.661634401962e+00 2.373423208540e+00 5.692596999976e-01)	(5.661634401962e+00 2.373423208540e+00 5.692596999976e-01)	(2.011643507802e-03 8.247320485663e-02 2.329352055850e-03)	(2.234316678646e-01 2.900098831117e-03 6.031141900198e-02)	(9.356536999655e-03 -1.207071616019e-01 -1.580625932850e-03)
20.4                	(5.684550758993e+00 2.373697237116e+00 5.759835955571e-01)	(5.684550758993e+00 2.373697237116e+00 5.759835955571e-01)	(2.946681580561e-03 7.671498131457e-02 2.022174266283e-03)	(2.334651160017e-01 2.562977527345e-03 7.367539218955e-02)	(8.600299770732e-03 -7.463179740128e-03 -4.731249326877e-03)
20.5                	(5.708049688322e+00 2.373933381853e+00 5.839667207766e-01)	(5.708049688322e+00 2.373933381853e+00 5.839667207766e-01)	(3.756087253377e-03 7.781796398871e-02 1.410060295956e-03)	(2.352613336476e-01 2.154775983223e-03 8.582309481218e-02)	(6.445783234331e-03 1.229588068764e-02 -7.306445390488e-03)
20.6                	(5.731445367482e+00 2.374128347566e+00 5.932025683225e-01)	(5.731445367482e+00 2.374128347566e+00 5.932025683225e-01)	(4.313779392758e-03 7.596273025113e-02 5.754369133685e-04)	(2.323811681712e-01 1.751787684807e-03 9.953535289691e-02)	(3.286630549473e-03 -6.297386342877e-02 -9.414184993988e-03)
20.7                	(5.754599324928e+00 2.374285393507e+00 6.040295396286e-01)	(5.754599324928e+00 2.374285393507e+00 6.040295396286e-01)	(4.530273737076e-03 6.335514777361e-02 -3.887244352433e-04)	(2.316549073901e-01 1.390533309575e-03 1.181016981712e-01)	(-3.418416175921e-04 -1.936207476378e-01 -1.077676911383e-02)
20.8                	(5.778080249619e+00 2.374406169826e+00 6.171019273348e-01)	(5.778080249619e+00 2.374406169826e+00 6.171019273348e-01)	(4.371464949278e-03 3.737198636274e-02 -1.366997684859e-03)	(2.398919342403e-01 1.025132637690e-03 1.449042102322e-01)	(-3.747998258202e-03 -3.203616078509e-01 -1.086191736030e-02)
20.9                	(5.802983457180e+00 2.374490431042e+00 6.333068034430e-01)	(5.802983457180e+00 2.374490431042e+00 6.333068034430e-01)	(3.876405437725e-03 1.123133941894e-03 -2.253311167364e-03)	(2.600858383246e-01 6.600358414618e-04 1.803863260530e-01)	(-6.324330071083e-03 -3.929395377288e-01 -9.653511566317e-03)
21                  	(5.830359863552e+00 2.374538363982e+00 6.532938935851e-01)	(5.830359863552e+00 2.374538363982e+00 6.532938935851e-01)	(3.156684621588e-03 -3.887623865243e-02 -2.969655297956e-03)	(2.879175730550e-01 3.085097559071e-04 2.192019668658e-01)	(-7.565019393859e-03 -3.967244777681e-01 -7.333827074776e-03)
21.1                	(5.860443684001e+00 2.374556389564e+00 6.769466179414e-01)	(5.860443684001e+00 2.374556389564e+00 6.769466179414e-01)	(2.373611547736e-03 -7.686025291928e-02 -3.445356792240e-03)	(3.117528315091e-01 8.273762133737e-05 2.513693422302e-01)	(-7.326366632478e-03 -3.610576346497e-01 -4.117873769918e-03)
21.2                	(5.892042487303e+00 2.374561900129e+00 7.028394228642e-01)	(5.892042487303e+00 2.374561900129e+00 7.028394228642e-01)	(1.691223556039e-03 -1.115430909794e-01 -3.588178066071e-03)	(3.157897565018e-01 6.622956002839e-05 2.616831137625e-01)	(-5.925074154262e-03 -3.379099669772e-01 7.892230036322e-06)
21.3                	(5.922490116955e+00 2.374576928078e+00 7.281176899847e-01)	(5.922490116955e+00 2.374576928078e+00 7.281176899847e-01)	(1.233648533452e-03 -1.457509093684e-01 -3.303615503979e-03)	(2.867603690213e-01 2.675500728662e-04 2.372932452265e-01)	(-3.930379034915e-03 -3.521442797927e-01 4.679604230983e-03)
21.4                	(5.948010182887e+00 2.374621455826e+00 7.488761972995e-01)	(5.948010182887e+00 2.374621455826e+00 7.488761972995e-01)	(1.069863730425e-03 -1.826209794274e-01 -2.560198579592e-03)	(2.166180034163e-01 6.427368463212e-04 1.706164293278e-01)	(-1.813120341691e-03 -3.843002173424e-01 9.016163728644e-03)
21.5                	(5.964566817465e+00 2.374705157719e+00 7.608604127198e-01)	(5.964566817465e+00 2.374705157719e+00 7.608604127198e-01)	(1.215759474633e-03 -2.214444562513e-01 -1.419862854469e-03)	(1.096093845082e-01 1.012914497074e-03 6.297126592379e-02)	(6.167037604642e-05 -3.816405575770e-01 1.218995033067e-02)
21.6                	(5.969427719626e+00 2.374813925489e+00 7.605458163551e-01)	(5.969427719626e+00 2.374813925489e+00 7.605458163551e-01)	(1.617472303392e-03 -2.561122682599e-01 -4.141804135210e-05)	(-1.252917464694e-02 1.075832583363e-03 -7.215414220762e-02)	(1.265446319173e-03 -2.952968172495e-01 1.311207014671e-02)
21.7                	(5.962495382394e+00 2.374904036518e+00 7.462764593100e-01)	(5.962495382394e+00 2.374904036518e+00 7.462764593100e-01)	(2.102559814237e-03 -2.771199553473e-01 1.267544017748e-03)	(-1.221208528047e-01 6.528061700527e-04 -2.115655654748e-01)	(1.305086322211e-03 -1.094884466136e-01 1.087861866196e-02)
21.8                	(5.945950624849e+00 2.374932959087e+00 7.190584019956e-01)	(5.945950624849e+00 2.374932959087e+00 7.190584019956e-01)	(2.441068035230e-03 -2.756622204958e-01 2.168732038852e-03)	(-2.038547209728e-01 -1.048924041227e-04 -3.260884263027e-01)	(3.885183007654e-04 1.452202018337e-01 6.273647518041e-03)
21.9                	(5.922552492584e+00 2.374881500998e+00 6.828016054701e-01)	(5.922552492584e+00 2.374881500998e+00 6.828016054701e-01)	(2.496837493830e-03 -2.480576436231e-01 2.467733060250e-03)	(-2.611563898358e-01 -9.282916697276e-04 -3.886247666048e-01)	(-8.213952047702e-04 3.999823137224e-01 8.372750325704e-04)
22                  	(5.894017311187e+00 2.374749208562e+00 6.435295399140e-01)	(5.894017311187e+00 2.374749208562e+00 6.435295399140e-01)	(2.314748050993e-03 -1.982664635613e-01 2.164716192517e-03)	(-3.092735315850e-01 -1.694712343388e-03 -3.858476619423e-01)	(-1.326164396208e-03 5.777832579153e-01 -4.170893062978e-03)
22.1                	(5.860647132533e+00 2.374547837823e+00 6.075760384142e-01)	(5.860647132533e+00 2.374547837823e+00 6.075760384142e-01)	(2.078311262271e-03 -1.365707506183e-01 1.414105306833e-03)	(-3.582810467881e-01 -2.310743256861e-03 -3.251739641975e-01)	(-7.703414863485e-04 6.354047532361e-01 -7.626626955902e-03)
22.2                	(5.822472626202e+00 2.374295286008e+00 5.796806152524e-01)	(5.822472626202e+00 2.374295286008e+00 5.796806152524e-01)	(1.957106664730e-03 -7.492264550250e-02 4.293230855962e-04)	(-4.036090660406e-01 -2.698113148616e-03 -2.290470388844e-01)	(4.711207792079e-04 5.827240960665e-01 -9.198369010804e-03)
22.3                	(5.780432817548e+00 2.374015804483e+00 5.620779623404e-01)	(5.780432817548e+00 2.374015804483e+00 5.620779623404e-01)	(2.026981137776e-03 -2.195882376677e-02 -6.116515961078e-04)	(-4.336474138145e-01 -2.862504403810e-03 -1.235852758834e-01)	(1.888824951383e-03 4.730982160337e-01 -9.299424365407e-03)
22.4                	(5.736579233717e+00 2.373726112390e+00 5.544927579781e-01)	(5.736579233717e+00 2.373726112390e+00 5.544927579781e-01)	(2.269724021180e-03 2.003871939349e-02 -1.590999775029e-03)	(-4.386294633742e-01 -2.918471212489e-03 -3.200967761105e-02)	(2.852281540699e-03 3.737202639900e-01 -8.345707857559e-03)
22.5                	(5.693713309027e+00 2.373435049902e+00 5.546840267906e-01)	(5.693713309027e+00 2.373435049902e+00 5.546840267906e-01)	(2.596974951846e-03 5.470847045846e-02 -2.426194074791e-03)	(-4.134833884402e-01 -2.885006340235e-03 3.006386484626e-02)	(2.887792663256e-03 3.312610254694e-01 -6.526013008126e-03)
22.6                	(5.654886718091e+00 2.373154304720e+00 5.593022003034e-01)	(5.654886718091e+00 2.373154304720e+00 5.593022003034e-01)	(2.886681665152e-03 8.848054495191e-02 -3.051492620777e-03)	(-3.583320428336e-01 -2.693424932506e-03 5.633787972283e-02)	(1.857390779229e-03 3.537302558131e-01 -3.958659208589e-03)
22.7                	(5.622842467937e+00 2.372903713807e+00 5.648681071327e-01)	(5.622842467937e+00 2.372903713807e+00 5.648681071327e-01)	(3.019889945203e-03 1.265426259554e-01 -3.399791030345e-03)	(-2.794512995222e-01 -2.283652042903e-03 5.034874185601e-02)	(-2.603562962075e-05 4.088162005935e-01 -5.864549036529e-04)
22.8                	(5.599404290744e+00 2.372704048473e+00 5.686624551885e-01)	(5.599404290744e+00 2.372704048473e+00 5.686624551885e-01)	(2.902708981790e-03 1.693393001955e-01 -3.394923761726e-03)	(-1.884238164023e-01 -1.680905135297e-03 2.325667687302e-02)	(-2.286002465054e-03 4.369320044750e-01 3.258385159721e-03)
22.9                	(5.585117534754e+00 2.372571508139e+00 5.693602993489e-01)	(5.585117534754e+00 2.372571508139e+00 5.693602993489e-01)	(2.494712158186e-03 2.109832639265e-01 -2.990653227856e-03)	(-9.844879114738e-02 -9.556980844339e-04 -8.678732037538e-03)	(-4.192525665838e-03 3.776572565160e-01 6.839262092541e-03)
23                  	(5.579331678689e+00 2.372515116329e+00 5.672827279303e-01)	(5.579331678689e+00 2.372515116329e+00 5.672827279303e-01)	(1.846677544103e-03 2.410637712421e-01 -2.212879024950e-03)	(-1.955638622993e-02 -1.674718880224e-04 -3.028337024010e-02)	(-4.997712051332e-03 2.061766243429e-01 9.426868208426e-03)
23.1                	(5.580722130454e+00 2.372539210527e+00 5.638799362161e-01)	(5.580722130454e+00 2.372539210527e+00 5.638799362161e-01)	(1.121232916179e-03 2.495436123289e-01 -1.185736033930e-03)	(4.499609857263e-02 6.623925358960e-04 -3.486584180730e-02)	(-4.195630672554e-03 -4.364556433052e-02 1.050460522041e-02)
23.2                	(5.587903924241e+00 2.372649127078e+00 5.608249507072e-01)	(5.587903924241e+00 2.372649127078e+00 5.608249507072e-01)	(5.471993024235e-04 2.325579392120e-01 -1.026267087923e-04)	(9.675393199926e-02 1.539501972053e-03 -2.423244357413e-02)	(-1.845578234757e-03 -2.865902796159e-01 1.004646310424e-02)
23.3                	(5.599736171121e+00 2.372844008148e+00 5.593260165159e-01)	(5.599736171121e+00 2.372844008148e+00 5.593260165159e-01)	(3.173312134560e-04 1.955569309969e-01 8.633582158671e-04)	(1.383588078392e-01 2.333831023390e-03 -4.799438757056e-03)	(1.474715361888e-03 -4.314945063195e-01 8.356029687671e-03)
23.4                	(5.615293650473e+00 2.373107280773e+00 5.599543375095e-01)	(5.615293650473e+00 2.373107280773e+00 5.599543375095e-01)	(5.098893307246e-04 1.510049056724e-01 1.604961473761e-03)	(1.715335536624e-01 2.869870216467e-03 1.739782161202e-02)	(4.899943592970e-03 -4.364246345528e-01 5.783384334814e-03)
23.5                	(5.633814776482e+00 2.373404956388e+00 5.627549855690e-01)	(5.633814776482e+00 2.373404956388e+00 5.627549855690e-01)	(1.084480243713e-03 1.121987998472e-01 2.065536442750e-03)	(1.978600624420e-01 3.023745439993e-03 3.819013431486e-02)	(7.623250376043e-03 -3.252917746624e-01 2.687775104635e-03)
23.6                	(5.654654419287e+00 2.373702862868e+00 5.674813290632e-01)	(5.654654419287e+00 2.373702862868e+00 5.674813290632e-01)	(1.910979779362e-03 8.756450858025e-02 2.207439184287e-03)	(2.178275196273e-01 2.893825337814e-03 5.578718048715e-02)	(8.933500994201e-03 -1.659029714181e-01 -5.675376984767e-04)
23.7                	(5.677131262606e+00 2.373978015858e+00 5.738015461841e-01)	(5.677131262606e+00 2.373978015858e+00 5.738015461841e-01)	(2.817866242499e-03 7.808767728410e-02 2.014862241203e-03)	(2.303686550023e-01 2.582903700740e-03 7.019789193850e-02)	(8.640220703616e-03 -3.370576307089e-02 -3.648644608298e-03)
23.8                	(5.700446601254e+00 2.374215876599e+00 5.814516214979e-01)	(5.700446601254e+00 2.374215876599e+00 5.814516214979e-01)	(3.645287385157e-03 7.800869201747e-02 1.513467987369e-03)	(2.346104409440e-01 2.163842888911e-03 8.273099978214e-02)	(6.917656482596e-03 1.566702302788e-02 -6.251504009025e-03)
23.9                	(5.723837814826e+00 2.374409748868e+00 5.903430774453e-01)	(5.723837814826e+00 2.374409748868e+00 5.903430774453e-01)	(4.262250287958e-03 7.787210525904e-02 7.759994370924e-04)	(2.326564816520e-01 1.715014646169e-03 9.558517740247e-02)	(4.119151811650e-03 -3.345384578428e-02 -8.409495734923e-03)
24                  	(5.746983833471e+00 2.374560332539e+00 6.006955329133e-01)	(5.746983833471e+00 2.374560332539e+00 6.006955329133e-01)	(4.571653265675e-03 6.897515587914e-02 -1.154064020838e-04)	(2.308355361620e-01 1.303461252934e-03 1.123086838494e-01)	(6.853063599887e-04 -1.520960980737e-01 -1.002698522212e-02)
24.1                	(5.770250589863e+00 2.374670785509e+00 6.130429600442e-01)	(5.770250589863e+00 2.374670785509e+00 6.130429600442e-01)	(4.521167202370e-03 4.699122745506e-02 -1.056690800064e-03)	(2.362048829034e-01 9.062699696277e-04 1.361064298669e-01)	(-2.751831410214e-03 -2.848201316492e-01 -1.055641852299e-02)
24.2                	(5.794619318656e+00 2.374742252609e+00 6.282209493095e-01)	(5.794619318656e+00 2.374742252609e+00 6.282209493095e-01)	(4.124611009904e-03 1.339617082752e-02 -1.940515143763e-03)	(2.532112496844e-01 5.274024566875e-04 1.688444407239e-01)	(-5.586318826378e-03 -3.765585042029e-01 -9.827182944119e-03)
24.3                	(5.821225518497e+00 2.374776836053e+00 6.470033732332e-01)	(5.821225518497e+00 2.374776836053e+00 6.470033732332e-01)	(3.465665136850e-03 -2.602013778225e-02 -2.688803613828e-03)	(2.799328221057e-01 1.704121754378e-04 2.071241059284e-01)	(-7.283612164236e-03 -4.004521392769e-01 -7.970876920847e-03)
24.4                	(5.850609001985e+00 2.374779643004e+00 6.695565384419e-01)	(5.850609001985e+00 2.374779643004e+00 6.695565384419e-01)	(2.687719425538e-03 -6.495251966023e-02 -3.235965752626e-03)	(3.065904608637e-01 -8.597927048689e-05 2.425332721269e-01)	(-7.547112517310e-03 -3.732426067773e-01 -5.222096810288e-03)
24.5                	(5.882033175754e+00 2.374766567532e+00 6.949244292730e-01)	(5.882033175754e+00 2.374766567532e+00 6.949244292730e-01)	(1.954901533147e-03 -1.006223823963e-01 -3.501183462797e-03)	(3.181882974255e-01 -1.369835208901e-04 2.608732502186e-01)	(-6.511152573633e-03 -3.435092701864e-01 -1.564894222705e-03)
24.6                	(5.913253419950e+00 2.374760218895e+00 7.206880969092e-01)	(5.913253419950e+00 2.374760218895e+00 7.206880969092e-01)	(1.406229252443e-03 -1.348497445877e-01 -3.384024288966e-03)	(3.003323608416e-01 4.754637911149e-05 2.483166133663e-01)	(-4.677484848511e-03 -3.473299629347e-01 2.836494805495e-03)
24.7                	(5.940767881943e+00 2.374782810913e+00 7.432251989259e-01)	(5.940767881943e+00 2.374782810913e+00 7.432251989259e-01)	(1.130980840500e-03 -1.710535764913e-01 -2.821737032661e-03)	(2.429162306498e-01 4.337305885966e-04 1.952089375568e-01)	(-2.549207267179e-03 -3.783149458014e-01 7.302901620626e-03)
24.8                	(5.960484775023e+00 2.374849597209e+00 7.582985731200e-01)	(5.960484775023e+00 2.374849597209e+00 7.582985731200e-01)	(1.168174805354e-03 -2.099107776280e-01 -1.838745740778e-03)	(1.455890410147e-01 8.895270005562e-04 9.955375070039e-02)	(-4.930688036370e-04 -3.908902180165e-01 1.091297687922e-02)
24.9                	(5.969093441346e+00 2.374955132381e+00 7.620222070875e-01)	(5.969093441346e+00 2.374955132381e+00 7.620222070875e-01)	(1.497113112614e-03 -2.468069136119e-01 -5.503505792078e-04)	(2.498994279909e-02 1.147917655019e-03 -2.909952752198e-02)	(1.096648297305e-03 -3.317651865760e-01 1.279765230850e-02)
25                  	(5.965644075733e+00 2.375061525365e+00 7.520560646838e-01)	(5.965644075733e+00 2.375061525365e+00 7.520560646838e-01)	(1.991083487447e-03 -2.729192243688e-01 7.876807147003e-04)	(-9.092845445733e-02 8.949700028712e-04 -1.700853954775e-01)	(1.680829059620e-03 -1.740000361814e-01 1.161790758249e-02)
25.1                	(5.951769279092e+00 2.375119575794e+00 7.285214823809e-01)	(5.951769279092e+00 2.375119575794e+00 7.285214823809e-01)	(2.424310764048e-03 -2.788212565763e-01 1.824451486515e-03)	(-1.815976341281e-01 2.110991503423e-04 -2.954665168860e-01)	(1.159961032885e-03 6.571751043684e-02 7.703228036101e-03)
25.2                	(5.930249099258e+00 2.375098741017e+00 6.944595198661e-01)	(5.930249099258e+00 2.375098741017e+00 6.944595198661e-01)	(2.615696262211e-03 -2.589924518037e-01 2.305141054289e-03)	(-2.450097669284e-01 -6.341992519122e-04 -3.762561218140e-01)	(4.265785345919e-05 3.280801677505e-01 2.485796708938e-03)
25.3                	(5.903236537373e+00 2.374992537363e+00 6.554013648382e-01)	(5.903236537373e+00 2.374992537363e+00 6.554013648382e-01)	(2.543471001731e-03 -2.150811615715e-01 2.171794689198e-03)	(-2.942730578049e-01 -1.475698601086e-03 -3.937064438885e-01)	(-7.630994157101e-04 5.347681099770e-01 -2.692378164395e-03)
25.4                	(5.871397371780e+00 2.374809024829e+00 6.178184863248e-01)	(5.871397371780e+00 2.374809024829e+00 6.178184863248e-01)	(2.351147409769e-03 -1.558480938430e-01 1.535566777798e-03)	(-3.428115180131e-01 -2.171886882214e-03 -3.487664285980e-01)	(-6.135883104814e-04 6.291249893696e-01 -6.630273593175e-03)
25.5                	(5.834693599552e+00 2.374564525394e+00 5.870955468868e-01)	(5.834693599552e+00 2.374564525394e+00 5.870955468868e-01)	(2.215357777126e-03 -9.325385678422e-02 6.029402060176e-04)	(-3.903236510748e-01 -2.673521633587e-03 -2.605852222079e-01)	(2.717517544295e-04 6.053669257349e-01 -8.717068879748e-03)
25.6                	(5.793723314370e+00 2.374282663333e+00 5.662685032014e-01)	(5.793723314370e+00 2.374282663333e+00 5.662685032014e-01)	(2.233685966213e-03 -3.732020565104e-02 -4.296181673427e-04)	(-4.261134129006e-01 -2.926120161279e-03 -1.552167170810e-01)	(1.426154807823e-03 5.063040796930e-01 -9.187035181428e-03)
25.7                	(5.750221306050e+00 2.373983728797e+00 5.557927561570e-01)	(5.750221306050e+00 2.373983728797e+00 5.557927561570e-01)	(2.411382680027e-03 7.709128912575e-03 -1.426311412324e-03)	(-4.394531475350e-01 -3.037481875004e-03 -5.731751936440e-02)	(2.315099170664e-03 3.983967958912e-01 -8.496283386229e-03)
25.8                	(5.706802893708e+00 2.373678358903e+00 5.539378563394e-01)	(5.706802893708e+00 2.373678358903e+00 5.539378563394e-01)	(2.679458628434e-03 4.393073466225e-02 -2.294757439917e-03)	(-4.237687996033e-01 -3.051447907570e-03 1.488911748879e-02)	(2.437043275040e-03 3.368910911044e-01 -6.875755351238e-03)
25.9                	(5.666489757676e+00 2.373378054194e+00 5.575929996028e-01)	(5.666489757676e+00 2.373378054194e+00 5.575929996028e-01)	(2.927113237754e-03 7.733152818574e-02 -2.963341325356e-03)	(-3.775226089827e-01 -2.919646991035e-03 5.216002792311e-02)	(1.554815388838e-03 3.420545302780e-01 -4.471231154884e-03)
26                  	(5.632171631678e+00 2.373101946223e+00 5.632176993615e-01)	(5.632171631678e+00 2.373101946223e+00 5.632176993615e-01)	(3.040362397798e-03 1.138485799109e-01 -3.368848699041e-03)	(-3.048282393825e-01 -2.565042401919e-03 5.517784122232e-02)	(-1.524588286238e-04 3.931041362794e-01 -1.272781630042e-03)
26.1                	(5.606010201770e+00 2.372872110029e+00 5.677847046100e-01)	(5.606010201770e+00 2.372872110029e+00 5.677847046100e-01)	(2.927932953839e-03 1.556574556819e-01 -3.436746120252e-03)	(-2.167826409260e-01 -2.000333753190e-03 3.305757910163e-02)	(-2.275404431937e-03 4.359020225713e-01 2.485889422438e-03)
26.2                	(5.588927902365e+00 2.372706803026e+00 5.694882898275e-01)	(5.588927902365e+00 2.372706803026e+00 5.694882898275e-01)	(2.542473885823e-03 1.986675289630e-01 -3.113898421875e-03)	(-1.255163524063e-01 -1.289018670555e-03 7.991430922171e-04)	(-4.163278760907e-03 4.077863989065e-01 6.153756743630e-03)
26.3                	(5.580611660685e+00 2.372616946685e+00 5.681641106974e-01)	(5.580611660685e+00 2.372616946685e+00 5.681641106974e-01)	(1.915835557345e-03 2.334830550364e-01 -2.409780460728e-03)	(-4.289582595098e-02 -4.978690528886e-04 -2.513178187412e-02)	(-5.095256105000e-03 2.695403391236e-01 8.978505009339e-03)
26.4                	(5.579878448543e+00 2.372608295829e+00 5.650062628277e-01)	(5.579878448543e+00 2.372608295829e+00 5.650062628277e-01)	(1.185085536861e-03 2.493542094438e-01 -1.424849561901e-03)	(2.582183821760e-02 3.333206752765e-04 -3.509753505190e-02)	(-4.486368721053e-03 3.664716504491e-02 1.039513120468e-02)
26.5                	(5.585327754641e+00 2.372686446643e+00 5.617014101030e-01)	(5.585327754641e+00 2.372686446643e+00 5.617014101030e-01)	(5.693010158339e-04 2.400511528450e-01 -3.415581463297e-04)	(8.115832024079e-02 1.238510171027e-03 -2.861672586423e-02)	(-2.297685112494e-03 -2.183182601467e-01 1.023936868553e-02)
26.6                	(5.595751637315e+00 2.372855412181e+00 5.596408593926e-01)	(5.595751637315e+00 2.372855412181e+00 5.596408593926e-01)	(2.744887980797e-04 2.081874757956e-01 6.569263018307e-04)	(1.257330237046e-01 2.120135344591e-03 -1.133036810012e-02)	(9.961695022703e-04 -3.998369680025e-01 8.786482048154e-03)
26.7                	(5.610179761996e+00 2.373104125545e+00 5.595867480754e-01)	(5.610179761996e+00 2.373104125545e+00 5.595867480754e-01)	(4.044802584736e-04 1.646310933224e-01 1.448525136736e-03)	(1.614698823063e-01 2.800693472497e-03 1.051408013381e-02)	(4.528665424965e-03 -4.473734061250e-01 6.363126871058e-03)
26.8                	(5.627804546204e+00 2.373402533299e+00 5.617269617790e-01)	(5.627804546204e+00 2.373402533299e+00 5.617269617790e-01)	(9.381765754249e-04 1.230718718321e-01 1.967558884861e-03)	(1.899460583109e-01 3.100298963861e-03 3.197818373625e-02)	(7.482154539630e-03 -3.660972439871e-01 3.313068639449e-03)
26.9                	(5.647959021055e+00 2.373712933525e+00 5.658851644506e-01)	(5.647959021055e+00 2.373712933525e+00 5.658851644506e-01)	(1.759036893226e-03 9.379164439721e-02 2.172279526642e-03)	(2.120799753572e-01 3.062221954034e-03 5.066457300183e-02)	(9.121909120276e-03 -2.140460898260e-01 -8.527174061015e-06)
27                  	(5.669983162261e+00 2.374007815481e+00 5.717438216276e-01)	(5.669983162261e+00 2.374007815481e+00 5.717438216276e-01)	(2.695310740253e-03 8.006418509151e-02 2.038074256361e-03)	(2.271197559390e-01 2.804896946928e-03 6.607323812689e-02)	(9.112617412851e-03 -6.738124976236e-02 -3.215447270529e-03)
27.1                	(5.693101654254e+00 2.374269340039e+00 5.790116168974e-01)	(5.693101654254e+00 2.374269340039e+00 5.790116168974e-01)	(3.577408846807e-03 7.796176386045e-02 1.578353066943e-03)	(2.338614682225e-01 2.407223419691e-03 7.910626298779e-02)	(7.582551114088e-03 1.014063878828e-02 -5.967963055503e-03)
27.2                	(5.716503371941e+00 2.374487239506e+00 5.875411826910e-01)	(5.716503371941e+00 2.374487239506e+00 5.875411826910e-01)	(4.264740564251e-03 7.875863503327e-02 8.632986790564e-04)	(2.332563187862e-01 1.947211018721e-03 9.162119927896e-02)	(4.878771342484e-03 -1.053143821419e-02 -8.151419197819e-03)
27.3                	(5.739692431538e+00 2.374659172754e+00 5.974443681780e-01)	(5.739692431538e+00 2.374659172754e+00 5.974443681780e-01)	(4.651972445821e-03 7.311956490657e-02 -2.024740012683e-05)	(2.307463877701e-01 1.503087874401e-03 1.070938375402e-01)	(1.429765513275e-03 -1.124878409025e-01 -9.869594369443e-03)
27.4                	(5.762830246121e+00 2.374788667677e+00 6.091553288810e-01)	(5.762830246121e+00 2.374788667677e+00 6.091553288810e-01)	(4.674674522780e-03 5.519097372858e-02 -9.731829211943e-04)	(2.334432507189e-01 1.088252856833e-03 1.284141230546e-01)	(-2.182298204628e-03 -2.463511031069e-01 -1.062525541248e-02)
27.5                	(5.786750051400e+00 2.374877311683e+00 6.234222679247e-01)	(5.786750051400e+00 2.374877311683e+00 6.234222679247e-01)	(4.331740605171e-03 2.472925705560e-02 -1.883180532166e-03)	(2.469955046192e-01 6.884764864084e-04 1.583990004125e-01)	(-5.293730563969e-03 -3.543076635768e-01 -1.010798783213e-02)
27.6                	(5.812607395290e+00 2.374927377894e+00 6.410762039764e-01)	(5.812607395290e+00 2.374927377894e+00 6.410762039764e-01)	(3.693524129035e-03 -1.352045257549e-02 -2.664242982478e-03)	(2.716358287443e-01 3.146853634688e-04 1.954101317596e-01)	(-7.356148102548e-03 -3.989090350227e-01 -8.410958295948e-03)
27.7                	(5.841198063435e+00 2.374942465790e+00 6.625052367413e-01)	(5.841198063435e+00 2.374942465790e+00 6.625052367413e-01)	(2.895589938064e-03 -5.302742124302e-02 -3.249927513841e-03)	(2.995535419693e-01 8.867895417515e-06 2.324603525243e-01)	(-7.972213733201e-03 -3.840806576006e-01 -5.771118363567e-03)
27.8                	(5.872215221667e+00 2.374935338834e+00 6.871564987556e-01)	(5.872215221667e+00 2.374935338834e+00 6.871564987556e-01)	(2.106350514867e-03 -8.970466033915e-02 -3.569269969948e-03)	(3.175140457729e-01 -1.158575460269e-04 2.572172613584e-01)	(-7.160800882221e-03 -3.511227931079e-01 -2.283105231270e-03)
27.9                	(5.903846904119e+00 2.374927142844e+00 7.130561274567e-01)	(5.903846904119e+00 2.374927142844e+00 7.130561274567e-01)	(1.480286577892e-03 -1.241765782467e-01 -3.526382943866e-03)	(3.097714568330e-01 -1.125385181526e-05 2.551880585082e-01)	(-5.361288588898e-03 -3.445151651513e-01 2.016770589470e-03)
28                  	(5.932924193005e+00 2.374939940928e+00 7.369240667507e-01)	(5.932924193005e+00 2.374939940928e+00 7.369240667507e-01)	(1.122838081618e-03 -1.597534157698e-01 -3.044150992694e-03)	(2.649055458285e-01 2.976330771778e-04 2.151555064313e-01)	(-3.144685225396e-03 -3.706256463803e-01 6.596022787625e-03)
