                 0.1	   7.000401483285e-01   4.014832845245e-05
0.2	   7.000968669370e-01   9.686693696265e-05
0.3	   7.001743471906e-01   1.743471906281e-04
0.4	   7.002723467464e-01   2.723467464101e-04
0.5	   7.003732011730e-01   3.732011730062e-04
0.6	   7.004521462925e-01   4.521462925444e-04
0.7	   7.004981683386e-01   4.981683386425e-04
0.8	   7.005184458446e-01   5.184458446055e-04
0.9	   7.005205249329e-01   5.205249328581e-04
1	   7.004911046782e-01   4.911046781982e-04
1.1	   7.003806823213e-01   3.806823212908e-04
1.2	   7.001136448682e-01   1.136448682426e-04
1.3	   6.996228659386e-01  -3.771340614065e-04
1.4	   6.988806563183e-01  -1.119343681695e-03
1.5	   6.979367961428e-01  -2.063203857236e-03
1.6	   6.969311025591e-01  -3.068897440937e-03
1.7	   6.960930267263e-01  -3.906973273660e-03
1.8	   6.957086995737e-01  -4.291300426304e-03
1.9	   6.960862736952e-01  -3.913726304824e-03
2	   6.974661499761e-01  -2.533850023938e-03
2.1	   6.998818197998e-01  -1.181802002426e-04
2.2	   7.030788108842e-01   3.078810884194e-03
2.3	   7.065009084193e-01   6.500908419288e-03
2.4	   7.093769100275e-01   9.376910027534e-03
2.5	   7.108109236791e-01   1.081092367914e-02
2.6	   7.101334900438e-01   1.013349004376e-02
2.7	   7.071366039907e-01   7.136603990660e-03
2.8	   7.022343173060e-01   2.234317305963e-03
2.9	   6.963201501684e-01  -3.679849831627e-03
3	   6.905468907592e-01  -9.453109240829e-03
3.1	   6.861389506068e-01  -1.386104939319e-02
3.2	   6.840407626871e-01  -1.595923731289e-02
3.3	   6.848900741171e-01  -1.510992588288e-02
3.4	   6.889504020792e-01  -1.104959792075e-02
3.5	   6.958904393785e-01  -4.109560621529e-03
3.6	   7.046964287062e-01   4.696428706198e-03
3.7	   7.137776161925e-01   1.377761619251e-02
3.8	   7.210302902832e-01   2.103029028324e-02
3.9	   7.244003141640e-01   2.440031416398e-02
4	   7.227260152437e-01   2.272601524370e-02
4.1	   7.161867462448e-01   1.618674624481e-02
4.2	   7.063081712860e-01   6.308171286036e-03
4.3	   6.951958490811e-01  -4.804150918875e-03
4.4	   6.849788281234e-01  -1.502117187658e-02
4.5	   6.773502683636e-01  -2.264973163644e-02
4.6	   6.735255977484e-01  -2.647440225159e-02
4.7	   6.742118207807e-01  -2.578817921930e-02
4.8	   6.796908368579e-01  -2.030916314209e-02
4.9	   6.896931392081e-01  -1.030686079192e-02
5	   7.031278088173e-01   3.127808817338e-03
5.1	   7.178185518551e-01   1.781855185510e-02
5.2	   7.304620855556e-01   3.046208555563e-02
5.3	   7.373789745158e-01   3.737897451580e-02
5.4	   7.361680380767e-01   3.616803807674e-02
5.5	   7.269927432413e-01   2.699274324126e-02
5.6	   7.125512009220e-01   1.255120092198e-02
5.7	   6.963614698376e-01  -3.638530162405e-03
5.8	   6.815833342618e-01  -1.841666573819e-02
5.9	   6.704280414544e-01  -2.957195854558e-02
6	   6.643057554990e-01  -3.569424450104e-02
6.1	   6.639438027259e-01  -3.605619727406e-02
6.2	   6.697407119908e-01  -3.025928800918e-02
6.3	   6.815770397026e-01  -1.842296029738e-02
6.4	   6.986602633783e-01  -1.339736621745e-03
6.5	   7.187934828255e-01   1.879348282551e-02
6.6	   7.378731423250e-01   3.787314232497e-02
6.7	   7.501524711942e-01   5.015247119420e-02
6.8	   7.509644191374e-01   5.096441913738e-02
6.9	   7.400509416392e-01   4.005094163921e-02
7	   7.213172871434e-01   2.131728714344e-02
7.1	   7.000268445531e-01   2.684455314095e-05
7.2	   6.804854686434e-01  -1.951453135664e-02
7.3	   6.654455631660e-01  -3.455443683397e-02
7.4	   6.564454575843e-01  -4.355454241574e-02
7.5	   6.542729228384e-01  -4.572707716157e-02
7.6	   6.593524349761e-01  -4.064756502387e-02
7.7	   6.719323791345e-01  -2.806762086550e-02
7.8	   6.916726017041e-01  -8.327398295930e-03
7.9	   7.168348506062e-01   1.683485060621e-02
8	   7.428978486347e-01   4.289784863466e-02
8.1	   7.618692340004e-01   6.186923400041e-02
8.2	   7.661279433713e-01   6.612794337132e-02
8.3	   7.542376715520e-01   5.423767155199e-02
8.4	   7.315351134800e-01   3.153511348001e-02
8.5	   7.052591768127e-01   5.259176812668e-03
8.6	   6.810294130917e-01  -1.897058690831e-02
8.7	   6.620983029202e-01  -3.790169707981e-02
8.8	   6.499878283713e-01  -5.001217162871e-02
8.9	   6.454292120333e-01  -5.457078796668e-02
9	   6.487827474464e-01  -5.121725255359e-02
9.1	   6.603682647847e-01  -3.963173521530e-02
9.2	   6.803117581140e-01  -1.968824188596e-02
9.3	   7.076841295328e-01   7.684129532760e-03
9.4	   7.387127273838e-01   3.871272738378e-02
9.5	   7.646335709275e-01   6.463357092746e-02
9.6	   7.746914736833e-01   7.469147368328e-02
9.7	   7.651430887316e-01   6.514308873159e-02
9.8	   7.416276838375e-01   4.162768383746e-02
9.9	   7.129687938521e-01   1.296879385215e-02
10	   6.860452367527e-01  -1.395476324729e-02
10.1	   6.647102778364e-01  -3.528972216357e-02
10.2	   6.506479328595e-01  -4.935206714051e-02
10.3	   6.444271582720e-01  -5.557284172795e-02
10.4	   6.461701273844e-01  -5.382987261563e-02
10.5	   6.559981281081e-01  -4.400187189191e-02
10.6	   6.739746255050e-01  -2.602537449502e-02
10.7	   6.994972949716e-01  -5.027050284490e-04
10.8	   7.296834270176e-01   2.968342701759e-02
10.9	   7.571881583272e-01   5.718815832717e-02
11	   7.716939168141e-01   7.169391681413e-02
11.1	   7.675201123258e-01   6.752011232576e-02
11.2	   7.480096340337e-01   4.800963403374e-02
11.3	   7.211433038930e-01   2.114330389298e-02
11.4	   6.941593478510e-01  -5.840652149022e-03
11.5	   6.715841150220e-01  -2.841588497796e-02
11.6	   6.556118602181e-01  -4.438813978194e-02
11.7	   6.470201428466e-01  -5.297985715338e-02
11.8	   6.460506030139e-01  -5.394939698615e-02
11.9	   6.529046080785e-01  -4.709539192148e-02
12	   6.677121759316e-01  -3.228782406836e-02
12.1	   6.902997599032e-01  -9.700240096801e-03
12.2	   7.188817818985e-01   1.888178189846e-02
12.3	   7.477789617186e-01   4.777896171863e-02
12.4	   7.672483632620e-01   6.724836326202e-02
12.5	   7.694773153790e-01   6.947731537900e-02
12.6	   7.549037996679e-01   5.490379966795e-02
12.7	   7.303398713345e-01   3.033987133454e-02
12.8	   7.033353421689e-01   3.335342168878e-03
12.9	   6.792526938838e-01  -2.074730611625e-02
13	   6.609893591378e-01  -3.901064086224e-02
13.1	   6.496919234590e-01  -5.030807654104e-02
13.2	   6.459059297490e-01  -5.409407025103e-02
13.3	   6.498897875060e-01  -5.011021249401e-02
13.4	   6.618415761847e-01  -3.815842381528e-02
13.5	   6.817775001354e-01  -1.822249986464e-02
13.6	   7.087414316448e-01   8.741431644776e-03
13.7	   7.384093217359e-01   3.840932173590e-02
13.8	   7.619802914991e-01   6.198029149907e-02
13.9	   7.703159937049e-01   7.031599370488e-02
14	   7.610208630011e-01   6.102086300114e-02
14.1	   7.392984520554e-01   3.929845205540e-02
14.2	   7.126930582873e-01   1.269305828732e-02
14.3	   6.873118599919e-01  -1.268814000810e-02
14.4	   6.667726722578e-01  -3.322732774224e-02
14.5	   6.528561462991e-01  -4.714385370087e-02
14.6	   6.463665414243e-01  -5.363345857566e-02
14.7	   6.476817503202e-01  -5.231824967984e-02
14.8	   6.570053813258e-01  -4.299461867423e-02
14.9	   6.744877602891e-01  -2.551223971091e-02
15	   6.995465206184e-01  -4.534793815603e-04
15.1	   7.290790460940e-01   2.907904609403e-02
15.2	   7.555829044463e-01   5.558290444626e-02
15.3	   7.694105779416e-01   6.941057794159e-02
15.4	   7.657212344604e-01   6.572123446039e-02
15.5	   7.475395704086e-01   4.753957040863e-02
15.6	   7.220140958039e-01   2.201409580394e-02
15.7	   6.958089425331e-01  -4.191057466922e-03
15.8	   6.733769314666e-01  -2.662306853337e-02
15.9	   6.570635209686e-01  -4.293647903143e-02
16	   6.478916897659e-01  -5.210831023411e-02
16.1	   6.463561227784e-01  -5.364387722164e-02
16.2	   6.527804599741e-01  -4.721954002591e-02
16.3	   6.672987790504e-01  -3.270122094965e-02
16.4	   6.898002055771e-01  -1.019979442291e-02
16.5	   7.183602270817e-01   1.836022708170e-02
16.6	   7.469305327793e-01   4.693053277929e-02
16.7	   7.659949312456e-01   6.599493124560e-02
16.8	   7.685936880657e-01   6.859368806566e-02
16.9	   7.551481644578e-01   5.514816445784e-02
17	   7.317557717559e-01   3.175577175590e-02
17.1	   7.053724992890e-01   5.372499289010e-03
17.2	   6.812225718191e-01  -1.877742818088e-02
17.3	   6.623909340116e-01  -3.760906598836e-02
17.4	   6.503920416072e-01  -4.960795839281e-02
17.5	   6.460110164006e-01  -5.398898359943e-02
17.6	   6.495997091601e-01  -5.040029083986e-02
17.7	   6.612861258082e-01  -3.871387419180e-02
17.8	   6.811604286638e-01  -1.883957133623e-02
17.9	   7.081995061430e-01   8.199506142984e-03
18	   7.377499532901e-01   3.774995329008e-02
18.1	   7.610582941800e-01   6.105829418002e-02
18.2	   7.696077917986e-01   6.960779179860e-02
18.3	   7.611579001834e-01   6.115790018337e-02
18.4	   7.404197116436e-01   4.041971164359e-02
18.5	   7.144065512924e-01   1.440655129237e-02
18.6	   6.890395767969e-01  -1.096042320309e-02
18.7	   6.680937339626e-01  -3.190626603744e-02
18.8	   6.537122874874e-01  -4.628771251264e-02
18.9	   6.468419630410e-01  -5.315803695900e-02
19	   6.478509374427e-01  -5.214906255728e-02
19.1	   6.568898992183e-01  -4.311010078169e-02
19.2	   6.740059568720e-01  -2.599404312800e-02
19.3	   6.986813218556e-01  -1.318678144406e-03
19.4	   7.279073038297e-01   2.790730382973e-02
19.5	   7.540560759093e-01   5.405607590926e-02
19.6	   7.678347464962e-01   6.783474649616e-02
19.7	   7.648818941938e-01   6.488189419380e-02
19.8	   7.478092297900e-01   4.780922979000e-02
19.9	   7.231884185366e-01   2.318841853662e-02
20	   6.973957663710e-01  -2.604233629049e-03
20.1	   6.748570535482e-01  -2.514294645175e-02
20.2	   6.581432360282e-01  -4.185676397175e-02
20.3	   6.486429135538e-01  -5.135708644618e-02
20.4	   6.469499770595e-01  -5.305002294054e-02
20.5	   6.532163448777e-01  -4.678365512228e-02
20.6	   6.676275986164e-01  -3.237240138363e-02
20.7	   6.901165901281e-01  -9.883409871864e-03
20.8	   7.185310192425e-01   1.853101924248e-02
20.9	   7.466356905762e-01   4.663569057620e-02
21	   7.652359039525e-01   6.523590395249e-02
21.1	   7.681025367698e-01   6.810253676982e-02
21.2	   7.554803779891e-01   5.548037798910e-02
21.3	   7.328904541159e-01   3.289045411587e-02
21.4	   7.069161699442e-01   6.916169944241e-03
21.5	   6.827208735064e-01  -1.727912649363e-02
21.6	   6.635412446753e-01  -3.645875532468e-02
21.7	   6.510899883205e-01  -4.891001167953e-02
21.8	   6.463619174549e-01  -5.363808254506e-02
21.9	   6.497508709900e-01  -5.024912901004e-02
22	   6.616092683289e-01  -3.839073167105e-02
22.1	   6.821530485591e-01  -1.784695144092e-02
22.2	   7.098150585317e-01   9.815058531694e-03
22.3	   7.394190490856e-01   3.941904908563e-02
22.4	   7.619554505184e-01   6.195545051839e-02
22.5	   7.697739408693e-01   6.977394086935e-02
22.6	   7.612802162205e-01   6.128021622049e-02
22.7	   7.409774484314e-01   4.097744843140e-02
22.8	   7.153720705120e-01   1.537207051196e-02
22.9	   6.901198626468e-01  -9.880137353223e-03
23	   6.690536748481e-01  -3.094632515187e-02
23.1	   6.544294780985e-01  -4.557052190151e-02
23.2	   6.473967558628e-01  -5.260324413719e-02
23.3	   6.483147923785e-01  -5.168520762153e-02
23.4	   6.574006937178e-01  -4.259930628222e-02
23.5	   6.751348471455e-01  -2.486515285451e-02
23.6	   7.007252629887e-01   7.252629887058e-04
23.7	   7.302436235340e-01   3.024362353400e-02
23.8	   7.556193100987e-01   5.561931009868e-02
23.9	   7.683536281330e-01   6.835362813304e-02
24	   7.649346901604e-01   6.493469016042e-02
24.1	   7.480568412793e-01   4.805684127927e-02
24.2	   7.238510572875e-01   2.385105728748e-02
24.3	   6.982594085940e-01  -1.740591406025e-03
24.4	   6.756248909470e-01  -2.437510905301e-02
24.5	   6.587089339172e-01  -4.129106608282e-02
24.6	   6.489501981799e-01  -5.104980182009e-02
24.7	   6.471620907107e-01  -5.283790928930e-02
24.8	   6.535175282057e-01  -4.648247179427e-02
24.9	   6.683053944981e-01  -3.169460550188e-02
25	   6.911677382148e-01  -8.832261785195e-03
25.1	   7.197493501444e-01   1.974935014438e-02
25.2	   7.473807430206e-01   4.738074302055e-02
25.3	   7.650543524630e-01   6.505435246298e-02
25.4	   7.670200697966e-01   6.702006979659e-02
25.5	   7.540360759901e-01   5.403607599011e-02
25.6	   7.316797095685e-01   3.167970956849e-02
25.7	   7.061425616850e-01   6.142561685033e-03
25.8	   6.822857290032e-01  -1.771427099683e-02
25.9	   6.633084685211e-01  -3.669153147891e-02
26	   6.511389164105e-01  -4.886108358949e-02
26.1	   6.468992933881e-01  -5.310070661186e-02
26.2	   6.507781940117e-01  -4.922180598829e-02
26.3	   6.630178033838e-01  -3.698219661623e-02
26.4	   6.837749516174e-01  -1.622504838260e-02
26.5	   7.114411733598e-01   1.144117335981e-02
26.6	   7.405360085124e-01   4.053600851237e-02
26.7	   7.621262388085e-01   6.212623880851e-02
26.8	   7.690725474322e-01   6.907254743219e-02
26.9	   7.600724390863e-01   6.007243908631e-02
27	   7.397037097901e-01   3.970370979007e-02
27.1	   7.143318798797e-01   1.433187987968e-02
27.2	   6.893939866586e-01  -1.060601334139e-02
27.3	   6.685840398044e-01  -3.141596019565e-02
27.4	   6.540506466606e-01  -4.594935333936e-02
27.5	   6.470962518379e-01  -5.290374816214e-02
27.6	   6.483844960334e-01  -5.161550396658e-02
27.7	   6.582186257495e-01  -4.178137425046e-02
27.8	   6.768185060773e-01  -2.318149392272e-02
27.9	   7.030388527057e-01   3.038852705713e-03
28	   7.327247005220e-01   3.272470052195e-02
