                 0.1	(   5.750000000000e+00   3.500000000000e+00  7.000401483285e-01) 
0.2	(   5.750000000000e+00   3.500000000000e+00  7.000968669370e-01) 
0.3	(   5.750000000000e+00   3.500000000000e+00  7.001743471906e-01) 
0.4	(   5.750000000000e+00   3.500000000000e+00  7.002723467464e-01) 
0.5	(   5.750000000000e+00   3.500000000000e+00  7.003732011730e-01) 
0.6	(   5.750000000000e+00   3.500000000000e+00  7.004521462925e-01) 
0.7	(   5.750000000000e+00   3.500000000000e+00  7.004981683386e-01) 
0.8	(   5.750000000000e+00   3.500000000000e+00  7.005184458446e-01) 
0.9	(   5.750000000000e+00   3.500000000000e+00  7.005205249329e-01) 
1	(   5.750000000000e+00   3.500000000000e+00  7.004911046782e-01) 
1.1	(   5.750000000000e+00   3.500000000000e+00  7.003806823213e-01) 
1.2	(   5.750000000000e+00   3.500000000000e+00  7.001136448682e-01) 
1.3	(   5.750000000000e+00   3.500000000000e+00  6.996228659386e-01) 
1.4	(   5.750000000000e+00   3.500000000000e+00  6.988806563183e-01) 
1.5	(   5.750000000000e+00   3.500000000000e+00  6.979367961428e-01) 
1.6	(   5.750000000000e+00   3.500000000000e+00  6.969311025591e-01) 
1.7	(   5.750000000000e+00   3.500000000000e+00  6.960930267263e-01) 
1.8	(   5.750000000000e+00   3.500000000000e+00  6.957086995737e-01) 
1.9	(   5.750000000000e+00   3.500000000000e+00  6.960862736952e-01) 
2	(   5.750000000000e+00   3.500000000000e+00  6.974661499761e-01) 
2.1	(   5.750000000000e+00   3.500000000000e+00  6.998818197998e-01) 
2.2	(   5.750000000000e+00   3.500000000000e+00  7.030788108842e-01) 
2.3	(   5.750000000000e+00   3.500000000000e+00  7.065009084193e-01) 
2.4	(   5.750000000000e+00   3.500000000000e+00  7.093769100275e-01) 
2.5	(   5.750000000000e+00   3.500000000000e+00  7.108109236791e-01) 
2.6	(   5.750000000000e+00   3.500000000000e+00  7.101334900438e-01) 
2.7	(   5.750000000000e+00   3.500000000000e+00  7.071366039907e-01) 
2.8	(   5.750000000000e+00   3.500000000000e+00  7.022343173060e-01) 
2.9	(   5.750000000000e+00   3.500000000000e+00  6.963201501684e-01) 
3	(   5.750000000000e+00   3.500000000000e+00  6.905468907592e-01) 
3.1	(   5.750000000000e+00   3.500000000000e+00  6.861389506068e-01) 
3.2	(   5.750000000000e+00   3.500000000000e+00  6.840407626871e-01) 
3.3	(   5.750000000000e+00   3.500000000000e+00  6.848900741171e-01) 
3.4	(   5.750000000000e+00   3.500000000000e+00  6.889504020792e-01) 
3.5	(   5.750000000000e+00   3.500000000000e+00  6.958904393785e-01) 
3.6	(   5.750000000000e+00   3.500000000000e+00  7.046964287062e-01) 
3.7	(   5.750000000000e+00   3.500000000000e+00  7.137776161925e-01) 
3.8	(   5.750000000000e+00   3.500000000000e+00  7.210302902832e-01) 
3.9	(   5.750000000000e+00   3.500000000000e+00  7.244003141640e-01) 
4	(   5.750000000000e+00   3.500000000000e+00  7.227260152437e-01) 
4.1	(   5.750000000000e+00   3.500000000000e+00  7.161867462448e-01) 
4.2	(   5.750000000000e+00   3.500000000000e+00  7.063081712860e-01) 
4.3	(   5.750000000000e+00   3.500000000000e+00  6.951958490811e-01) 
4.4	(   5.750000000000e+00   3.500000000000e+00  6.849788281234e-01) 
4.5	(   5.750000000000e+00   3.500000000000e+00  6.773502683636e-01) 
4.6	(   5.750000000000e+00   3.500000000000e+00  6.735255977484e-01) 
4.7	(   5.750000000000e+00   3.500000000000e+00  6.742118207807e-01) 
4.8	(   5.750000000000e+00   3.500000000000e+00  6.796908368579e-01) 
4.9	(   5.750000000000e+00   3.500000000000e+00  6.896931392081e-01) 
5	(   5.750000000000e+00   3.500000000000e+00  7.031278088173e-01) 
5.1	(   5.750000000000e+00   3.500000000000e+00  7.178185518551e-01) 
5.2	(   5.750000000000e+00   3.500000000000e+00  7.304620855556e-01) 
5.3	(   5.750000000000e+00   3.500000000000e+00  7.373789745158e-01) 
5.4	(   5.750000000000e+00   3.500000000000e+00  7.361680380767e-01) 
5.5	(   5.750000000000e+00   3.500000000000e+00  7.269927432413e-01) 
5.6	(   5.750000000000e+00   3.500000000000e+00  7.125512009220e-01) 
5.7	(   5.750000000000e+00   3.500000000000e+00  6.963614698376e-01) 
5.8	(   5.750000000000e+00   3.500000000000e+00  6.815833342618e-01) 
5.9	(   5.750000000000e+00   3.500000000000e+00  6.704280414544e-01) 
6	(   5.750000000000e+00   3.500000000000e+00  6.643057554990e-01) 
6.1	(   5.750000000000e+00   3.500000000000e+00  6.639438027259e-01) 
6.2	(   5.750000000000e+00   3.500000000000e+00  6.697407119908e-01) 
6.3	(   5.750000000000e+00   3.500000000000e+00  6.815770397026e-01) 
6.4	(   5.750000000000e+00   3.500000000000e+00  6.986602633783e-01) 
6.5	(   5.750000000000e+00   3.500000000000e+00  7.187934828255e-01) 
6.6	(   5.750000000000e+00   3.500000000000e+00  7.378731423250e-01) 
6.7	(   5.750000000000e+00   3.500000000000e+00  7.501524711942e-01) 
6.8	(   5.750000000000e+00   3.500000000000e+00  7.509644191374e-01) 
6.9	(   5.750000000000e+00   3.500000000000e+00  7.400509416392e-01) 
7	(   5.750000000000e+00   3.500000000000e+00  7.213172871434e-01) 
7.1	(   5.750000000000e+00   3.500000000000e+00  7.000268445531e-01) 
7.2	(   5.750000000000e+00   3.500000000000e+00  6.804854686434e-01) 
7.3	(   5.750000000000e+00   3.500000000000e+00  6.654455631660e-01) 
7.4	(   5.750000000000e+00   3.500000000000e+00  6.564454575843e-01) 
7.5	(   5.750000000000e+00   3.500000000000e+00  6.542729228384e-01) 
7.6	(   5.750000000000e+00   3.500000000000e+00  6.593524349761e-01) 
7.7	(   5.750000000000e+00   3.500000000000e+00  6.719323791345e-01) 
7.8	(   5.750000000000e+00   3.500000000000e+00  6.916726017041e-01) 
7.9	(   5.750000000000e+00   3.500000000000e+00  7.168348506062e-01) 
8	(   5.750000000000e+00   3.500000000000e+00  7.428978486347e-01) 
8.1	(   5.750000000000e+00   3.500000000000e+00  7.618692340004e-01) 
8.2	(   5.750000000000e+00   3.500000000000e+00  7.661279433713e-01) 
8.3	(   5.750000000000e+00   3.500000000000e+00  7.542376715520e-01) 
8.4	(   5.750000000000e+00   3.500000000000e+00  7.315351134800e-01) 
8.5	(   5.750000000000e+00   3.500000000000e+00  7.052591768127e-01) 
8.6	(   5.750000000000e+00   3.500000000000e+00  6.810294130917e-01) 
8.7	(   5.750000000000e+00   3.500000000000e+00  6.620983029202e-01) 
8.8	(   5.750000000000e+00   3.500000000000e+00  6.499878283713e-01) 
8.9	(   5.750000000000e+00   3.500000000000e+00  6.454292120333e-01) 
9	(   5.750000000000e+00   3.500000000000e+00  6.487827474464e-01) 
9.1	(   5.750000000000e+00   3.500000000000e+00  6.603682647847e-01) 
9.2	(   5.750000000000e+00   3.500000000000e+00  6.803117581140e-01) 
9.3	(   5.750000000000e+00   3.500000000000e+00  7.076841295328e-01) 
9.4	(   5.750000000000e+00   3.500000000000e+00  7.387127273838e-01) 
9.5	(   5.750000000000e+00   3.500000000000e+00  7.646335709275e-01) 
9.6	(   5.750000000000e+00   3.500000000000e+00  7.746914736833e-01) 
9.7	(   5.750000000000e+00   3.500000000000e+00  7.651430887316e-01) 
9.8	(   5.750000000000e+00   3.500000000000e+00  7.416276838375e-01) 
9.9	(   5.750000000000e+00   3.500000000000e+00  7.129687938521e-01) 
10	(   5.750000000000e+00   3.500000000000e+00  6.860452367527e-01) 
10.1	(   5.750000000000e+00   3.500000000000e+00  6.647102778364e-01) 
10.2	(   5.750000000000e+00   3.500000000000e+00  6.506479328595e-01) 
10.3	(   5.750000000000e+00   3.500000000000e+00  6.444271582720e-01) 
10.4	(   5.750000000000e+00   3.500000000000e+00  6.461701273844e-01) 
10.5	(   5.750000000000e+00   3.500000000000e+00  6.559981281081e-01) 
10.6	(   5.750000000000e+00   3.500000000000e+00  6.739746255050e-01) 
10.7	(   5.750000000000e+00   3.500000000000e+00  6.994972949716e-01) 
10.8	(   5.750000000000e+00   3.500000000000e+00  7.296834270176e-01) 
10.9	(   5.750000000000e+00   3.500000000000e+00  7.571881583272e-01) 
11	(   5.750000000000e+00   3.500000000000e+00  7.716939168141e-01) 
11.1	(   5.750000000000e+00   3.500000000000e+00  7.675201123258e-01) 
11.2	(   5.750000000000e+00   3.500000000000e+00  7.480096340337e-01) 
11.3	(   5.750000000000e+00   3.500000000000e+00  7.211433038930e-01) 
11.4	(   5.750000000000e+00   3.500000000000e+00  6.941593478510e-01) 
11.5	(   5.750000000000e+00   3.500000000000e+00  6.715841150220e-01) 
11.6	(   5.750000000000e+00   3.500000000000e+00  6.556118602181e-01) 
11.7	(   5.750000000000e+00   3.500000000000e+00  6.470201428466e-01) 
11.8	(   5.750000000000e+00   3.500000000000e+00  6.460506030139e-01) 
11.9	(   5.750000000000e+00   3.500000000000e+00  6.529046080785e-01) 
12	(   5.750000000000e+00   3.500000000000e+00  6.677121759316e-01) 
12.1	(   5.750000000000e+00   3.500000000000e+00  6.902997599032e-01) 
12.2	(   5.750000000000e+00   3.500000000000e+00  7.188817818985e-01) 
12.3	(   5.750000000000e+00   3.500000000000e+00  7.477789617186e-01) 
12.4	(   5.750000000000e+00   3.500000000000e+00  7.672483632620e-01) 
12.5	(   5.750000000000e+00   3.500000000000e+00  7.694773153790e-01) 
12.6	(   5.750000000000e+00   3.500000000000e+00  7.549037996679e-01) 
12.7	(   5.750000000000e+00   3.500000000000e+00  7.303398713345e-01) 
12.8	(   5.750000000000e+00   3.500000000000e+00  7.033353421689e-01) 
12.9	(   5.750000000000e+00   3.500000000000e+00  6.792526938838e-01) 
13	(   5.750000000000e+00   3.500000000000e+00  6.609893591378e-01) 
13.1	(   5.750000000000e+00   3.500000000000e+00  6.496919234590e-01) 
13.2	(   5.750000000000e+00   3.500000000000e+00  6.459059297490e-01) 
13.3	(   5.750000000000e+00   3.500000000000e+00  6.498897875060e-01) 
13.4	(   5.750000000000e+00   3.500000000000e+00  6.618415761847e-01) 
13.5	(   5.750000000000e+00   3.500000000000e+00  6.817775001354e-01) 
13.6	(   5.750000000000e+00   3.500000000000e+00  7.087414316448e-01) 
13.7	(   5.750000000000e+00   3.500000000000e+00  7.384093217359e-01) 
13.8	(   5.750000000000e+00   3.500000000000e+00  7.619802914991e-01) 
13.9	(   5.750000000000e+00   3.500000000000e+00  7.703159937049e-01) 
14	(   5.750000000000e+00   3.500000000000e+00  7.610208630011e-01) 
14.1	(   5.750000000000e+00   3.500000000000e+00  7.392984520554e-01) 
14.2	(   5.750000000000e+00   3.500000000000e+00  7.126930582873e-01) 
14.3	(   5.750000000000e+00   3.500000000000e+00  6.873118599919e-01) 
14.4	(   5.750000000000e+00   3.500000000000e+00  6.667726722578e-01) 
14.5	(   5.750000000000e+00   3.500000000000e+00  6.528561462991e-01) 
14.6	(   5.750000000000e+00   3.500000000000e+00  6.463665414243e-01) 
14.7	(   5.750000000000e+00   3.500000000000e+00  6.476817503202e-01) 
14.8	(   5.750000000000e+00   3.500000000000e+00  6.570053813258e-01) 
14.9	(   5.750000000000e+00   3.500000000000e+00  6.744877602891e-01) 
15	(   5.750000000000e+00   3.500000000000e+00  6.995465206184e-01) 
15.1	(   5.750000000000e+00   3.500000000000e+00  7.290790460940e-01) 
15.2	(   5.750000000000e+00   3.500000000000e+00  7.555829044463e-01) 
15.3	(   5.750000000000e+00   3.500000000000e+00  7.694105779416e-01) 
15.4	(   5.750000000000e+00   3.500000000000e+00  7.657212344604e-01) 
15.5	(   5.750000000000e+00   3.500000000000e+00  7.475395704086e-01) 
15.6	(   5.750000000000e+00   3.500000000000e+00  7.220140958039e-01) 
15.7	(   5.750000000000e+00   3.500000000000e+00  6.958089425331e-01) 
15.8	(   5.750000000000e+00   3.500000000000e+00  6.733769314666e-01) 
15.9	(   5.750000000000e+00   3.500000000000e+00  6.570635209686e-01) 
16	(   5.750000000000e+00   3.500000000000e+00  6.478916897659e-01) 
16.1	(   5.750000000000e+00   3.500000000000e+00  6.463561227784e-01) 
16.2	(   5.750000000000e+00   3.500000000000e+00  6.527804599741e-01) 
16.3	(   5.750000000000e+00   3.500000000000e+00  6.672987790504e-01) 
16.4	(   5.750000000000e+00   3.500000000000e+00  6.898002055771e-01) 
16.5	(   5.750000000000e+00   3.500000000000e+00  7.183602270817e-01) 
16.6	(   5.750000000000e+00   3.500000000000e+00  7.469305327793e-01) 
16.7	(   5.750000000000e+00   3.500000000000e+00  7.659949312456e-01) 
16.8	(   5.750000000000e+00   3.500000000000e+00  7.685936880657e-01) 
16.9	(   5.750000000000e+00   3.500000000000e+00  7.551481644578e-01) 
17	(   5.750000000000e+00   3.500000000000e+00  7.317557717559e-01) 
17.1	(   5.750000000000e+00   3.500000000000e+00  7.053724992890e-01) 
17.2	(   5.750000000000e+00   3.500000000000e+00  6.812225718191e-01) 
17.3	(   5.750000000000e+00   3.500000000000e+00  6.623909340116e-01) 
17.4	(   5.750000000000e+00   3.500000000000e+00  6.503920416072e-01) 
17.5	(   5.750000000000e+00   3.500000000000e+00  6.460110164006e-01) 
17.6	(   5.750000000000e+00   3.500000000000e+00  6.495997091601e-01) 
17.7	(   5.750000000000e+00   3.500000000000e+00  6.612861258082e-01) 
17.8	(   5.750000000000e+00   3.500000000000e+00  6.811604286638e-01) 
17.9	(   5.750000000000e+00   3.500000000000e+00  7.081995061430e-01) 
18	(   5.750000000000e+00   3.500000000000e+00  7.377499532901e-01) 
18.1	(   5.750000000000e+00   3.500000000000e+00  7.610582941800e-01) 
18.2	(   5.750000000000e+00   3.500000000000e+00  7.696077917986e-01) 
18.3	(   5.750000000000e+00   3.500000000000e+00  7.611579001834e-01) 
18.4	(   5.750000000000e+00   3.500000000000e+00  7.404197116436e-01) 
18.5	(   5.750000000000e+00   3.500000000000e+00  7.144065512924e-01) 
18.6	(   5.750000000000e+00   3.500000000000e+00  6.890395767969e-01) 
18.7	(   5.750000000000e+00   3.500000000000e+00  6.680937339626e-01) 
18.8	(   5.750000000000e+00   3.500000000000e+00  6.537122874874e-01) 
18.9	(   5.750000000000e+00   3.500000000000e+00  6.468419630410e-01) 
19	(   5.750000000000e+00   3.500000000000e+00  6.478509374427e-01) 
19.1	(   5.750000000000e+00   3.500000000000e+00  6.568898992183e-01) 
19.2	(   5.750000000000e+00   3.500000000000e+00  6.740059568720e-01) 
19.3	(   5.750000000000e+00   3.500000000000e+00  6.986813218556e-01) 
19.4	(   5.750000000000e+00   3.500000000000e+00  7.279073038297e-01) 
19.5	(   5.750000000000e+00   3.500000000000e+00  7.540560759093e-01) 
19.6	(   5.750000000000e+00   3.500000000000e+00  7.678347464962e-01) 
19.7	(   5.750000000000e+00   3.500000000000e+00  7.648818941938e-01) 
19.8	(   5.750000000000e+00   3.500000000000e+00  7.478092297900e-01) 
19.9	(   5.750000000000e+00   3.500000000000e+00  7.231884185366e-01) 
20	(   5.750000000000e+00   3.500000000000e+00  6.973957663710e-01) 
20.1	(   5.750000000000e+00   3.500000000000e+00  6.748570535482e-01) 
20.2	(   5.750000000000e+00   3.500000000000e+00  6.581432360282e-01) 
20.3	(   5.750000000000e+00   3.500000000000e+00  6.486429135538e-01) 
20.4	(   5.750000000000e+00   3.500000000000e+00  6.469499770595e-01) 
20.5	(   5.750000000000e+00   3.500000000000e+00  6.532163448777e-01) 
20.6	(   5.750000000000e+00   3.500000000000e+00  6.676275986164e-01) 
20.7	(   5.750000000000e+00   3.500000000000e+00  6.901165901281e-01) 
20.8	(   5.750000000000e+00   3.500000000000e+00  7.185310192425e-01) 
20.9	(   5.750000000000e+00   3.500000000000e+00  7.466356905762e-01) 
21	(   5.750000000000e+00   3.500000000000e+00  7.652359039525e-01) 
21.1	(   5.750000000000e+00   3.500000000000e+00  7.681025367698e-01) 
21.2	(   5.750000000000e+00   3.500000000000e+00  7.554803779891e-01) 
21.3	(   5.750000000000e+00   3.500000000000e+00  7.328904541159e-01) 
21.4	(   5.750000000000e+00   3.500000000000e+00  7.069161699442e-01) 
21.5	(   5.750000000000e+00   3.500000000000e+00  6.827208735064e-01) 
21.6	(   5.750000000000e+00   3.500000000000e+00  6.635412446753e-01) 
21.7	(   5.750000000000e+00   3.500000000000e+00  6.510899883205e-01) 
21.8	(   5.750000000000e+00   3.500000000000e+00  6.463619174549e-01) 
21.9	(   5.750000000000e+00   3.500000000000e+00  6.497508709900e-01) 
22	(   5.750000000000e+00   3.500000000000e+00  6.616092683289e-01) 
22.1	(   5.750000000000e+00   3.500000000000e+00  6.821530485591e-01) 
22.2	(   5.750000000000e+00   3.500000000000e+00  7.098150585317e-01) 
22.3	(   5.750000000000e+00   3.500000000000e+00  7.394190490856e-01) 
22.4	(   5.750000000000e+00   3.500000000000e+00  7.619554505184e-01) 
22.5	(   5.750000000000e+00   3.500000000000e+00  7.697739408693e-01) 
22.6	(   5.750000000000e+00   3.500000000000e+00  7.612802162205e-01) 
22.7	(   5.750000000000e+00   3.500000000000e+00  7.409774484314e-01) 
22.8	(   5.750000000000e+00   3.500000000000e+00  7.153720705120e-01) 
22.9	(   5.750000000000e+00   3.500000000000e+00  6.901198626468e-01) 
23	(   5.750000000000e+00   3.500000000000e+00  6.690536748481e-01) 
23.1	(   5.750000000000e+00   3.500000000000e+00  6.544294780985e-01) 
23.2	(   5.750000000000e+00   3.500000000000e+00  6.473967558628e-01) 
23.3	(   5.750000000000e+00   3.500000000000e+00  6.483147923785e-01) 
23.4	(   5.750000000000e+00   3.500000000000e+00  6.574006937178e-01) 
23.5	(   5.750000000000e+00   3.500000000000e+00  6.751348471455e-01) 
23.6	(   5.750000000000e+00   3.500000000000e+00  7.007252629887e-01) 
23.7	(   5.750000000000e+00   3.500000000000e+00  7.302436235340e-01) 
23.8	(   5.750000000000e+00   3.500000000000e+00  7.556193100987e-01) 
23.9	(   5.750000000000e+00   3.500000000000e+00  7.683536281330e-01) 
24	(   5.750000000000e+00   3.500000000000e+00  7.649346901604e-01) 
24.1	(   5.750000000000e+00   3.500000000000e+00  7.480568412793e-01) 
24.2	(   5.750000000000e+00   3.500000000000e+00  7.238510572875e-01) 
24.3	(   5.750000000000e+00   3.500000000000e+00  6.982594085940e-01) 
24.4	(   5.750000000000e+00   3.500000000000e+00  6.756248909470e-01) 
24.5	(   5.750000000000e+00   3.500000000000e+00  6.587089339172e-01) 
24.6	(   5.750000000000e+00   3.500000000000e+00  6.489501981799e-01) 
24.7	(   5.750000000000e+00   3.500000000000e+00  6.471620907107e-01) 
24.8	(   5.750000000000e+00   3.500000000000e+00  6.535175282057e-01) 
24.9	(   5.750000000000e+00   3.500000000000e+00  6.683053944981e-01) 
25	(   5.750000000000e+00   3.500000000000e+00  6.911677382148e-01) 
25.1	(   5.750000000000e+00   3.500000000000e+00  7.197493501444e-01) 
25.2	(   5.750000000000e+00   3.500000000000e+00  7.473807430206e-01) 
25.3	(   5.750000000000e+00   3.500000000000e+00  7.650543524630e-01) 
25.4	(   5.750000000000e+00   3.500000000000e+00  7.670200697966e-01) 
25.5	(   5.750000000000e+00   3.500000000000e+00  7.540360759901e-01) 
25.6	(   5.750000000000e+00   3.500000000000e+00  7.316797095685e-01) 
25.7	(   5.750000000000e+00   3.500000000000e+00  7.061425616850e-01) 
25.8	(   5.750000000000e+00   3.500000000000e+00  6.822857290032e-01) 
25.9	(   5.750000000000e+00   3.500000000000e+00  6.633084685211e-01) 
26	(   5.750000000000e+00   3.500000000000e+00  6.511389164105e-01) 
26.1	(   5.750000000000e+00   3.500000000000e+00  6.468992933881e-01) 
26.2	(   5.750000000000e+00   3.500000000000e+00  6.507781940117e-01) 
26.3	(   5.750000000000e+00   3.500000000000e+00  6.630178033838e-01) 
26.4	(   5.750000000000e+00   3.500000000000e+00  6.837749516174e-01) 
26.5	(   5.750000000000e+00   3.500000000000e+00  7.114411733598e-01) 
26.6	(   5.750000000000e+00   3.500000000000e+00  7.405360085124e-01) 
26.7	(   5.750000000000e+00   3.500000000000e+00  7.621262388085e-01) 
26.8	(   5.750000000000e+00   3.500000000000e+00  7.690725474322e-01) 
26.9	(   5.750000000000e+00   3.500000000000e+00  7.600724390863e-01) 
27	(   5.750000000000e+00   3.500000000000e+00  7.397037097901e-01) 
27.1	(   5.750000000000e+00   3.500000000000e+00  7.143318798797e-01) 
27.2	(   5.750000000000e+00   3.500000000000e+00  6.893939866586e-01) 
27.3	(   5.750000000000e+00   3.500000000000e+00  6.685840398044e-01) 
27.4	(   5.750000000000e+00   3.500000000000e+00  6.540506466606e-01) 
27.5	(   5.750000000000e+00   3.500000000000e+00  6.470962518379e-01) 
27.6	(   5.750000000000e+00   3.500000000000e+00  6.483844960334e-01) 
27.7	(   5.750000000000e+00   3.500000000000e+00  6.582186257495e-01) 
27.8	(   5.750000000000e+00   3.500000000000e+00  6.768185060773e-01) 
27.9	(   5.750000000000e+00   3.500000000000e+00  7.030388527057e-01) 
28	(   5.750000000000e+00   3.500000000000e+00  7.327247005220e-01) 
