                 0.1	   7.000048155969e-01   4.815596856833e-06
0.2	   6.999556742887e-01  -4.432571131141e-05
0.3	   6.998602066912e-01  -1.397933088423e-04
0.4	   6.997657253385e-01  -2.342746614510e-04
0.5	   6.997700605920e-01  -2.299394080294e-04
0.6	   6.999366557328e-01  -6.334426716925e-05
0.7	   7.002213252741e-01   2.213252741265e-04
0.8	   7.005778047360e-01   5.778047359724e-04
0.9	   7.010297134035e-01   1.029713403506e-03
1	   7.014121307527e-01   1.412130752721e-03
1.1	   7.013586766759e-01   1.358676675859e-03
1.2	   7.005660147386e-01   5.660147386310e-04
1.3	   6.991683181344e-01  -8.316818656464e-04
1.4	   6.977358776654e-01  -2.264122334592e-03
1.5	   6.970102247166e-01  -2.989775283403e-03
1.6	   6.975134740822e-01  -2.486525917753e-03
1.7	   6.993697853749e-01  -6.302146251407e-04
1.8	   7.021745674762e-01   2.174567476200e-03
1.9	   7.048630300247e-01   4.863030024660e-03
2	   7.058288427124e-01   5.828842712430e-03
2.1	   7.039947640096e-01   3.994764009626e-03
2.2	   6.998671653509e-01  -1.328346490932e-04
2.3	   6.953617879900e-01  -4.638212009973e-03
2.4	   6.925457151030e-01  -7.454284896969e-03
2.5	   6.926622097689e-01  -7.337790231111e-03
2.6	   6.960896826587e-01  -3.910317341255e-03
2.7	   7.020020839471e-01   2.002083947085e-03
2.8	   7.080500081518e-01   8.050008151768e-03
2.9	   7.111047197265e-01   1.110471972652e-02
3	   7.089070155305e-01   8.907015530482e-03
3.1	   7.022183253724e-01   2.218325372385e-03
3.2	   6.945173415941e-01  -5.482658405886e-03
3.3	   6.892556198824e-01  -1.074438011765e-02
3.4	   6.885288322954e-01  -1.147116770462e-02
3.5	   6.930765297413e-01  -6.923470258711e-03
3.6	   7.017028673617e-01   1.702867361655e-03
3.7	   7.110915010340e-01   1.109150103401e-02
3.8	   7.162458892973e-01   1.624588929728e-02
3.9	   7.134132420635e-01   1.341324206351e-02
4	   7.040695941739e-01   4.069594173924e-03
4.1	   6.934654369095e-01  -6.534563090487e-03
4.2	   6.862549916123e-01  -1.374500838766e-02
4.3	   6.849939906096e-01  -1.500600939042e-02
4.4	   6.905836586397e-01  -9.416341360291e-03
4.5	   7.017635254288e-01   1.763525428752e-03
4.6	   7.143803445162e-01   1.438034451620e-02
4.7	   7.213955824479e-01   2.139558244792e-02
4.8	   7.176741510621e-01   1.767415106207e-02
4.9	   7.055727249683e-01   5.572724968328e-03
5	   6.919906330020e-01  -8.009366998045e-03
5.1	   6.826917034751e-01  -1.730829652488e-02
5.2	   6.805553041432e-01  -1.944469585681e-02
5.3	   6.869354234087e-01  -1.306457659130e-02
5.4	   7.006491420151e-01   6.491420151062e-04
5.5	   7.168682998613e-01   1.686829986135e-02
5.6	   7.265168120944e-01   2.651681209442e-02
5.7	   7.226692897256e-01   2.266928972561e-02
5.8	   7.081616513251e-01   8.161651325077e-03
5.9	   6.915493456702e-01  -8.450654329811e-03
6	   6.798182015587e-01  -2.018179844126e-02
6.1	   6.766121248643e-01  -2.338787513569e-02
6.2	   6.833571808093e-01  -1.664281919067e-02
6.3	   6.992713001875e-01  -7.286998125164e-04
6.4	   7.191051235550e-01   1.910512355502e-02
6.5	   7.317154531947e-01   3.171545319469e-02
6.6	   7.281264081804e-01   2.812640818040e-02
6.7	   7.113767463641e-01   1.137674636410e-02
6.8	   6.917887338193e-01  -8.211266180673e-03
6.9	   6.776594172840e-01  -2.234058271599e-02
7	   6.733050151716e-01  -2.669498482842e-02
7.1	   6.801772963161e-01  -1.982270368393e-02
7.2	   6.978839905115e-01  -2.116009488483e-03
7.3	   7.210331625659e-01   2.103316256587e-02
7.4	   7.365682712979e-01   3.656827129791e-02
7.5	   7.332766243002e-01   3.327662430022e-02
7.6	   7.144058174776e-01   1.440581747763e-02
7.7	   6.921602881826e-01  -7.839711817402e-03
7.8	   6.759334978848e-01  -2.406650211525e-02
7.9	   6.703677119606e-01  -2.963228803942e-02
8	   6.773436212444e-01  -2.265637875560e-02
8.1	   6.966714291709e-01  -3.328570829071e-03
8.2	   7.230768282603e-01   2.307682826030e-02
8.3	   7.417080653177e-01   4.170806531775e-02
8.4	   7.386469633026e-01   3.864696330258e-02
8.5	   7.177767741004e-01   1.777677410040e-02
8.6	   6.929071685106e-01  -7.092831489391e-03
8.7	   6.744305209512e-01  -2.556947904881e-02
8.8	   6.672850937660e-01  -3.271490623400e-02
8.9	   6.734869015660e-01  -2.651309843401e-02
9	   6.929553488269e-01  -7.044651173101e-03
9.1	   7.207654164731e-01   2.076541647307e-02
9.2	   7.418042039209e-01   4.180420392089e-02
9.3	   7.407114002323e-01   4.071140023230e-02
9.4	   7.204604244239e-01   2.046042442388e-02
9.5	   6.950922146239e-01  -4.907785376135e-03
9.6	   6.756405146407e-01  -2.435948535925e-02
9.7	   6.673988055452e-01  -3.260119445479e-02
9.8	   6.724770657353e-01  -2.752293426468e-02
9.9	   6.908821600173e-01  -9.117839982743e-03
10	   7.180871964983e-01   1.808719649834e-02
10.1	   7.400376691623e-01   4.003766916227e-02
10.2	   7.410524168509e-01   4.105241685094e-02
10.3	   7.223577644041e-01   2.235776440414e-02
10.4	   6.973055045381e-01  -2.694495461863e-03
10.5	   6.773303379607e-01  -2.266966203932e-02
10.6	   6.681297479775e-01  -3.187025202245e-02
10.7	   6.720101416986e-01  -2.798985830139e-02
10.8	   6.891341767293e-01  -1.086582327066e-02
10.9	   7.154930174084e-01   1.549301740838e-02
11	   7.382200624987e-01   3.822006249871e-02
11.1	   7.413527421159e-01   4.135274211590e-02
11.2	   7.242759171702e-01   2.427591717019e-02
11.3	   6.995270406784e-01  -4.729593216439e-04
11.4	   6.789715371319e-01  -2.102846286812e-02
11.5	   6.687482192523e-01  -3.125178074769e-02
11.6	   6.714038832825e-01  -2.859611671753e-02
11.7	   6.872714344832e-01  -1.272856551679e-02
11.8	   7.128687841190e-01   1.286878411899e-02
11.9	   7.364300056084e-01   3.643000560840e-02
12	   7.417369175017e-01   4.173691750171e-02
12.1	   7.263791308983e-01   2.637913089828e-02
12.2	   7.019798022170e-01   1.979802217014e-03
12.3	   6.808027732576e-01  -1.919722674241e-02
12.4	   6.694643085725e-01  -3.053569142753e-02
12.5	   6.708149204666e-01  -2.918507953344e-02
12.6	   6.853735534758e-01  -1.462644652418e-02
12.7	   7.101635524056e-01   1.016355240558e-02
12.8	   7.344512742271e-01   3.445127422706e-02
12.9	   7.419065911253e-01   4.190659112529e-02
13	   7.283701047159e-01   2.837010471588e-02
13.1	   7.044474983850e-01   4.447498384978e-03
13.2	   6.827141943338e-01  -1.728580566620e-02
13.3	   6.702819634601e-01  -2.971803653985e-02
13.4	   6.703102907652e-01  -2.968970923482e-02
13.5	   6.835516369210e-01  -1.644836307904e-02
13.6	   7.074776784150e-01   7.477678414994e-03
13.7	   7.323600802662e-01   3.236008026619e-02
13.8	   7.419089239370e-01   4.190892393697e-02
13.9	   7.302750706153e-01   3.027507061530e-02
14	   7.069366017352e-01   6.936601735193e-03
14.1	   6.846874007532e-01  -1.531259924683e-02
14.2	   6.711722353227e-01  -2.882776467726e-02
14.3	   6.698709090459e-01  -3.012909095413e-02
14.4	   6.817878463608e-01  -1.821215363921e-02
14.5	   7.047994069501e-01   4.799406950069e-03
14.6	   7.301484573621e-01   3.014845736211e-02
14.7	   7.417236074307e-01   4.172360743068e-02
14.8	   7.320821909094e-01   3.208219090939e-02
14.9	   7.094517217740e-01   9.451721773955e-03
15	   6.867445004441e-01  -1.325549955594e-02
15.1	   6.721648844451e-01  -2.783511555485e-02
15.2	   6.695218644131e-01  -3.047813558692e-02
15.3	   6.800791005965e-01  -1.992089940347e-02
15.4	   7.021114552471e-01   2.111455247108e-03
15.5	   7.277804165648e-01   2.778041656479e-02
15.6	   7.413106818204e-01   4.131068182041e-02
15.7	   7.337596640133e-01   3.375966401330e-02
15.8	   7.119776050767e-01   1.197760507673e-02
15.9	   6.889006763471e-01  -1.109932365286e-02
16	   6.733060411564e-01  -2.669395884362e-02
16.1	   6.693473156822e-01  -3.065268431780e-02
16.2	   6.785270006017e-01  -2.147299939827e-02
16.3	   6.995055121350e-01  -4.944878650475e-04
16.4	   7.253190069513e-01   2.531900695128e-02
16.5	   7.406749641598e-01   4.067496415979e-02
16.6	   7.352432086713e-01   3.524320867127e-02
16.7	   7.144191069743e-01   1.441910697434e-02
16.8	   6.910664334623e-01  -8.933566537733e-03
16.9	   6.745186462734e-01  -2.548135372661e-02
17	   6.692882254609e-01  -3.071177453909e-02
17.1	   6.770975780587e-01  -2.290242194134e-02
17.2	   6.969820384683e-01  -3.017961531697e-03
17.3	   7.227925615128e-01   2.279256151281e-02
17.4	   7.398571779577e-01   3.985717795773e-02
17.5	   7.365824842576e-01   3.658248425765e-02
17.6	   7.168221346840e-01   1.682213468403e-02
17.7	   6.932787266581e-01  -6.721273341941e-03
17.8	   6.758218023794e-01  -2.417819762061e-02
17.9	   6.693476796511e-01  -3.065232034894e-02
18	   6.757868650999e-01  -2.421313490011e-02
18.1	   6.945403550610e-01  -5.459644939039e-03
18.2	   7.202044716655e-01   2.020447166547e-02
18.3	   7.388519960452e-01   3.885199604525e-02
18.4	   7.377609966601e-01   3.776099666013e-02
18.5	   7.191938540360e-01   1.919385403604e-02
18.6	   6.955516506590e-01  -4.448349341013e-03
18.7	   6.772294723636e-01  -2.277052763642e-02
18.8	   6.695267891602e-01  -3.047321083983e-02
18.9	   6.745941921100e-01  -2.540580788996e-02
19	   6.921663245532e-01  -7.833675446817e-03
19.1	   7.175388760633e-01   1.753887606330e-02
19.2	   7.376274387585e-01   3.762743875853e-02
19.3	   7.387089456706e-01   3.870894567057e-02
19.4	   7.214615226944e-01   2.146152269443e-02
19.5	   6.978371551321e-01  -2.162844867902e-03
19.6	   6.787289412155e-01  -2.127105878450e-02
19.7	   6.698367119982e-01  -3.016328800179e-02
19.8	   6.735580936452e-01  -2.644190635477e-02
19.9	   6.899227744409e-01  -1.007722555907e-02
20	   7.148771609578e-01   1.487716095783e-02
20.1	   7.362465559062e-01   3.624655590618e-02
20.2	   7.394814019538e-01   3.948140195381e-02
20.3	   7.236680083995e-01   2.366800839954e-02
20.4	   7.001574335349e-01   1.574335349421e-04
20.5	   6.803137877541e-01  -1.968621224589e-02
20.6	   6.702511055145e-01  -2.974889448547e-02
20.7	   6.726405232586e-01  -2.735947674136e-02
20.8	   6.877782243189e-01  -1.222177568112e-02
20.9	   7.122138629005e-01   1.221386290049e-02
21	   7.346941154121e-01   3.469411541205e-02
21.1	   7.400708873521e-01   4.007088735205e-02
21.2	   7.258022630807e-01   2.580226308070e-02
21.3	   7.025158210440e-01   2.515821043985e-03
21.4	   6.819887234694e-01  -1.801127653058e-02
21.5	   6.707745899898e-01  -2.922541001018e-02
21.6	   6.718404183804e-01  -2.815958161964e-02
21.7	   6.857369469714e-01  -1.426305302859e-02
21.8	   7.095631468273e-01   9.563146827321e-03
21.9	   7.329705083323e-01   3.297050833228e-02
22	   7.404664468093e-01   4.046644680935e-02
22.1	   7.278523662553e-01   2.785236625530e-02
22.2	   7.049117368745e-01   4.911736874522e-03
22.3	   6.837610033365e-01  -1.623899666353e-02
22.4	   6.714284258799e-01  -2.857157412011e-02
22.5	   6.711741784278e-01  -2.882582157223e-02
22.6	   6.838144793566e-01  -1.618552064344e-02
22.7	   7.069271055383e-01   6.927105538304e-03
22.8	   7.310832209485e-01   3.108322094850e-02
22.9	   7.406357560374e-01   4.063575603737e-02
23	   7.297859713210e-01   2.978597132097e-02
23.1	   7.073198566722e-01   7.319856672229e-03
23.2	   6.856074513193e-01  -1.439254868067e-02
23.3	   6.721930342457e-01  -2.780696575430e-02
23.4	   6.706318134686e-01  -2.936818653141e-02
23.5	   6.820020670336e-01  -1.799793296642e-02
23.6	   7.043098079460e-01   4.309807945999e-03
23.7	   7.290380611015e-01   2.903806110152e-02
23.8	   7.405865274458e-01   4.058652744576e-02
23.9	   7.315941595178e-01   3.159415951778e-02
24	   7.097273558381e-01   9.727355838137e-03
24.1	   6.875171924580e-01  -1.248280754202e-02
24.2	   6.730660611407e-01  -2.693393885926e-02
24.3	   6.702252914488e-01  -2.977470855120e-02
24.4	   6.803208775634e-01  -1.967912243659e-02
24.5	   7.017513206239e-01   1.751320623901e-03
24.6	   7.268773689500e-01   2.687736894998e-02
24.7	   7.403297662274e-01   4.032976622745e-02
24.8	   7.332758268427e-01   3.327582684270e-02
24.9	   7.121332814782e-01   1.213328147817e-02
25	   6.894962132779e-01  -1.050378672213e-02
25.1	   6.740451485744e-01  -2.595485142558e-02
25.2	   6.699473170931e-01  -3.005268290692e-02
25.3	   6.787585880523e-01  -2.124141194774e-02
25.4	   6.992444573015e-01  -7.555426985276e-04
25.5	   7.245994334749e-01   2.459943347486e-02
25.6	   7.398526736946e-01   3.985267369457e-02
25.7	   7.347998836033e-01   3.479988360327e-02
25.8	   7.145054312119e-01   1.450543121190e-02
25.9	   6.915358425979e-01  -8.464157402119e-03
26	   6.751319790524e-01  -2.486802094755e-02
26.1	   6.698011008585e-01  -3.019889914151e-02
26.2	   6.773102275355e-01  -2.268977246454e-02
26.3	   6.967899390184e-01  -3.210060981572e-03
26.4	   7.222139753551e-01   2.221397535509e-02
26.5	   7.391656079447e-01   3.916560794470e-02
26.6	   7.361720383306e-01   3.617203833061e-02
26.7	   7.168554554261e-01   1.685545542606e-02
26.8	   6.936520133558e-01  -6.347986644162e-03
26.9	   6.763359806684e-01  -2.366401933156e-02
27	   6.697939282937e-01  -3.020607170632e-02
27.1	   6.759926461813e-01  -2.400735381874e-02
27.2	   6.944105290715e-01  -5.589470928477e-03
27.3	   7.197424603740e-01   1.974246037402e-02
27.4	   7.382705536230e-01   3.827055362303e-02
27.5	   7.373743204573e-01   3.737432045725e-02
27.6	   7.191681971516e-01   1.916819715157e-02
27.7	   6.958206365243e-01  -4.179363475708e-03
27.8	   6.776376786906e-01  -2.236232130938e-02
27.9	   6.698997914421e-01  -3.010020855793e-02
28	   6.747894910496e-01  -2.521050895041e-02
