                 0.1	(   5.750000000000e+00   3.500000000000e+00  7.000048155969e-01) 
0.2	(   5.750000000000e+00   3.500000000000e+00  6.999556742887e-01) 
0.3	(   5.750000000000e+00   3.500000000000e+00  6.998602066912e-01) 
0.4	(   5.750000000000e+00   3.500000000000e+00  6.997657253385e-01) 
0.5	(   5.750000000000e+00   3.500000000000e+00  6.997700605920e-01) 
0.6	(   5.750000000000e+00   3.500000000000e+00  6.999366557328e-01) 
0.7	(   5.750000000000e+00   3.500000000000e+00  7.002213252741e-01) 
0.8	(   5.750000000000e+00   3.500000000000e+00  7.005778047360e-01) 
0.9	(   5.750000000000e+00   3.500000000000e+00  7.010297134035e-01) 
1	(   5.750000000000e+00   3.500000000000e+00  7.014121307527e-01) 
1.1	(   5.750000000000e+00   3.500000000000e+00  7.013586766759e-01) 
1.2	(   5.750000000000e+00   3.500000000000e+00  7.005660147386e-01) 
1.3	(   5.750000000000e+00   3.500000000000e+00  6.991683181344e-01) 
1.4	(   5.750000000000e+00   3.500000000000e+00  6.977358776654e-01) 
1.5	(   5.750000000000e+00   3.500000000000e+00  6.970102247166e-01) 
1.6	(   5.750000000000e+00   3.500000000000e+00  6.975134740822e-01) 
1.7	(   5.750000000000e+00   3.500000000000e+00  6.993697853749e-01) 
1.8	(   5.750000000000e+00   3.500000000000e+00  7.021745674762e-01) 
1.9	(   5.750000000000e+00   3.500000000000e+00  7.048630300247e-01) 
2	(   5.750000000000e+00   3.500000000000e+00  7.058288427124e-01) 
2.1	(   5.750000000000e+00   3.500000000000e+00  7.039947640096e-01) 
2.2	(   5.750000000000e+00   3.500000000000e+00  6.998671653509e-01) 
2.3	(   5.750000000000e+00   3.500000000000e+00  6.953617879900e-01) 
2.4	(   5.750000000000e+00   3.500000000000e+00  6.925457151030e-01) 
2.5	(   5.750000000000e+00   3.500000000000e+00  6.926622097689e-01) 
2.6	(   5.750000000000e+00   3.500000000000e+00  6.960896826587e-01) 
2.7	(   5.750000000000e+00   3.500000000000e+00  7.020020839471e-01) 
2.8	(   5.750000000000e+00   3.500000000000e+00  7.080500081518e-01) 
2.9	(   5.750000000000e+00   3.500000000000e+00  7.111047197265e-01) 
3	(   5.750000000000e+00   3.500000000000e+00  7.089070155305e-01) 
3.1	(   5.750000000000e+00   3.500000000000e+00  7.022183253724e-01) 
3.2	(   5.750000000000e+00   3.500000000000e+00  6.945173415941e-01) 
3.3	(   5.750000000000e+00   3.500000000000e+00  6.892556198824e-01) 
3.4	(   5.750000000000e+00   3.500000000000e+00  6.885288322954e-01) 
3.5	(   5.750000000000e+00   3.500000000000e+00  6.930765297413e-01) 
3.6	(   5.750000000000e+00   3.500000000000e+00  7.017028673617e-01) 
3.7	(   5.750000000000e+00   3.500000000000e+00  7.110915010340e-01) 
3.8	(   5.750000000000e+00   3.500000000000e+00  7.162458892973e-01) 
3.9	(   5.750000000000e+00   3.500000000000e+00  7.134132420635e-01) 
4	(   5.750000000000e+00   3.500000000000e+00  7.040695941739e-01) 
4.1	(   5.750000000000e+00   3.500000000000e+00  6.934654369095e-01) 
4.2	(   5.750000000000e+00   3.500000000000e+00  6.862549916123e-01) 
4.3	(   5.750000000000e+00   3.500000000000e+00  6.849939906096e-01) 
4.4	(   5.750000000000e+00   3.500000000000e+00  6.905836586397e-01) 
4.5	(   5.750000000000e+00   3.500000000000e+00  7.017635254288e-01) 
4.6	(   5.750000000000e+00   3.500000000000e+00  7.143803445162e-01) 
4.7	(   5.750000000000e+00   3.500000000000e+00  7.213955824479e-01) 
4.8	(   5.750000000000e+00   3.500000000000e+00  7.176741510621e-01) 
4.9	(   5.750000000000e+00   3.500000000000e+00  7.055727249683e-01) 
5	(   5.750000000000e+00   3.500000000000e+00  6.919906330020e-01) 
5.1	(   5.750000000000e+00   3.500000000000e+00  6.826917034751e-01) 
5.2	(   5.750000000000e+00   3.500000000000e+00  6.805553041432e-01) 
5.3	(   5.750000000000e+00   3.500000000000e+00  6.869354234087e-01) 
5.4	(   5.750000000000e+00   3.500000000000e+00  7.006491420151e-01) 
5.5	(   5.750000000000e+00   3.500000000000e+00  7.168682998613e-01) 
5.6	(   5.750000000000e+00   3.500000000000e+00  7.265168120944e-01) 
5.7	(   5.750000000000e+00   3.500000000000e+00  7.226692897256e-01) 
5.8	(   5.750000000000e+00   3.500000000000e+00  7.081616513251e-01) 
5.9	(   5.750000000000e+00   3.500000000000e+00  6.915493456702e-01) 
6	(   5.750000000000e+00   3.500000000000e+00  6.798182015587e-01) 
6.1	(   5.750000000000e+00   3.500000000000e+00  6.766121248643e-01) 
6.2	(   5.750000000000e+00   3.500000000000e+00  6.833571808093e-01) 
6.3	(   5.750000000000e+00   3.500000000000e+00  6.992713001875e-01) 
6.4	(   5.750000000000e+00   3.500000000000e+00  7.191051235550e-01) 
6.5	(   5.750000000000e+00   3.500000000000e+00  7.317154531947e-01) 
6.6	(   5.750000000000e+00   3.500000000000e+00  7.281264081804e-01) 
6.7	(   5.750000000000e+00   3.500000000000e+00  7.113767463641e-01) 
6.8	(   5.750000000000e+00   3.500000000000e+00  6.917887338193e-01) 
6.9	(   5.750000000000e+00   3.500000000000e+00  6.776594172840e-01) 
7	(   5.750000000000e+00   3.500000000000e+00  6.733050151716e-01) 
7.1	(   5.750000000000e+00   3.500000000000e+00  6.801772963161e-01) 
7.2	(   5.750000000000e+00   3.500000000000e+00  6.978839905115e-01) 
7.3	(   5.750000000000e+00   3.500000000000e+00  7.210331625659e-01) 
7.4	(   5.750000000000e+00   3.500000000000e+00  7.365682712979e-01) 
7.5	(   5.750000000000e+00   3.500000000000e+00  7.332766243002e-01) 
7.6	(   5.750000000000e+00   3.500000000000e+00  7.144058174776e-01) 
7.7	(   5.750000000000e+00   3.500000000000e+00  6.921602881826e-01) 
7.8	(   5.750000000000e+00   3.500000000000e+00  6.759334978848e-01) 
7.9	(   5.750000000000e+00   3.500000000000e+00  6.703677119606e-01) 
8	(   5.750000000000e+00   3.500000000000e+00  6.773436212444e-01) 
8.1	(   5.750000000000e+00   3.500000000000e+00  6.966714291709e-01) 
8.2	(   5.750000000000e+00   3.500000000000e+00  7.230768282603e-01) 
8.3	(   5.750000000000e+00   3.500000000000e+00  7.417080653177e-01) 
8.4	(   5.750000000000e+00   3.500000000000e+00  7.386469633026e-01) 
8.5	(   5.750000000000e+00   3.500000000000e+00  7.177767741004e-01) 
8.6	(   5.750000000000e+00   3.500000000000e+00  6.929071685106e-01) 
8.7	(   5.750000000000e+00   3.500000000000e+00  6.744305209512e-01) 
8.8	(   5.750000000000e+00   3.500000000000e+00  6.672850937660e-01) 
8.9	(   5.750000000000e+00   3.500000000000e+00  6.734869015660e-01) 
9	(   5.750000000000e+00   3.500000000000e+00  6.929553488269e-01) 
9.1	(   5.750000000000e+00   3.500000000000e+00  7.207654164731e-01) 
9.2	(   5.750000000000e+00   3.500000000000e+00  7.418042039209e-01) 
9.3	(   5.750000000000e+00   3.500000000000e+00  7.407114002323e-01) 
9.4	(   5.750000000000e+00   3.500000000000e+00  7.204604244239e-01) 
9.5	(   5.750000000000e+00   3.500000000000e+00  6.950922146239e-01) 
9.6	(   5.750000000000e+00   3.500000000000e+00  6.756405146407e-01) 
9.7	(   5.750000000000e+00   3.500000000000e+00  6.673988055452e-01) 
9.8	(   5.750000000000e+00   3.500000000000e+00  6.724770657353e-01) 
9.9	(   5.750000000000e+00   3.500000000000e+00  6.908821600173e-01) 
10	(   5.750000000000e+00   3.500000000000e+00  7.180871964983e-01) 
10.1	(   5.750000000000e+00   3.500000000000e+00  7.400376691623e-01) 
10.2	(   5.750000000000e+00   3.500000000000e+00  7.410524168509e-01) 
10.3	(   5.750000000000e+00   3.500000000000e+00  7.223577644041e-01) 
10.4	(   5.750000000000e+00   3.500000000000e+00  6.973055045381e-01) 
10.5	(   5.750000000000e+00   3.500000000000e+00  6.773303379607e-01) 
10.6	(   5.750000000000e+00   3.500000000000e+00  6.681297479775e-01) 
10.7	(   5.750000000000e+00   3.500000000000e+00  6.720101416986e-01) 
10.8	(   5.750000000000e+00   3.500000000000e+00  6.891341767293e-01) 
10.9	(   5.750000000000e+00   3.500000000000e+00  7.154930174084e-01) 
11	(   5.750000000000e+00   3.500000000000e+00  7.382200624987e-01) 
11.1	(   5.750000000000e+00   3.500000000000e+00  7.413527421159e-01) 
11.2	(   5.750000000000e+00   3.500000000000e+00  7.242759171702e-01) 
11.3	(   5.750000000000e+00   3.500000000000e+00  6.995270406784e-01) 
11.4	(   5.750000000000e+00   3.500000000000e+00  6.789715371319e-01) 
11.5	(   5.750000000000e+00   3.500000000000e+00  6.687482192523e-01) 
11.6	(   5.750000000000e+00   3.500000000000e+00  6.714038832825e-01) 
11.7	(   5.750000000000e+00   3.500000000000e+00  6.872714344832e-01) 
11.8	(   5.750000000000e+00   3.500000000000e+00  7.128687841190e-01) 
11.9	(   5.750000000000e+00   3.500000000000e+00  7.364300056084e-01) 
12	(   5.750000000000e+00   3.500000000000e+00  7.417369175017e-01) 
12.1	(   5.750000000000e+00   3.500000000000e+00  7.263791308983e-01) 
12.2	(   5.750000000000e+00   3.500000000000e+00  7.019798022170e-01) 
12.3	(   5.750000000000e+00   3.500000000000e+00  6.808027732576e-01) 
12.4	(   5.750000000000e+00   3.500000000000e+00  6.694643085725e-01) 
12.5	(   5.750000000000e+00   3.500000000000e+00  6.708149204666e-01) 
12.6	(   5.750000000000e+00   3.500000000000e+00  6.853735534758e-01) 
12.7	(   5.750000000000e+00   3.500000000000e+00  7.101635524056e-01) 
12.8	(   5.750000000000e+00   3.500000000000e+00  7.344512742271e-01) 
12.9	(   5.750000000000e+00   3.500000000000e+00  7.419065911253e-01) 
13	(   5.750000000000e+00   3.500000000000e+00  7.283701047159e-01) 
13.1	(   5.750000000000e+00   3.500000000000e+00  7.044474983850e-01) 
13.2	(   5.750000000000e+00   3.500000000000e+00  6.827141943338e-01) 
13.3	(   5.750000000000e+00   3.500000000000e+00  6.702819634601e-01) 
13.4	(   5.750000000000e+00   3.500000000000e+00  6.703102907652e-01) 
13.5	(   5.750000000000e+00   3.500000000000e+00  6.835516369210e-01) 
13.6	(   5.750000000000e+00   3.500000000000e+00  7.074776784150e-01) 
13.7	(   5.750000000000e+00   3.500000000000e+00  7.323600802662e-01) 
13.8	(   5.750000000000e+00   3.500000000000e+00  7.419089239370e-01) 
13.9	(   5.750000000000e+00   3.500000000000e+00  7.302750706153e-01) 
14	(   5.750000000000e+00   3.500000000000e+00  7.069366017352e-01) 
14.1	(   5.750000000000e+00   3.500000000000e+00  6.846874007532e-01) 
14.2	(   5.750000000000e+00   3.500000000000e+00  6.711722353227e-01) 
14.3	(   5.750000000000e+00   3.500000000000e+00  6.698709090459e-01) 
14.4	(   5.750000000000e+00   3.500000000000e+00  6.817878463608e-01) 
14.5	(   5.750000000000e+00   3.500000000000e+00  7.047994069501e-01) 
14.6	(   5.750000000000e+00   3.500000000000e+00  7.301484573621e-01) 
14.7	(   5.750000000000e+00   3.500000000000e+00  7.417236074307e-01) 
14.8	(   5.750000000000e+00   3.500000000000e+00  7.320821909094e-01) 
14.9	(   5.750000000000e+00   3.500000000000e+00  7.094517217740e-01) 
15	(   5.750000000000e+00   3.500000000000e+00  6.867445004441e-01) 
15.1	(   5.750000000000e+00   3.500000000000e+00  6.721648844451e-01) 
15.2	(   5.750000000000e+00   3.500000000000e+00  6.695218644131e-01) 
15.3	(   5.750000000000e+00   3.500000000000e+00  6.800791005965e-01) 
15.4	(   5.750000000000e+00   3.500000000000e+00  7.021114552471e-01) 
15.5	(   5.750000000000e+00   3.500000000000e+00  7.277804165648e-01) 
15.6	(   5.750000000000e+00   3.500000000000e+00  7.413106818204e-01) 
15.7	(   5.750000000000e+00   3.500000000000e+00  7.337596640133e-01) 
15.8	(   5.750000000000e+00   3.500000000000e+00  7.119776050767e-01) 
15.9	(   5.750000000000e+00   3.500000000000e+00  6.889006763471e-01) 
16	(   5.750000000000e+00   3.500000000000e+00  6.733060411564e-01) 
16.1	(   5.750000000000e+00   3.500000000000e+00  6.693473156822e-01) 
16.2	(   5.750000000000e+00   3.500000000000e+00  6.785270006017e-01) 
16.3	(   5.750000000000e+00   3.500000000000e+00  6.995055121350e-01) 
16.4	(   5.750000000000e+00   3.500000000000e+00  7.253190069513e-01) 
16.5	(   5.750000000000e+00   3.500000000000e+00  7.406749641598e-01) 
16.6	(   5.750000000000e+00   3.500000000000e+00  7.352432086713e-01) 
16.7	(   5.750000000000e+00   3.500000000000e+00  7.144191069743e-01) 
16.8	(   5.750000000000e+00   3.500000000000e+00  6.910664334623e-01) 
16.9	(   5.750000000000e+00   3.500000000000e+00  6.745186462734e-01) 
17	(   5.750000000000e+00   3.500000000000e+00  6.692882254609e-01) 
17.1	(   5.750000000000e+00   3.500000000000e+00  6.770975780587e-01) 
17.2	(   5.750000000000e+00   3.500000000000e+00  6.969820384683e-01) 
17.3	(   5.750000000000e+00   3.500000000000e+00  7.227925615128e-01) 
17.4	(   5.750000000000e+00   3.500000000000e+00  7.398571779577e-01) 
17.5	(   5.750000000000e+00   3.500000000000e+00  7.365824842576e-01) 
17.6	(   5.750000000000e+00   3.500000000000e+00  7.168221346840e-01) 
17.7	(   5.750000000000e+00   3.500000000000e+00  6.932787266581e-01) 
17.8	(   5.750000000000e+00   3.500000000000e+00  6.758218023794e-01) 
17.9	(   5.750000000000e+00   3.500000000000e+00  6.693476796511e-01) 
18	(   5.750000000000e+00   3.500000000000e+00  6.757868650999e-01) 
18.1	(   5.750000000000e+00   3.500000000000e+00  6.945403550610e-01) 
18.2	(   5.750000000000e+00   3.500000000000e+00  7.202044716655e-01) 
18.3	(   5.750000000000e+00   3.500000000000e+00  7.388519960452e-01) 
18.4	(   5.750000000000e+00   3.500000000000e+00  7.377609966601e-01) 
18.5	(   5.750000000000e+00   3.500000000000e+00  7.191938540360e-01) 
18.6	(   5.750000000000e+00   3.500000000000e+00  6.955516506590e-01) 
18.7	(   5.750000000000e+00   3.500000000000e+00  6.772294723636e-01) 
18.8	(   5.750000000000e+00   3.500000000000e+00  6.695267891602e-01) 
18.9	(   5.750000000000e+00   3.500000000000e+00  6.745941921100e-01) 
19	(   5.750000000000e+00   3.500000000000e+00  6.921663245532e-01) 
19.1	(   5.750000000000e+00   3.500000000000e+00  7.175388760633e-01) 
19.2	(   5.750000000000e+00   3.500000000000e+00  7.376274387585e-01) 
19.3	(   5.750000000000e+00   3.500000000000e+00  7.387089456706e-01) 
19.4	(   5.750000000000e+00   3.500000000000e+00  7.214615226944e-01) 
19.5	(   5.750000000000e+00   3.500000000000e+00  6.978371551321e-01) 
19.6	(   5.750000000000e+00   3.500000000000e+00  6.787289412155e-01) 
19.7	(   5.750000000000e+00   3.500000000000e+00  6.698367119982e-01) 
19.8	(   5.750000000000e+00   3.500000000000e+00  6.735580936452e-01) 
19.9	(   5.750000000000e+00   3.500000000000e+00  6.899227744409e-01) 
20	(   5.750000000000e+00   3.500000000000e+00  7.148771609578e-01) 
20.1	(   5.750000000000e+00   3.500000000000e+00  7.362465559062e-01) 
20.2	(   5.750000000000e+00   3.500000000000e+00  7.394814019538e-01) 
20.3	(   5.750000000000e+00   3.500000000000e+00  7.236680083995e-01) 
20.4	(   5.750000000000e+00   3.500000000000e+00  7.001574335349e-01) 
20.5	(   5.750000000000e+00   3.500000000000e+00  6.803137877541e-01) 
20.6	(   5.750000000000e+00   3.500000000000e+00  6.702511055145e-01) 
20.7	(   5.750000000000e+00   3.500000000000e+00  6.726405232586e-01) 
20.8	(   5.750000000000e+00   3.500000000000e+00  6.877782243189e-01) 
20.9	(   5.750000000000e+00   3.500000000000e+00  7.122138629005e-01) 
21	(   5.750000000000e+00   3.500000000000e+00  7.346941154121e-01) 
21.1	(   5.750000000000e+00   3.500000000000e+00  7.400708873521e-01) 
21.2	(   5.750000000000e+00   3.500000000000e+00  7.258022630807e-01) 
21.3	(   5.750000000000e+00   3.500000000000e+00  7.025158210440e-01) 
21.4	(   5.750000000000e+00   3.500000000000e+00  6.819887234694e-01) 
21.5	(   5.750000000000e+00   3.500000000000e+00  6.707745899898e-01) 
21.6	(   5.750000000000e+00   3.500000000000e+00  6.718404183804e-01) 
21.7	(   5.750000000000e+00   3.500000000000e+00  6.857369469714e-01) 
21.8	(   5.750000000000e+00   3.500000000000e+00  7.095631468273e-01) 
21.9	(   5.750000000000e+00   3.500000000000e+00  7.329705083323e-01) 
22	(   5.750000000000e+00   3.500000000000e+00  7.404664468093e-01) 
22.1	(   5.750000000000e+00   3.500000000000e+00  7.278523662553e-01) 
22.2	(   5.750000000000e+00   3.500000000000e+00  7.049117368745e-01) 
22.3	(   5.750000000000e+00   3.500000000000e+00  6.837610033365e-01) 
22.4	(   5.750000000000e+00   3.500000000000e+00  6.714284258799e-01) 
22.5	(   5.750000000000e+00   3.500000000000e+00  6.711741784278e-01) 
22.6	(   5.750000000000e+00   3.500000000000e+00  6.838144793566e-01) 
22.7	(   5.750000000000e+00   3.500000000000e+00  7.069271055383e-01) 
22.8	(   5.750000000000e+00   3.500000000000e+00  7.310832209485e-01) 
22.9	(   5.750000000000e+00   3.500000000000e+00  7.406357560374e-01) 
23	(   5.750000000000e+00   3.500000000000e+00  7.297859713210e-01) 
23.1	(   5.750000000000e+00   3.500000000000e+00  7.073198566722e-01) 
23.2	(   5.750000000000e+00   3.500000000000e+00  6.856074513193e-01) 
23.3	(   5.750000000000e+00   3.500000000000e+00  6.721930342457e-01) 
23.4	(   5.750000000000e+00   3.500000000000e+00  6.706318134686e-01) 
23.5	(   5.750000000000e+00   3.500000000000e+00  6.820020670336e-01) 
23.6	(   5.750000000000e+00   3.500000000000e+00  7.043098079460e-01) 
23.7	(   5.750000000000e+00   3.500000000000e+00  7.290380611015e-01) 
23.8	(   5.750000000000e+00   3.500000000000e+00  7.405865274458e-01) 
23.9	(   5.750000000000e+00   3.500000000000e+00  7.315941595178e-01) 
24	(   5.750000000000e+00   3.500000000000e+00  7.097273558381e-01) 
24.1	(   5.750000000000e+00   3.500000000000e+00  6.875171924580e-01) 
24.2	(   5.750000000000e+00   3.500000000000e+00  6.730660611407e-01) 
24.3	(   5.750000000000e+00   3.500000000000e+00  6.702252914488e-01) 
24.4	(   5.750000000000e+00   3.500000000000e+00  6.803208775634e-01) 
24.5	(   5.750000000000e+00   3.500000000000e+00  7.017513206239e-01) 
24.6	(   5.750000000000e+00   3.500000000000e+00  7.268773689500e-01) 
24.7	(   5.750000000000e+00   3.500000000000e+00  7.403297662274e-01) 
24.8	(   5.750000000000e+00   3.500000000000e+00  7.332758268427e-01) 
24.9	(   5.750000000000e+00   3.500000000000e+00  7.121332814782e-01) 
25	(   5.750000000000e+00   3.500000000000e+00  6.894962132779e-01) 
25.1	(   5.750000000000e+00   3.500000000000e+00  6.740451485744e-01) 
25.2	(   5.750000000000e+00   3.500000000000e+00  6.699473170931e-01) 
25.3	(   5.750000000000e+00   3.500000000000e+00  6.787585880523e-01) 
25.4	(   5.750000000000e+00   3.500000000000e+00  6.992444573015e-01) 
25.5	(   5.750000000000e+00   3.500000000000e+00  7.245994334749e-01) 
25.6	(   5.750000000000e+00   3.500000000000e+00  7.398526736946e-01) 
25.7	(   5.750000000000e+00   3.500000000000e+00  7.347998836033e-01) 
25.8	(   5.750000000000e+00   3.500000000000e+00  7.145054312119e-01) 
25.9	(   5.750000000000e+00   3.500000000000e+00  6.915358425979e-01) 
26	(   5.750000000000e+00   3.500000000000e+00  6.751319790524e-01) 
26.1	(   5.750000000000e+00   3.500000000000e+00  6.698011008585e-01) 
26.2	(   5.750000000000e+00   3.500000000000e+00  6.773102275355e-01) 
26.3	(   5.750000000000e+00   3.500000000000e+00  6.967899390184e-01) 
26.4	(   5.750000000000e+00   3.500000000000e+00  7.222139753551e-01) 
26.5	(   5.750000000000e+00   3.500000000000e+00  7.391656079447e-01) 
26.6	(   5.750000000000e+00   3.500000000000e+00  7.361720383306e-01) 
26.7	(   5.750000000000e+00   3.500000000000e+00  7.168554554261e-01) 
26.8	(   5.750000000000e+00   3.500000000000e+00  6.936520133558e-01) 
26.9	(   5.750000000000e+00   3.500000000000e+00  6.763359806684e-01) 
27	(   5.750000000000e+00   3.500000000000e+00  6.697939282937e-01) 
27.1	(   5.750000000000e+00   3.500000000000e+00  6.759926461813e-01) 
27.2	(   5.750000000000e+00   3.500000000000e+00  6.944105290715e-01) 
27.3	(   5.750000000000e+00   3.500000000000e+00  7.197424603740e-01) 
27.4	(   5.750000000000e+00   3.500000000000e+00  7.382705536230e-01) 
27.5	(   5.750000000000e+00   3.500000000000e+00  7.373743204573e-01) 
27.6	(   5.750000000000e+00   3.500000000000e+00  7.191681971516e-01) 
27.7	(   5.750000000000e+00   3.500000000000e+00  6.958206365243e-01) 
27.8	(   5.750000000000e+00   3.500000000000e+00  6.776376786906e-01) 
27.9	(   5.750000000000e+00   3.500000000000e+00  6.698997914421e-01) 
28	(   5.750000000000e+00   3.500000000000e+00  6.747894910496e-01) 
