# Motion State      
# Angle Units       : radians
# Time              	centreOfRotation	centreOfMass	rotation	velocity	omega
0.1                 	(5.750154272677e+00 2.374997251693e+00 5.954055383210e-01)	(5.750154272677e+00 2.374997251693e+00 5.954055383210e-01)	(9.958893071297e-05 1.510406211399e-03 -4.534572576579e-07)	(3.296711790755e-03 -4.978048632303e-05 -1.984596180645e-01)	(3.176822265518e-03 3.794899058797e-02 -2.087349214569e-05)
0.2                 	(5.750576542312e+00 2.374993340429e+00 5.812590448054e-01)	(5.750576542312e+00 2.374993340429e+00 5.812590448054e-01)	(6.082044386833e-04 6.776335353701e-03 -7.727212071758e-06)	(4.751894117737e-03 -2.400053870799e-05 -8.061161360655e-02)	(6.768833684637e-03 6.176118793056e-02 -1.064107260199e-04)
0.3                 	(5.751053452242e+00 2.374990238792e+00 5.794222675974e-01)	(5.751053452242e+00 2.374990238792e+00 5.794222675974e-01)	(1.404608246710e-03 1.269985280455e-02 -2.957948849934e-05)	(4.661080330332e-03 -6.347518804406e-05 4.164931859089e-02)	(8.894044094603e-03 5.128099664009e-02 -1.981432839308e-04)
0.4                 	(5.751493700877e+00 2.374975237313e+00 5.889109107853e-01)	(5.751493700877e+00 2.374975237313e+00 5.889109107853e-01)	(2.333206766474e-03 1.657768424261e-02 -5.564600953400e-05)	(4.078581375062e-03 -2.535447491437e-04 1.418081053369e-01)	(9.380752384914e-03 2.462198671208e-02 -1.760448736071e-04)
0.5                 	(5.751841881951e+00 2.374939148701e+00 6.059099898051e-01)	(5.751841881951e+00 2.374939148701e+00 6.059099898051e-01)	(3.227746279248e-03 1.719420822536e-02 -7.464336341266e-05)	(2.722679334613e-03 -4.569188507318e-04 1.873141503346e-01)	(8.278266807666e-03 -1.363953716243e-02 -1.998538847067e-04)
0.6                 	(5.752009916005e+00 2.374888980520e+00 6.241373752521e-01)	(5.752009916005e+00 2.374888980520e+00 6.241373752521e-01)	(3.953802482693e-03 1.382624210228e-02 -8.888918764700e-05)	(5.505477863312e-04 -5.109511568503e-04 1.668953754596e-01)	(6.104676052094e-03 -5.209217847819e-02 -3.369547980637e-04)
0.7                 	(5.751963108275e+00 2.374844142318e+00 6.377651764862e-01)	(5.751963108275e+00 2.374844142318e+00 6.377651764862e-01)	(4.425924772655e-03 7.651898398343e-03 -9.923298403412e-05)	(-1.253318696313e-03 -3.533075456566e-04 9.998964468116e-02)	(3.245394691053e-03 -6.582837743524e-02 -3.699766561909e-04)
0.8                 	(5.751814951405e+00 2.374824585750e+00 6.432458026005e-01)	(5.751814951405e+00 2.374824585750e+00 6.432458026005e-01)	(4.592593687859e-03 1.588337993088e-03 -1.066414253595e-04)	(-1.409169312023e-03 -1.384529987365e-05 7.156403469169e-03)	(7.773649318185e-05 -5.157488683808e-02 -3.138158724474e-04)
0.9                 	(5.751744602385e+00 2.374841707581e+00 6.392443468909e-01)	(5.751744602385e+00 2.374841707581e+00 6.392443468909e-01)	(4.452062080770e-03 -2.045300515393e-03 -1.141341846295e-04)	(2.033466367223e-04 3.369994276056e-04 -8.382206829189e-02)	(-2.775523410329e-03 -1.904659712461e-02 -1.599796035980e-04)
1                   	(5.751876516785e+00 2.374886787025e+00 6.277781464443e-01)	(5.751876516785e+00 2.374886787025e+00 6.277781464443e-01)	(4.063649455282e-03 -1.876385242143e-03 -1.223416728525e-04)	(2.391299747973e-03 5.338747880858e-04 -1.369633452732e-01)	(-4.844780083836e-03 2.310126941524e-02 9.070999061085e-06)
1.1                 	(5.752185283948e+00 2.374945141780e+00 6.136020904487e-01)	(5.752185283948e+00 2.374945141780e+00 6.136020904487e-01)	(3.512227233711e-03 2.273489857941e-03 -1.289307109671e-04)	(3.502432391987e-03 6.198609363035e-04 -1.385028615218e-01)	(-6.037454956891e-03 5.628425985592e-02 1.549560468188e-04)
1.2                 	(5.752523130115e+00 2.375007339678e+00 6.014540916354e-01)	(5.752523130115e+00 2.375007339678e+00 6.014540916354e-01)	(2.890203642011e-03 8.396344894929e-03 -1.327314914252e-04)	(3.057384336829e-03 6.037936984482e-04 -9.877258215802e-02)	(-6.219276399332e-03 6.086873894758e-02 1.382772479165e-04)
1.3                 	(5.752780951050e+00 2.375062887590e+00 5.947743834133e-01)	(5.752780951050e+00 2.375062887590e+00 5.947743834133e-01)	(2.301365041707e-03 1.362709297970e-02 -1.362005084361e-04)	(2.106416408159e-03 4.957427171036e-04 -3.150131472048e-02)	(-5.414290548002e-03 4.088760207355e-02 5.977874799131e-05)
1.4                 	(5.752964677477e+00 2.375105538699e+00 5.953947238995e-01)	(5.752964677477e+00 2.375105538699e+00 5.953947238995e-01)	(1.834087203120e-03 1.616349081706e-02 -1.395386015839e-04)	(1.689376002030e-03 3.614420381036e-04 4.261961366570e-02)	(-3.824542262404e-03 8.308706213013e-03 -7.498569395841e-06)
1.5                 	(5.753143326026e+00 2.375136703827e+00 6.026008720581e-01)	(5.753143326026e+00 2.375136703827e+00 6.026008720581e-01)	(1.550384280720e-03 1.513994516529e-02 -1.385302000909e-04)	(2.014224040526e-03 2.692822838473e-04 9.641732114792e-02)	(-1.809847095160e-03 -2.837525374077e-02 1.426850734443e-05)
1.6                 	(5.753398060566e+00 2.375160544375e+00 6.135428759076e-01)	(5.753398060566e+00 2.375160544375e+00 6.135428759076e-01)	(1.473418897962e-03 1.089525597978e-02 -1.268133254184e-04)	(3.253498418068e-03 2.096032892131e-04 1.166529241250e-01)	(2.592827863318e-04 -5.301659724745e-02 8.328789796812e-05)
1.7                 	(5.753830187663e+00 2.375179375550e+00 6.247968861114e-01)	(5.753830187663e+00 2.375179375550e+00 6.247968861114e-01)	(1.593545520479e-03 5.317635280115e-03 -1.117325653047e-04)	(5.566783521477e-03 1.740201652141e-04 1.028142299424e-01)	(2.076890521960e-03 -5.489732004824e-02 4.535539549950e-05)
1.8                 	(5.754540789504e+00 2.375196079937e+00 6.330744216079e-01)	(5.754540789504e+00 2.375196079937e+00 6.330744216079e-01)	(1.873238845705e-03 4.630660297269e-04 -9.595671569865e-05)	(8.738306199021e-03 1.586334998686e-04 5.843064924727e-02)	(3.436244566435e-03 -4.022131381005e-02 1.222773893001e-04)
1.9                 	(5.755581119387e+00 2.375210852119e+00 6.359488797994e-01)	(5.755581119387e+00 2.375210852119e+00 6.359488797994e-01)	(2.262982514315e-03 -2.414368453647e-03 -7.247284251567e-05)	(1.200598984540e-02 1.381397689891e-04 -1.550119400343e-03)	(4.254064597112e-03 -1.616764834888e-02 2.311132984576e-04)
2                   	(5.756900552678e+00 2.375225423113e+00 6.330304044786e-01)	(5.756900552678e+00 2.375225423113e+00 6.330304044786e-01)	(2.699292566556e-03 -2.726525613861e-03 -4.503789833168e-05)	(1.402956262947e-02 1.631768281863e-04 -5.396868820291e-02)	(4.347019757023e-03 8.915657156834e-03 2.897754214217e-04)
2.1                 	(5.758288975196e+00 2.375245257356e+00 6.258946130749e-01)	(5.758288975196e+00 2.375245257356e+00 6.258946130749e-01)	(3.109452074192e-03 -1.096599641274e-03 -2.022223859213e-05)	(1.316443180556e-02 2.390926252860e-04 -8.451975605774e-02)	(3.752340804652e-03 2.051001323091e-02 2.921722967825e-04)
2.2                 	(5.759415492835e+00 2.375273130482e+00 6.170523946509e-01)	(5.759415492835e+00 2.375273130482e+00 6.170523946509e-01)	(3.432726374842e-03 7.608797680061e-04 -1.449774497463e-06)	(8.811783742114e-03 3.107923717108e-04 -8.745387994583e-02)	(2.646950457727e-03 1.426623971877e-02 1.731138544784e-04)
2.3                 	(5.759954718976e+00 2.375304970537e+00 6.093171695028e-01)	(5.759954718976e+00 2.375304970537e+00 6.093171695028e-01)	(3.629049568366e-03 1.468038479553e-03 3.472050385971e-06)	(1.572695736133e-03 3.149331459875e-04 -6.345116825642e-02)	(1.243195255214e-03 -7.673625267124e-04 -1.798151616557e-05)
2.4                 	(5.759665345676e+00 2.375334483259e+00 6.048573186732e-01)	(5.759665345676e+00 2.375334483259e+00 6.048573186732e-01)	(3.677884266571e-03 5.916781518328e-04 -1.839951093513e-06)	(-7.544751876094e-03 2.707880302506e-04 -2.468601286811e-02)	(-2.647316909876e-04 -1.621108240058e-02 -1.424953134448e-04)
2.5                 	(5.758428649159e+00 2.375358539190e+00 6.043557497978e-01)	(5.758428649159e+00 2.375358539190e+00 6.043557497978e-01)	(3.581043622602e-03 -1.499922125859e-03 -1.250902287066e-05)	(-1.711293866491e-02 2.105373880977e-04 1.354710711200e-02)	(-1.627912228927e-03 -2.318699407143e-02 -2.143956693391e-04)
2.6                 	(5.756281221171e+00 2.375377642245e+00 6.071841538722e-01)	(5.756281221171e+00 2.375377642245e+00 6.071841538722e-01)	(3.363111591852e-03 -3.427135247995e-03 -2.827721943122e-05)	(-2.553993165677e-02 1.820144927990e-04 4.039667360149e-02)	(-2.668719341911e-03 -1.214038727910e-02 -2.158644207179e-04)
2.7                 	(5.753405596648e+00 2.375397278072e+00 6.117715619774e-01)	(5.753405596648e+00 2.375397278072e+00 6.117715619774e-01)	(3.061720311757e-03 -3.377717305920e-03 -4.596210700470e-05)	(-3.148205566568e-02 2.194744715708e-04 4.764980551798e-02)	(-3.273832350724e-03 1.503492650466e-02 -1.342718209372e-04)
2.8                 	(5.750095717453e+00 2.375421902808e+00 6.159995914154e-01)	(5.750095717453e+00 2.375421902808e+00 6.159995914154e-01)	(2.727018676344e-03 -1.996871587057e-04 -6.409332582835e-05)	(-3.406102204440e-02 2.677151256560e-04 3.378254031650e-02)	(-3.317176297918e-03 4.898976725980e-02 -5.346306397836e-05)
2.9                 	(5.746718496722e+00 2.375449870447e+00 6.180556527659e-01)	(5.746718496722e+00 2.375449870447e+00 6.180556527659e-01)	(2.418284336859e-03 6.292635694041e-03 -8.050502336165e-05)	(-3.294376844895e-02 2.870035399039e-04 6.019153096228e-03)	(-2.772175029214e-03 7.929677773994e-02 6.190464234101e-05)
3                   	(5.743607570373e+00 2.375478865213e+00 6.171458807766e-01)	(5.743607570373e+00 2.375478865213e+00 6.171458807766e-01)	(2.187951159502e-03 1.512342989662e-02 -9.153215708167e-05)	(-2.884750266736e-02 2.935659872097e-04 -2.354613785460e-02)	(-1.781935846005e-03 9.365894475077e-02 1.053686650990e-04)
3.1                 	(5.741026790075e+00 2.375508822085e+00 6.136671709098e-01)	(5.741026790075e+00 2.375508822085e+00 6.136671709098e-01)	(2.069858924347e-03 2.420492783917e-02 -9.985171898572e-05)	(-2.239230335469e-02 3.047630275221e-04 -4.363025199668e-02)	(-5.602835357084e-04 8.387119153210e-02 1.282487612471e-04)
3.2                 	(5.739210255501e+00 2.375538479779e+00 6.090364507670e-01)	(5.739210255501e+00 2.375538479779e+00 6.090364507670e-01)	(2.078322744839e-03 3.119121328884e-02 -9.729901981088e-05)	(-1.348580391469e-02 2.783437421871e-04 -4.550832423588e-02)	(7.285575519382e-04 5.317721184263e-02 1.960961123596e-04)
3.3                 	(5.738425868469e+00 2.375562798302e+00 6.052464373020e-01)	(5.738425868469e+00 2.375562798302e+00 6.052464373020e-01)	(2.210984302725e-03 3.449353579411e-02 -8.474420979877e-05)	(-1.738370215566e-03 2.051488044694e-04 -2.728223545643e-02)	(1.888984848598e-03 1.205270419735e-02 1.665642475829e-04)
3.4                 	(5.738947148501e+00 2.375579896181e+00 6.040385658633e-01)	(5.738947148501e+00 2.375579896181e+00 6.040385658633e-01)	(2.442755127918e-03 3.361608452490e-02 -6.961110215043e-05)	(1.248437156359e-02 1.399467390874e-04 4.600447371845e-03)	(2.681632232693e-03 -2.863537533153e-02 8.188895571290e-05)
3.5                 	(5.740963994879e+00 2.375591203370e+00 6.062930221488e-01)	(5.740963994879e+00 2.375591203370e+00 6.062930221488e-01)	(2.730230946469e-03 2.910726764016e-02 -5.401707181518e-05)	(2.787905651118e-02 8.770929404111e-05 4.025910624303e-02)	(2.992018019786e-03 -5.924018448847e-02 1.019057071549e-06)
3.6                 	(5.744497387916e+00 2.375597648101e+00 6.118733784606e-01)	(5.744497387916e+00 2.375597648101e+00 6.118733784606e-01)	(3.022974572366e-03 2.226213394721e-02 -3.736539935538e-05)	(4.243024402402e-02 4.213221013901e-05 6.936276399753e-02)	(2.789258595003e-03 -7.530747183895e-02 -6.152459395618e-05)
3.7                 	(5.749348757451e+00 2.375600177078e+00 6.196207697228e-01)	(5.749348757451e+00 2.375600177078e+00 6.196207697228e-01)	(3.272631794751e-03 1.443960900524e-02 -2.195290756212e-05)	(5.392889127748e-02 1.055699880913e-05 8.231027392244e-02)	(2.152233407871e-03 -7.972639998340e-02 -1.147759512379e-04)
3.8                 	(5.755127037734e+00 2.375600262226e+00 6.276478005443e-01)	(5.755127037734e+00 2.375600262226e+00 6.276478005443e-01)	(3.444253229404e-03 6.498749543168e-03 -8.446083133216e-06)	(6.073041246315e-02 -7.469938311321e-06 7.484824026245e-02)	(1.256677479469e-03 -7.866149820483e-02 -1.562764978260e-04)
3.9                 	(5.761297552963e+00 2.375599866307e+00 6.339765351813e-01)	(5.761297552963e+00 2.375599866307e+00 6.339765351813e-01)	(3.519405404587e-03 -1.272071918151e-03 1.119427031875e-06)	(6.163310267161e-02 6.331914620345e-06 4.914863988206e-02)	(2.351625092189e-04 -7.690536185048e-02 -1.850230534253e-04)
4                   	(5.767228004178e+00 2.375603012882e+00 6.370817976760e-01)	(5.767228004178e+00 2.375603012882e+00 6.370817976760e-01)	(3.491584599203e-03 -8.949121665423e-03 8.727694852439e-06)	(5.585012435947e-02 6.346527760571e-05 1.171938561058e-02)	(-7.788068997775e-04 -7.680933407292e-02 -2.003269320031e-04)
4.1                 	(5.772241196630e+00 2.375613335237e+00 6.362502952628e-01)	(5.772241196630e+00 2.375613335237e+00 6.362502952628e-01)	(3.369499675139e-03 -1.661778814083e-02 1.488564460153e-05)	(4.334845040509e-02 1.436867021416e-04 -2.779194854940e-02)	(-1.623551635454e-03 -7.587378266959e-02 -2.048087251144e-04)
4.2                 	(5.775708464560e+00 2.375631163064e+00 6.318082213278e-01)	(5.775708464560e+00 2.375631163064e+00 6.318082213278e-01)	(3.177174866909e-03 -2.386994629003e-02 1.651360306297e-05)	(2.518987405501e-02 2.054674312271e-04 -5.895040246195e-02)	(-2.163869521187e-03 -6.729250819780e-02 -2.516285815858e-04)
4.3                 	(5.777148461483e+00 2.375652199309e+00 6.249640042582e-01)	(5.777148461483e+00 2.375652199309e+00 6.249640042582e-01)	(2.950167081113e-03 -2.962591098963e-02 4.421531728017e-06)	(3.113705986850e-03 2.017739398393e-04 -7.519638550998e-02)	(-2.294923580194e-03 -4.535655392791e-02 -3.472312103593e-04)
4.4                 	(5.776264003015e+00 2.375669272426e+00 6.173122503057e-01)	(5.776264003015e+00 2.375669272426e+00 6.173122503057e-01)	(2.731360843616e-03 -3.244684903609e-02 -2.525103764892e-05)	(-2.092310312849e-02 1.333512083854e-04 -7.521870739103e-02)	(-1.998844147045e-03 -8.791421361803e-03 -3.800476575602e-04)
4.5                 	(5.772965433797e+00 2.375678988233e+00 6.103702527623e-01)	(5.772965433797e+00 2.375678988233e+00 6.103702527623e-01)	(2.557697605961e-03 -3.099336566456e-02 -6.021797304974e-05)	(-4.472829768970e-02 6.681907384736e-05 -6.177860764337e-02)	(-1.420876181555e-03 3.926774173310e-02 -2.078698303824e-04)
4.6                 	(5.767408667523e+00 2.375684158962e+00 6.052090513765e-01)	(5.767408667523e+00 2.375684158962e+00 6.052090513765e-01)	(2.449263233092e-03 -2.450183043461e-02 -8.448766761589e-05)	(-6.564299656507e-02 4.202748022042e-05 -4.080455303940e-02)	(-7.204042984092e-04 9.027639008305e-02 3.864633166223e-05)
4.7                 	(5.760017063155e+00 2.375687371012e+00 6.022227217207e-01)	(5.760017063155e+00 2.375687371012e+00 6.022227217207e-01)	(2.414682600764e-03 -1.322709919530e-02 -9.846002102845e-05)	(-8.107075616182e-02 1.888543752240e-05 -1.936310310153e-02)	(3.873074686972e-05 1.329176096999e-01 2.174843514130e-04)
4.8                 	(5.751439986970e+00 2.375687154307e+00 6.011767789770e-01)	(5.751439986970e+00 2.375687154307e+00 6.011767789770e-01)	(2.455933409660e-03 1.480000051238e-03 -1.051811506353e-04)	(-8.909921485735e-02 -2.529655640390e-05 -2.606030030441e-03)	(7.728014526313e-04 1.577474616333e-01 3.571344859033e-04)
4.9                 	(5.742480261025e+00 2.375682494528e+00 6.014711125341e-01)	(5.742480261025e+00 2.375682494528e+00 6.014711125341e-01)	(2.563883849064e-03 1.756464311889e-02 -1.045573927921e-04)	(-8.862562784104e-02 -6.412370873495e-05 7.315769435061e-03)	(1.351668430330e-03 1.600866823263e-01 4.547223107674e-04)
5                   	(5.734010858448e+00 2.375675269220e+00 6.024275394327e-01)	(5.734010858448e+00 2.375675269220e+00 6.024275394327e-01)	(2.717660927864e-03 3.274659286032e-02 -9.604231940642e-05)	(-7.931825553803e-02 -7.633587598505e-05 1.098487187399e-02)	(1.685685106041e-03 1.401993889140e-01 5.100146918659e-04)
5.1                 	(5.726894902015e+00 2.375668116751e+00 6.035672705123e-01)	(5.726894902015e+00 2.375668116751e+00 6.035672705123e-01)	(2.890837315120e-03 4.505860044128e-02 -7.971855752140e-05)	(-6.170355284248e-02 -6.178647604367e-05 1.168362437942e-02)	(1.740461201863e-03 1.039246765819e-01 4.810119426960e-04)
5.2                 	(5.721907344172e+00 2.375663815597e+00 6.048094579684e-01)	(5.721907344172e+00 2.375663815597e+00 6.048094579684e-01)	(3.053635387412e-03 5.325486626882e-02 -6.210444421448e-05)	(-3.697520717002e-02 -2.318477089026e-05 1.368944896962e-02)	(1.485150582053e-03 5.914683521482e-02 3.486978313316e-04)
5.3                 	(5.719681182548e+00 2.375663004771e+00 6.064514049974e-01)	(5.719681182548e+00 2.375663004771e+00 6.064514049974e-01)	(3.178588816113e-03 5.686698620986e-02 -4.479397813010e-05)	(-6.818675914970e-03 2.160981628441e-06 1.998429396273e-02)	(1.004986039890e-03 1.340856270506e-02 2.299607010544e-04)
5.4                 	(5.720641309842e+00 2.375663337674e+00 6.089709197606e-01)	(5.720641309842e+00 2.375663337674e+00 6.089709197606e-01)	(3.248203913433e-03 5.606674851082e-02 -2.278907380694e-05)	(2.626544262389e-02 2.241698446220e-06 3.112906843915e-02)	(3.979768627800e-04 -2.862325325817e-02 1.596805250669e-04)
5.5                 	(5.724922882430e+00 2.375663190857e+00 6.127730152888e-01)	(5.724922882430e+00 2.375663190857e+00 6.127730152888e-01)	(3.254309494162e-03 5.129282476528e-02 4.012825579543e-06)	(5.900844022734e-02 -5.480071409944e-06 4.507640614285e-02)	(-2.432932515210e-04 -6.620306064630e-02 5.000912808533e-05)
5.6                 	(5.732310541011e+00 2.375662336971e+00 6.179412251085e-01)	(5.732310541011e+00 2.375662336971e+00 6.179412251085e-01)	(3.199248727971e-03 4.292157606852e-02 2.640075415025e-05)	(8.773154624493e-02 -1.011857637609e-05 5.764446969940e-02)	(-8.195861462052e-04 -1.009246088758e-01 -1.584324239378e-04)
5.7                 	(5.742215098650e+00 2.375661291239e+00 6.241000273667e-01)	(5.742215098650e+00 2.375661291239e+00 6.241000273667e-01)	(3.094307907282e-03 3.116174491395e-02 3.555310909498e-05)	(1.088066843038e-01 -1.163121758984e-05 6.419490163806e-02)	(-1.238167647410e-03 -1.339999622223e-01 -3.920539161214e-04)
5.8                 	(5.753724382505e+00 2.375659884105e+00 6.304664752646e-01)	(5.753724382505e+00 2.375659884105e+00 6.304664752646e-01)	(2.959110129118e-03 1.622408281617e-02 3.286995129334e-05)	(1.194697721632e-01 -1.679062932412e-05 6.137492155963e-02)	(-1.426392582793e-03 -1.639149395236e-01 -5.481554397092e-04)
5.9                 	(5.765714165135e+00 2.375658080140e+00 6.360079229140e-01)	(5.765714165135e+00 2.375658080140e+00 6.360079229140e-01)	(2.817287016113e-03 -1.335392707169e-03 2.569873662317e-05)	(1.183438850528e-01 -1.831622722532e-05 4.765560428586e-02)	(-1.371770157937e-03 -1.851865165560e-01 -5.943122400944e-04)
6                   	(5.776998833106e+00 2.375656476534e+00 6.396696972242e-01)	(5.776998833106e+00 2.375656476534e+00 6.396696972242e-01)	(2.692003018899e-03 -2.026174024106e-02 1.887709211815e-05)	(1.054427776385e-01 -1.195412790438e-05 2.419040852281e-02)	(-1.102497343968e-03 -1.898923334367e-01 -5.782109885551e-04)
6.1                 	(5.786443209475e+00 2.375655678510e+00 6.406373970024e-01)	(5.786443209475e+00 2.375655678510e+00 6.406373970024e-01)	(2.601531590161e-03 -3.850878041331e-02 1.122835267026e-05)	(8.177020230400e-02 -5.357320568627e-06 -5.498202630905e-03)	(-6.809192433657e-04 -1.706397332800e-01 -5.298025171876e-04)
6.2                 	(5.793053838194e+00 2.375654920700e+00 6.385176465085e-01)	(5.793053838194e+00 2.375654920700e+00 6.385176465085e-01)	(2.558573212214e-03 -5.346224569066e-02 7.237455380197e-07)	(4.916719610433e-02 -1.353100748352e-05 -3.673572698739e-02)	(-1.545469872482e-04 -1.239729268760e-01 -4.468599936196e-04)
6.3                 	(5.796081246605e+00 2.375652463601e+00 6.334166779766e-01)	(5.796081246605e+00 2.375652463601e+00 6.334166779766e-01)	(2.570540176288e-03 -6.250936859815e-02 -1.507292913613e-05)	(1.056006579333e-02 -3.331794719219e-05 -6.428180859352e-02)	(4.036541631288e-04 -5.382051234775e-02 -3.207816157243e-04)
6.4                 	(5.795080251089e+00 2.375648674359e+00 6.259424718677e-01)	(5.795080251089e+00 2.375648674359e+00 6.259424718677e-01)	(2.633636195484e-03 -6.382221366756e-02 -3.492543632003e-05)	(-3.074827627327e-02 -4.039165634468e-05 -8.353991760516e-02)	(8.606024140984e-04 2.842692137260e-02 -1.377721756389e-04)
6.5                 	(5.789969720379e+00 2.375644804681e+00 6.170798453733e-01)	(5.789969720379e+00 2.375644804681e+00 6.170798453733e-01)	(2.734222155137e-03 -5.689465664932e-02 -5.873927037800e-05)	(-7.092593889748e-02 -3.669195573140e-05 -9.170928429306e-02)	(1.150101102797e-03 1.085271836791e-01 2.940221728655e-05)
6.6                 	(5.781061557191e+00 2.375641303886e+00 6.080022204284e-01)	(5.781061557191e+00 2.375641303886e+00 6.080022204284e-01)	(2.854082040361e-03 -4.265689478653e-02 -8.797394473566e-05)	(-1.060986629509e-01 -3.385481649086e-05 -8.788539385281e-02)	(1.241850064644e-03 1.725922217202e-01 1.753214850270e-04)
6.7                 	(5.769035631760e+00 2.375637362775e+00 5.998670171191e-01)	(5.769035631760e+00 2.375637362775e+00 5.998670171191e-01)	(2.973999210894e-03 -2.321595129366e-02 -1.235200033983e-04)	(-1.326658940143e-01 -4.577404340772e-05 -7.318761390749e-02)	(1.145388092229e-03 2.118588525463e-01 2.371708892533e-04)
6.8                 	(5.754926844957e+00 2.375632437279e+00 5.936451203829e-01)	(5.754926844957e+00 2.375632437279e+00 5.936451203829e-01)	(3.074843861109e-03 -1.161984215233e-03 -1.649739866310e-04)	(-1.472742282449e-01 -5.154042264084e-05 -5.010564623695e-02)	(8.531427608708e-04 2.252044554916e-01 2.733543309773e-04)
6.9                 	(5.740055614754e+00 2.375627288469e+00 5.900169864259e-01)	(5.740055614754e+00 2.375627288469e+00 5.900169864259e-01)	(3.140079771485e-03 2.108410127377e-02 -2.032921510879e-04)	(-1.475995438926e-01 -5.002043738506e-05 -2.191830127475e-02)	(4.299270209978e-04 2.168698447897e-01 3.462018192339e-04)
7                   	(5.725909561227e+00 2.375623089526e+00 5.893067029345e-01)	(5.725909561227e+00 2.375623089526e+00 5.893067029345e-01)	(3.159280731922e-03 4.165705484906e-02 -2.295639240232e-04)	(-1.328060993864e-01 -3.269173204302e-05 7.631294897890e-03)	(-6.878732306956e-05 1.923343074518e-01 4.265195028732e-04)
7.1                 	(5.713969624537e+00 2.375620317142e+00 5.914748322945e-01)	(5.713969624537e+00 2.375620317142e+00 5.914748322945e-01)	(3.128611949395e-03 5.916982445505e-02 -2.378454572389e-04)	(-1.037650386661e-01 -2.640798904870e-05 3.519816754956e-02)	(-5.358472236627e-04 1.562524400105e-01 5.150862134612e-04)
7.2                 	(5.705556752273e+00 2.375617598912e+00 5.961887378687e-01)	(5.705556752273e+00 2.375617598912e+00 5.961887378687e-01)	(3.055275469896e-03 7.263126527034e-02 -2.231171589413e-04)	(-6.280252639376e-02 -2.654184399074e-05 5.808737111918e-02)	(-8.905613884996e-04 1.115380251990e-01 6.113381480675e-04)
7.3                 	(5.701668527065e+00 2.375615334636e+00 6.028593546668e-01)	(5.701668527065e+00 2.375615334636e+00 6.028593546668e-01)	(2.951345846857e-03 8.116842348144e-02 -1.842392656353e-04)	(-1.407855547270e-02 -1.762539462974e-05 7.401276866886e-02)	(-1.099719718964e-03 5.755886276320e-02 6.660039196438e-04)
7.4                 	(5.702853219485e+00 2.375614110897e+00 6.107192089113e-01)	(5.702853219485e+00 2.375614110897e+00 6.107192089113e-01)	(2.833645073261e-03 8.380306494207e-02 -1.253253944646e-04)	(3.775921731142e-02 -8.009503456909e-06 8.177732780013e-02)	(-1.121580593554e-03 -6.555200677552e-03 6.484387242723e-04)
7.5                 	(5.709139331487e+00 2.375613451687e+00 6.189378350238e-01)	(5.709139331487e+00 2.375613451687e+00 6.189378350238e-01)	(2.722932560764e-03 7.956527876729e-02 -5.210917280829e-05)	(8.730323339471e-02 -7.142792253648e-06 8.134385504666e-02)	(-9.419697051464e-04 -7.946186810948e-02 5.607596850616e-04)
7.6                 	(5.720051222579e+00 2.375612197914e+00 6.267586849963e-01)	(5.720051222579e+00 2.375612197914e+00 6.267586849963e-01)	(2.639247845825e-03 6.779609179798e-02 2.683474372250e-05)	(1.294514609706e-01 -1.999838874263e-05 7.405188964951e-02)	(-5.905926950693e-04 -1.557726171650e-01 3.745103130555e-04)
7.7                 	(5.734641115940e+00 2.375609641584e+00 6.335756040460e-01)	(5.734641115940e+00 2.375609641584e+00 6.335756040460e-01)	(2.597414665372e-03 4.859543592591e-02 1.036538616148e-04)	(1.601932487804e-01 -3.167783025603e-05 6.159648937880e-02)	(-1.464350783619e-04 -2.261968422170e-01 1.446797903354e-04)
7.8                 	(5.751603612917e+00 2.375605919630e+00 6.389784851279e-01)	(5.751603612917e+00 2.375605919630e+00 6.389784851279e-01)	(2.603605788805e-03 2.317719073848e-02 1.708776006443e-04)	(1.764779948158e-01 -4.301860740065e-05 4.611564088304e-02)	(3.134111884117e-04 -2.779560410320e-01 -1.249222078216e-04)
7.9                 	(5.769388565215e+00 2.375600805113e+00 6.427441418434e-01)	(5.769388565215e+00 2.375600805113e+00 6.427441418434e-01)	(2.655069807249e-03 -5.994767134799e-03 2.221182957361e-04)	(1.763792714054e-01 -6.028342314201e-05 2.900099015529e-02)	(7.120912560785e-04 -2.998099331504e-01 -3.715836012594e-04)
8                   	(5.786302586693e+00 2.375594369642e+00 6.447457173001e-01)	(5.786302586693e+00 2.375594369642e+00 6.447457173001e-01)	(2.741212992639e-03 -3.555788505633e-02 2.559284026443e-04)	(1.590471974693e-01 -6.503414803518e-05 1.084085397504e-02)	(9.675621771262e-04 -2.851157105782e-01 -5.369702146152e-04)
8.1                 	(5.800643893409e+00 2.375587874206e+00 6.448608647188e-01)	(5.800643893409e+00 2.375587874206e+00 6.448608647188e-01)	(2.844183895675e-03 -6.177702911989e-02 2.681601066970e-04)	(1.251525758652e-01 -6.703311852840e-05 -8.861311936550e-03)	(1.056284895172e-03 -2.335265503807e-01 -6.790864497839e-04)
8.2                 	(5.810866184306e+00 2.375580460478e+00 6.428935895993e-01)	(5.810866184306e+00 2.375580460478e+00 6.428935895993e-01)	(2.947280570933e-03 -8.119154168158e-02 2.488537731498e-04)	(7.737554618066e-02 -8.506905967057e-05 -3.091762109231e-02)	(1.016201532030e-03 -1.501994738008e-01 -8.343226499323e-04)
8.3                 	(5.815796951623e+00 2.375570343861e+00 6.385905271281e-01)	(5.815796951623e+00 2.375570343861e+00 6.385905271281e-01)	(3.037132185374e-03 -9.114504813944e-02 1.883561514263e-04)	(2.011670350121e-02 -1.119107208350e-04 -5.548093640922e-02)	(8.586536373309e-04 -4.691320141572e-02 -9.387492862896e-04)
8.4                 	(5.814762313343e+00 2.375560159736e+00 6.317710514218e-01)	(5.814762313343e+00 2.375560159736e+00 6.317710514218e-01)	(3.098684273701e-03 -9.049332446318e-02 9.337523730665e-05)	(-4.102917549610e-02 -8.132119783620e-05 -8.078767352049e-02)	(5.199489250673e-04 5.898583992086e-02 -9.014746401400e-04)
8.5                 	(5.807671641431e+00 2.375554953217e+00 6.225384159170e-01)	(5.807671641431e+00 2.375554953217e+00 6.225384159170e-01)	(3.119108381256e-03 -7.977185285162e-02 -2.945196741439e-05)	(-9.984549277673e-02 -1.365617953288e-05 -1.029061185664e-01)	(8.563208950560e-05 1.524232185118e-01 -8.757399380552e-04)
8.6                 	(5.795086381869e+00 2.375557219450e+00 6.114852772723e-01)	(5.795086381869e+00 2.375557219450e+00 6.114852772723e-01)	(3.095622774070e-03 -6.078503402632e-02 -1.752493024632e-04)	(-1.500650475290e-01 4.857056623239e-05 -1.161397926902e-01)	(-3.234657983232e-04 2.226513353738e-01 -8.580881673318e-04)
8.7                 	(5.778088577026e+00 2.375562777525e+00 5.997954041634e-01)	(5.778088577026e+00 2.375562777525e+00 5.997954041634e-01)	(3.042086966930e-03 -3.615293065064e-02 -3.346979738159e-04)	(-1.874166283048e-01 5.545047964473e-05 -1.148842730380e-01)	(-5.692671686941e-04 2.655720500740e-01 -7.880468477397e-04)
8.8                 	(5.758163174144e+00 2.375567173331e+00 5.890983876654e-01)	(5.758163174144e+00 2.375567173331e+00 5.890983876654e-01)	(2.975105144503e-03 -8.464343103636e-03 -4.835868147421e-04)	(-2.078948355166e-01 3.240618458717e-05 -9.604789559411e-02)	(-6.891244983419e-04 2.850117748938e-01 -4.902168653280e-04)
8.9                 	(5.737178934809e+00 2.375569177252e+00 5.811627981168e-01)	(5.737178934809e+00 2.375569177252e+00 5.811627981168e-01)	(2.905064231623e-03 2.022312057019e-02 -6.013021264070e-04)	(-2.082169876717e-01 1.080722453624e-05 -6.009088390352e-02)	(-7.116177091082e-04 2.862617910448e-01 -1.700761168626e-04)
9                   	(5.717236979988e+00 2.375570369560e+00 5.774913080742e-01)	(5.717236979988e+00 2.375570369560e+00 5.774913080742e-01)	(2.837721742675e-03 4.824237268880e-02 -6.769903804345e-04)	(-1.870418365278e-01 1.851818130035e-05 -1.186554736998e-02)	(-6.823171843162e-04 2.716299397199e-01 2.889309453412e-04)
9.1                 	(5.700445743767e+00 2.375572894467e+00 5.789505552460e-01)	(5.700445743767e+00 2.375572894467e+00 5.789505552460e-01)	(2.773284944778e-03 7.395776571348e-02 -6.934826158505e-04)	(-1.456381437231e-01 2.493423698785e-05 4.106315884043e-02)	(-6.088820655388e-04 2.394441534944e-01 8.225831017431e-04)
9.2                 	(5.688646503091e+00 2.375573755059e+00 5.855433931222e-01)	(5.688646503091e+00 2.375573755059e+00 5.855433931222e-01)	(2.716263567220e-03 9.533116698637e-02 -6.453215573078e-04)	(-8.815783517181e-02 -1.380931786324e-05 8.916753475094e-02)	(-4.313736309582e-04 1.838578640221e-01 1.284269819125e-03)
9.3                 	(5.683106274653e+00 2.375569706864e+00 5.962883433448e-01)	(5.683106274653e+00 2.375569706864e+00 5.962883433448e-01)	(2.674016046580e-03 1.098459014494e-01 -5.394572193581e-04)	(-2.150796684407e-02 -6.434594178481e-05 1.227554628425e-01)	(-1.873140483613e-04 1.021015727746e-01 1.581596840911e-03)
9.4                 	(5.684426269165e+00 2.375561763068e+00 6.094019661045e-01)	(5.684426269165e+00 2.375561763068e+00 6.094019661045e-01)	(2.650998061611e-03 1.150127296187e-01 -3.848154285423e-04)	(4.773965096327e-02 -8.855212339257e-05 1.357883074404e-01)	(7.773599730063e-05 -1.984229324095e-03 1.745152028620e-03)
9.5                 	(5.692479819576e+00 2.375553317312e+00 6.226932771246e-01)	(5.692479819576e+00 2.375553317312e+00 6.226932771246e-01)	(2.650354787716e-03 1.090111436638e-01 -1.911676579594e-04)	(1.120642840163e-01 -7.590506878670e-05 1.264926196895e-01)	(3.446063525426e-04 -1.191262488839e-01 1.748646383553e-03)
9.6                 	(5.706455715848e+00 2.375547080768e+00 6.340891508623e-01)	(5.706455715848e+00 2.375547080768e+00 6.340891508623e-01)	(2.675383976189e-03 9.128562081143e-02 2.119483004525e-05)	(1.653921794909e-01 -5.019091994325e-05 9.908301257426e-02)	(5.805581015861e-04 -2.330477125296e-01 1.482252079638e-03)
9.7                 	(5.725057145314e+00 2.375542889490e+00 6.421985797738e-01)	(5.725057145314e+00 2.375542889490e+00 6.421985797738e-01)	(2.728231965407e-03 6.312844781030e-02 2.220878546416e-04)	(2.037869898036e-01 -3.987991708661e-05 6.238017552941e-02)	(7.813720538773e-04 -3.247809376331e-01 9.915434078014e-04)
9.8                 	(5.746606977898e+00 2.375538586619e+00 6.465907080925e-01)	(5.746606977898e+00 2.375538586619e+00 6.465907080925e-01)	(2.805058454923e-03 2.766342555052e-02 3.942798159667e-04)	(2.240373662710e-01 -4.685666170518e-05 2.624969718349e-02)	(8.919453371425e-04 -3.769854770369e-01 4.825567689944e-04)
9.9                 	(5.769195557355e+00 2.375533425622e+00 6.477132347106e-01)	(5.769195557355e+00 2.375533425622e+00 6.477132347106e-01)	(2.892560742310e-03 -1.066235579746e-02 5.230015033785e-04)	(2.242785222557e-01 -5.661974500059e-05 -2.054411555602e-03)	(8.577139928308e-04 -3.812195884828e-01 -1.021409859430e-04)
10                  	(5.790762326952e+00 2.375527390508e+00 6.465493874758e-01)	(5.790762326952e+00 2.375527390508e+00 6.465493874758e-01)	(2.972385305117e-03 -4.695407502168e-02 5.910305571874e-04)	(2.035086912859e-01 -6.130184976339e-05 -1.943261406431e-02)	(6.741986397662e-04 -3.372083846965e-01 -6.462339438310e-04)
10.1                	(5.809200494650e+00 2.375521645327e+00 6.441163937377e-01)	(5.809200494650e+00 2.375521645327e+00 6.441163937377e-01)	(3.023799864235e-03 -7.679855493281e-02 5.950652845744e-04)	(1.619089016196e-01 -5.117014669956e-05 -2.821120204559e-02)	(3.303507406535e-04 -2.546169987401e-01 -1.042489458490e-03)
10.2                	(5.822542326870e+00 2.375516655152e+00 6.410003295956e-01)	(5.822542326870e+00 2.375516655152e+00 6.410003295956e-01)	(3.032464377690e-03 -9.704705916360e-02 5.347819775834e-04)	(1.023723417276e-01 -5.683559716642e-05 -3.418603794183e-02)	(-2.950514596768e-05 -1.475835882342e-01 -1.396405629888e-03)
10.3                	(5.829276177165e+00 2.375508928850e+00 6.371561082829e-01)	(5.829276177165e+00 2.375508928850e+00 6.371561082829e-01)	(3.004146324063e-03 -1.059994825102e-01 4.024711265547e-04)	(3.099959918887e-02 -9.904164566055e-05 -4.374434050401e-02)	(-2.422869294108e-04 -3.140617826540e-02 -1.759228194857e-03)
10.4                	(5.828626859994e+00 2.375497789788e+00 6.319927427539e-01)	(5.828626859994e+00 2.375497789788e+00 6.319927427539e-01)	(2.953526267190e-03 -1.035866896209e-01 2.099210707424e-04)	(-4.384289926144e-02 -1.109819634938e-04 -6.090589341227e-02)	(-3.552202936159e-04 7.705199841574e-02 -1.865127267348e-03)
10.5                	(5.820665370004e+00 2.375489459991e+00 6.247429664363e-01)	(5.820665370004e+00 2.375489459991e+00 6.247429664363e-01)	(2.892682116657e-03 -9.126551678789e-02 -7.710993037578e-06)	(-1.139137968375e-01 -4.903178098576e-05 -8.481216029195e-02)	(-4.159330535232e-04 1.654968161570e-01 -1.742847710417e-03)
10.6                	(5.806259044113e+00 2.375488919697e+00 6.150300486674e-01)	(5.806259044113e+00 2.375488919697e+00 6.150300486674e-01)	(2.834611296892e-03 -7.127487623334e-02 -2.336361621086e-04)	(-1.718513249476e-01 4.139979394222e-05 -1.086553795256e-01)	(-3.588748848413e-04 2.303316152391e-01 -1.606329600062e-03)
10.7                	(5.786856978348e+00 2.375496829462e+00 6.033534718835e-01)	(5.786856978348e+00 2.375496829462e+00 6.033534718835e-01)	(2.793183524325e-03 -4.587369559555e-02 -4.529744890981e-04)	(-2.130980839343e-01 1.040455179065e-04 -1.222538789372e-01)	(-1.905948425292e-04 2.743948085252e-01 -1.320322706839e-03)
10.8                	(5.764297873928e+00 2.375507128916e+00 5.912457634018e-01)	(5.764297873928e+00 2.375507128916e+00 5.912457634018e-01)	(2.781128088403e-03 -1.696213265311e-02 -6.472093699580e-04)	(-2.346020227207e-01 9.298123417565e-05 -1.159929894511e-01)	(8.870793597554e-05 3.012201179079e-01 -9.287477108475e-04)
10.9                	(5.740669357804e+00 2.375515518020e+00 5.809757147268e-01)	(5.740669357804e+00 2.375515518020e+00 5.809757147268e-01)	(2.802780704246e-03 1.389533467287e-02 -7.964899438789e-04)	(-2.341727615556e-01 8.290826843128e-05 -8.534331167387e-02)	(3.247392849206e-04 3.136765385281e-01 -2.985495142886e-04)
11                  	(5.718212700526e+00 2.375524261819e+00 5.749037449309e-01)	(5.718212700526e+00 2.375524261819e+00 5.749037449309e-01)	(2.842539438276e-03 4.517027733115e-02 -8.789256960809e-04)	(-2.111951162598e-01 9.121741390047e-05 -3.313057859188e-02)	(3.990295987608e-04 3.088095750863e-01 4.105715072470e-04)
11.1                	(5.699138232391e+00 2.375533015442e+00 5.747723242819e-01)	(5.699138232391e+00 2.375533015442e+00 5.747723242819e-01)	(2.880049614771e-03 7.481888847485e-02 -8.895453986542e-04)	(-1.669031320087e-01 7.747631491868e-05 3.155791970686e-02)	(3.195961239865e-04 2.797264456014e-01 1.065406462134e-03)
11.2                	(5.685418408849e+00 2.375538184584e+00 5.811801896685e-01)	(5.685418408849e+00 2.375538184584e+00 5.811801896685e-01)	(2.898304991633e-03 1.000150997472e-01 -8.279380058193e-04)	(-1.053282877023e-01 1.897001407570e-05 9.509537059401e-02)	(1.512583330274e-04 2.182312683523e-01 1.587629543762e-03)
11.3                	(5.678442048785e+00 2.375536274804e+00 5.932535786698e-01)	(5.678442048785e+00 2.375536274804e+00 5.932535786698e-01)	(2.890766202472e-03 1.173386505186e-01 -6.989918686522e-04)	(-3.329491509370e-02 -5.283943813943e-05 1.425861928002e-01)	(-1.702812863651e-05 1.229631560358e-01 1.949663557859e-03)
11.4                	(5.678805130033e+00 2.375529532201e+00 6.087722453495e-01)	(5.678805130033e+00 2.375529532201e+00 6.087722453495e-01)	(2.858424584141e-03 1.237435711931e-01 -5.085288971795e-04)	(4.015542778227e-02 -7.151820184779e-05 1.626208460454e-01)	(-1.599192793626e-04 2.093303030873e-03 2.180137034872e-03)
11.5                	(5.686287180126e+00 2.375523813691e+00 6.247262486016e-01)	(5.686287180126e+00 2.375523813691e+00 6.247262486016e-01)	(2.809292714243e-03 1.174165711938e-01 -2.661261014959e-04)	(1.079023097557e-01 -3.778950950376e-05 1.512778570759e-01)	(-2.120363947389e-04 -1.287467392417e-01 2.236961856367e-03)
11.6                	(5.700003485232e+00 2.375522319884e+00 6.381415444888e-01)	(5.700003485232e+00 2.375522319884e+00 6.381415444888e-01)	(2.759846156317e-03 9.833893878176e-02 4.300626199494e-06)	(1.641378379513e-01 5.415847918099e-06 1.134914534125e-01)	(-1.750638731814e-04 -2.493687774157e-01 2.015196270010e-03)
11.7                	(5.718603455264e+00 2.375524141035e+00 6.469474369705e-01)	(5.718603455264e+00 2.375524141035e+00 6.469474369705e-01)	(2.726863285318e-03 6.856860377712e-02 2.611393098185e-04)	(2.050743606384e-01 2.570682614029e-05 6.151073159625e-02)	(-3.133022059009e-05 -3.394237628968e-01 1.438581058425e-03)
11.8                	(5.740418227835e+00 2.375526697100e+00 6.504838538928e-01)	(5.740418227835e+00 2.375526697100e+00 6.504838538928e-01)	(2.724070376699e-03 3.196835612688e-02 4.725361630508e-04)	(2.281199435056e-01 2.580291610549e-05 1.056025808601e-02)	(1.988865168011e-04 -3.841248353047e-01 7.874778253554e-04)
11.9                	(5.763559430688e+00 2.375529412083e+00 6.495016364368e-01)	(5.763559430688e+00 2.375529412083e+00 6.495016364368e-01)	(2.752004599608e-03 -6.646987200622e-03 6.225318337104e-04)	(2.312227738877e-01 2.940698729234e-05 -2.729941329933e-02)	(3.866472067489e-04 -3.802857099271e-01 1.065244668102e-04)
12                  	(5.785952744908e+00 2.375532202571e+00 6.456660900701e-01)	(5.785952744908e+00 2.375532202571e+00 6.456660900701e-01)	(2.798414760689e-03 -4.258652458344e-02 6.988860349291e-04)	(2.130159703282e-01 2.063335739256e-05 -4.613855155010e-02)	(4.981680604213e-04 -3.318897375485e-01 -5.646032679451e-04)
12.1                	(5.805443219923e+00 2.375533556826e+00 6.408532445807e-01)	(5.805443219923e+00 2.375533556826e+00 6.408532445807e-01)	(2.848956107180e-03 -7.188510194859e-02 6.979689596187e-04)	(1.732564909798e-01 7.420523235810e-06 -4.775911112785e-02)	(4.929129298553e-04 -2.500315735901e-01 -1.080667807529e-03)
12.2                	(5.819973756661e+00 2.375533108691e+00 6.364259064319e-01)	(5.819973756661e+00 2.375533108691e+00 6.364259064319e-01)	(2.888111703205e-03 -9.193443953817e-02 6.269131623272e-04)	(1.146038771064e-01 -2.197958553712e-05 -4.010845560339e-02)	(4.099914895725e-04 -1.491413883985e-01 -1.480940342914e-03)
12.3                	(5.827928232787e+00 2.375527883260e+00 6.327703857335e-01)	(5.827928232787e+00 2.375527883260e+00 6.327703857335e-01)	(2.912669765967e-03 -1.015306361523e-01 4.850365446514e-04)	(4.290612284452e-02 -8.600860003499e-05 -3.420515019664e-02)	(3.717756072744e-04 -4.291965299312e-02 -1.910442819363e-03)
12.4                	(5.828395095407e+00 2.375516245416e+00 6.292142018628e-01)	(5.828395095407e+00 2.375516245416e+00 6.292142018628e-01)	(2.928627985264e-03 -1.007440169694e-01 2.709649764750e-04)	(-3.354627429810e-02 -1.388301492673e-04 -3.921996241344e-02)	(3.831200622213e-04 5.672377803446e-02 -2.249382775478e-03)
12.5                	(5.821373266062e+00 2.375502682914e+00 6.244490624091e-01)	(5.821373266062e+00 2.375502682914e+00 6.244490624091e-01)	(2.940913921288e-03 -9.069519250372e-02 1.599005755573e-05)	(-1.054859324597e-01 -1.174977566356e-04 -5.826244402312e-02)	(3.428448174467e-04 1.416012910284e-01 -2.170840952820e-03)
12.6                	(5.807724664749e+00 2.375494858595e+00 6.172491580991e-01)	(5.807724664749e+00 2.375494858595e+00 6.172491580991e-01)	(2.950851505380e-03 -7.301577026611e-02 -2.417245846210e-04)	(-1.650010853078e-01 -3.388674596967e-05 -8.648690418295e-02)	(2.825417243423e-04 2.090651201168e-01 -1.926371149977e-03)
12.7                	(5.788955395927e+00 2.375495693146e+00 6.072299639660e-01)	(5.788955395927e+00 2.375495693146e+00 6.072299639660e-01)	(2.961177273695e-03 -4.937972523808e-02 -4.891812608501e-04)	(-2.072014232963e-01 4.412867412927e-05 -1.122955250275e-01)	(2.310447432359e-04 2.612664257591e-01 -1.575266739089e-03)
12.8                	(5.766952856376e+00 2.375502241426e+00 5.953537842373e-01)	(5.766952856376e+00 2.375502241426e+00 5.953537842373e-01)	(2.974733026115e-03 -2.124709896428e-02 -7.003438222195e-04)	(-2.295085927135e-01 8.102598503012e-05 -1.214086675605e-01)	(1.893188457562e-04 2.985651313074e-01 -9.244131274832e-04)
12.9                	(5.743750914469e+00 2.375511177486e+00 5.838442091661e-01)	(5.743750914469e+00 2.375511177486e+00 5.838442091661e-01)	(2.987995691276e-03 9.774418266460e-03 -8.450914039121e-04)	(-2.309164388543e-01 9.560265300479e-05 -1.039277496866e-01)	(8.280361700462e-05 3.187698321780e-01 -1.288136482700e-04)
13                  	(5.721496932190e+00 2.375521213221e+00 5.755236611307e-01)	(5.721496932190e+00 2.375521213221e+00 5.755236611307e-01)	(2.988142991110e-03 4.178440247060e-02 -9.192658857891e-04)	(-2.106212828502e-01 1.029827881157e-04 -5.811595233861e-02)	(-1.296265938855e-04 3.170145330731e-01 5.401110668135e-04)
13.1                	(5.702329426032e+00 2.375531179345e+00 5.729357320780e-01)	(5.702329426032e+00 2.375531179345e+00 5.729357320780e-01)	(2.961479816401e-03 7.219927054199e-02 -9.238815086812e-04)	(-1.693223024543e-01 8.977501071674e-05 8.786773050923e-03)	(-4.086169011016e-04 2.862275176431e-01 1.176563610956e-03)
13.2                	(5.688229050322e+00 2.375537396210e+00 5.774972025065e-01)	(5.688229050322e+00 2.375537396210e+00 5.774972025065e-01)	(2.902247919569e-03 9.780863252410e-02 -8.515912700164e-04)	(-1.101154196016e-01 2.740361492843e-05 8.202385229848e-02)	(-6.290011851999e-04 2.198123254646e-01 1.758207179396e-03)
13.3                	(5.680697128260e+00 2.375536170142e+00 5.889392082469e-01)	(5.680697128260e+00 2.375536170142e+00 5.889392082469e-01)	(2.818157207688e-03 1.150331216670e-01 -7.015254250519e-04)	(-3.929757400016e-02 -4.884983604405e-05 1.432974301030e-01)	(-6.986087632304e-04 1.198492368620e-01 2.178173562406e-03)
13.4                	(5.680458157090e+00 2.375529089100e+00 6.052078718349e-01)	(5.680458157090e+00 2.375529089100e+00 6.052078718349e-01)	(2.727371551134e-03 1.210723920340e-01 -4.848060450680e-04)	(3.431461555522e-02 -8.365700751261e-05 1.764436538299e-01)	(-5.684918534134e-04 -1.330291921751e-03 2.445340803662e-03)
13.5                	(5.687376472132e+00 2.375521259640e+00 6.230224050820e-01)	(5.687376472132e+00 2.375521259640e+00 6.230224050820e-01)	(2.653127180962e-03 1.145849155148e-01 -2.174029045759e-04)	(1.024603785481e-01 -6.590959342453e-05 1.736591139128e-01)	(-2.486158776647e-04 -1.278801117727e-01 2.468525806679e-03)
13.6                	(5.700552804606e+00 2.375516774432e+00 6.387968738795e-01)	(5.700552804606e+00 2.375516774432e+00 6.387968738795e-01)	(2.620022846187e-03 9.592258734199e-02 6.789824936975e-05)	(1.588160694151e-01 -2.372609039157e-05 1.369711788353e-01)	(2.049748229644e-04 -2.418152431941e-01 2.167475568694e-03)
13.7                	(5.718637737006e+00 2.375516053279e+00 6.496873390875e-01)	(5.718637737006e+00 2.375516053279e+00 6.496873390875e-01)	(2.642516205381e-03 6.719368114517e-02 3.315209533212e-04)	(2.000792795839e-01 6.482052797095e-06 7.862389720771e-02)	(6.734299638441e-04 -3.266148465118e-01 1.540529551732e-03)
13.8                	(5.739973009991e+00 2.375517385149e+00 6.543858796715e-01)	(5.739973009991e+00 2.375517385149e+00 6.543858796715e-01)	(2.719169175929e-03 3.201170912394e-02 5.449021173385e-04)	(2.236252147154e-01 1.803045092543e-05 1.609088225191e-02)	(1.050124762068e-03 -3.692721447280e-01 8.492956590819e-04)
13.9                	(5.762699947085e+00 2.375520210101e+00 6.533000344427e-01)	(5.762699947085e+00 2.375520210101e+00 6.533000344427e-01)	(2.831250769426e-03 -5.219998332527e-03 7.000413277954e-04)	(2.274646748300e-01 4.054217641768e-05 -3.478037546737e-02)	(1.190601644193e-03 -3.681559852408e-01 1.847761601962e-04)
14                  	(5.784761277397e+00 2.375525129854e+00 6.481614185117e-01)	(5.784761277397e+00 2.375525129854e+00 6.481614185117e-01)	(2.949752864232e-03 -4.023997710221e-02 7.845173021967e-04)	(2.102083274433e-01 5.406024306757e-05 -6.394930467380e-02)	(1.112870241289e-03 -3.258077043488e-01 -5.271650032308e-04)
14.1                	(5.804027530629e+00 2.375529935047e+00 6.412888923579e-01)	(5.804027530629e+00 2.375529935047e+00 6.412888923579e-01)	(3.049918989680e-03 -6.926153174639e-02 7.843081338187e-04)	(1.716290105253e-01 3.875061472111e-05 -7.001831501670e-02)	(8.657953474960e-04 -2.502912469112e-01 -1.185792768725e-03)
14.2                	(5.818447158260e+00 2.375533080857e+00 6.347040122998e-01)	(5.818447158260e+00 2.375533080857e+00 6.347040122998e-01)	(3.109803349670e-03 -8.957677957514e-02 7.032885915426e-04)	(1.139945869621e-01 2.447503298134e-05 -5.983267521151e-02)	(4.471377383830e-04 -1.537620298549e-01 -1.661743682359e-03)
14.3                	(5.826385942411e+00 2.375533988904e+00 6.294725251304e-01)	(5.826385942411e+00 2.375533988904e+00 6.294725251304e-01)	(3.118715529478e-03 -9.969791264538e-02 5.444534973535e-04)	(4.321046709395e-02 -1.296662764072e-05 -4.514983835715e-02)	(6.327615539851e-05 -4.813141788031e-02 -2.134322019452e-03)
14.4                	(5.826916472136e+00 2.375529525293e+00 6.254121255780e-01)	(5.826916472136e+00 2.375529525293e+00 6.254121255780e-01)	(3.089906789358e-03 -9.930907464612e-02 3.056552808646e-04)	(-3.262842071946e-02 -7.402757709303e-05 -3.816173767247e-02)	(-1.350134036883e-04 5.432968025655e-02 -2.566214305689e-03)
14.5                	(5.820004401934e+00 2.375521274517e+00 6.213350032993e-01)	(5.820004401934e+00 2.375521274517e+00 6.213350032993e-01)	(3.042969698419e-03 -8.931279197855e-02 1.081457358040e-05)	(-1.042014959660e-01 -7.598381044563e-05 -4.602621122409e-02)	(-2.347683627767e-04 1.426732154750e-01 -2.592786739091e-03)
14.6                	(5.806484811370e+00 2.375516798495e+00 6.157433863900e-01)	(5.806484811370e+00 2.375516798495e+00 6.157433863900e-01)	(2.993550740298e-03 -7.140741501025e-02 -2.841298170803e-04)	(-1.637068656758e-01 -6.841285778919e-06 -6.751447405294e-02)	(-2.562263373445e-04 2.122746625330e-01 -2.187659199182e-03)
14.7                	(5.787856823997e+00 2.375519856157e+00 6.076949034801e-01)	(5.787856823997e+00 2.375519856157e+00 6.076949034801e-01)	(2.955326482881e-03 -4.744400299333e-02 -5.546303518999e-04)	(-2.056873974672e-01 6.371006190213e-05 -9.299736227308e-02)	(-1.743086357856e-04 2.641361500775e-01 -1.776884841982e-03)
14.8                	(5.766019909918e+00 2.375528420731e+00 5.974803303454e-01)	(5.766019909918e+00 2.375528420731e+00 5.974803303454e-01)	(2.935546317430e-03 -1.913927974574e-02 -7.839353960139e-04)	(-2.274684357387e-01 9.636120205302e-05 -1.084390413531e-01)	(-5.839695012767e-05 2.994282695487e-01 -1.075954468695e-03)
14.9                	(5.743045100659e+00 2.375537954846e+00 5.867735882170e-01)	(5.743045100659e+00 2.375537954846e+00 5.867735882170e-01)	(2.934898766989e-03 1.181528645129e-02 -9.368752049729e-04)	(-2.284548150168e-01 9.320382676810e-05 -1.012118071808e-01)	(4.859293146360e-05 3.164093223455e-01 -1.632968477590e-04)
15                  	(5.721033589305e+00 2.375547116765e+00 5.781881901114e-01)	(5.721033589305e+00 2.375547116765e+00 5.781881901114e-01)	(2.942116694301e-03 4.338965684023e-02 -1.006233387107e-03)	(-2.083050620438e-01 9.107064508633e-05 -6.585537226610e-02)	(3.638417870511e-05 3.110040866450e-01 6.053129213666e-04)
15.1                	(5.702072273382e+00 2.375555733524e+00 5.744227795389e-01)	(5.702072273382e+00 2.375555733524e+00 5.744227795389e-01)	(2.939040643638e-03 7.307058941111e-02 -9.982257445239e-04)	(-1.676428645367e-01 7.727415406135e-05 -6.216606064157e-03)	(-1.034429474307e-04 2.775872087394e-01 1.296008714529e-03)
15.2                	(5.688107350481e+00 2.375560948005e+00 5.773482576413e-01)	(5.688107350481e+00 2.375560948005e+00 5.773482576413e-01)	(2.912060580185e-03 9.778389096971e-02 -9.098066970928e-04)	(-1.089769418231e-01 1.964850217652e-05 6.532981623248e-02)	(-2.729984188310e-04 2.110168087037e-01 1.903162193143e-03)
15.3                	(5.680675258292e+00 2.375559169895e+00 5.872770674230e-01)	(5.680675258292e+00 2.375559169895e+00 5.872770674230e-01)	(2.861395863062e-03 1.142281626859e-01 -7.408455688168e-04)	(-3.830695235541e-02 -5.238660899841e-05 1.305980805491e-01)	(-3.567663736537e-04 1.134367059750e-01 2.371055037303e-03)
15.4                	(5.680561610071e+00 2.375551704773e+00 6.026610658617e-01)	(5.680561610071e+00 2.375551704773e+00 6.026610658617e-01)	(2.800320205459e-03 1.198141112687e-01 -5.028911356062e-04)	(3.583286794365e-02 -9.019155946667e-05 1.719100788583e-01)	(-2.704866980775e-04 -3.910750630336e-03 2.642633488395e-03)
15.5                	(5.687646642200e+00 2.375542925452e+00 6.204684026283e-01)	(5.687646642200e+00 2.375542925452e+00 6.204684026283e-01)	(2.751145145652e-03 1.132822511394e-01 -2.151456434026e-04)	(1.044264599142e-01 -7.896570645124e-05 1.780709123116e-01)	(-1.510735017568e-05 -1.263602130958e-01 2.660576204055e-03)
15.6                	(5.701021609563e+00 2.375536701739e+00 6.370642308139e-01)	(5.701021609563e+00 2.375536701739e+00 6.370642308139e-01)	(2.734189813171e-03 9.493104884052e-02 8.983539869041e-05)	(1.607485812564e-01 -4.389428744133e-05 1.484547200857e-01)	(3.213606447820e-04 -2.374522521986e-01 2.348068565727e-03)
15.7                	(5.719265433378e+00 2.375534381371e+00 6.492908962702e-01)	(5.719265433378e+00 2.375534381371e+00 6.492908962702e-01)	(2.758707594260e-03 6.666683492927e-02 3.711018690832e-04)	(2.012909692161e-01 -3.179000839262e-06 9.305618090604e-02)	(6.158350792434e-04 -3.224299505803e-01 1.650315283556e-03)
15.8                	(5.740675702353e+00 2.375535538613e+00 6.553712215624e-01)	(5.740675702353e+00 2.375535538613e+00 6.553712215624e-01)	(2.820789176058e-03 3.175693502213e-02 5.908486377873e-04)	(2.239138096567e-01 2.364052589832e-05 2.850674577284e-02)	(8.259637691607e-04 -3.683395230934e-01 8.039704646083e-04)
15.9                	(5.763389285892e+00 2.375539120609e+00 6.552557723568e-01)	(5.763389285892e+00 2.375539120609e+00 6.552557723568e-01)	(2.903918658996e-03 -5.555596602072e-03 7.399986070823e-04)	(2.269838700985e-01 5.006975705756e-05 -2.829807032300e-02)	(8.419188493290e-04 -3.705325903813e-01 5.933124841089e-05)
16                  	(5.785379444077e+00 2.375545378522e+00 6.503819499320e-01)	(5.785379444077e+00 2.375545378522e+00 6.503819499320e-01)	(2.981893042754e-03 -4.092877150257e-02 8.139164040755e-04)	(2.093216931570e-01 7.015284954634e-05 -6.523916520672e-02)	(6.744704621846e-04 -3.302462561702e-01 -6.624547440931e-04)
16.1                	(5.804558270024e+00 2.375551680084e+00 6.430120313158e-01)	(5.804558270024e+00 2.375551680084e+00 6.430120313158e-01)	(3.037791195275e-03 -7.039819737641e-02 8.008497630920e-04)	(1.708099556524e-01 5.062728275563e-05 -7.834457611185e-02)	(4.492010420668e-04 -2.543433669908e-01 -1.352997456300e-03)
16.2                	(5.818917728671e+00 2.375555262990e+00 6.353680977937e-01)	(5.818917728671e+00 2.375555262990e+00 6.353680977937e-01)	(3.059851817326e-03 -9.098656813647e-02 7.015564030825e-04)	(1.135651634825e-01 2.292462170147e-05 -7.206567470576e-02)	(1.462918998096e-04 -1.546421404494e-01 -1.853938194555e-03)
16.3                	(5.826827315384e+00 2.375556129881e+00 6.288948632802e-01)	(5.826827315384e+00 2.375556129881e+00 6.288948632802e-01)	(3.042659158401e-03 -1.009779228259e-01 5.264044668249e-04)	(4.298655346391e-02 -9.601769227193e-06 -5.701996511333e-02)	(-1.269676554628e-04 -4.462995142286e-02 -2.230352180712e-03)
16.4                	(5.827331174846e+00 2.375552269347e+00 6.238350321939e-01)	(5.827331174846e+00 2.375552269347e+00 6.238350321939e-01)	(2.999792756526e-03 -1.000428993679e-01 2.807410380323e-04)	(-3.298113582539e-02 -7.039089818811e-05 -4.569925861681e-02)	(-2.004159439776e-04 6.151327983627e-02 -2.585913540437e-03)
16.5                	(5.820372856344e+00 2.375543229846e+00 6.193297097460e-01)	(5.820372856344e+00 2.375543229846e+00 6.193297097460e-01)	(2.953013971396e-03 -8.924278192689e-02 -1.641603540978e-05)	(-1.048157268649e-01 -9.622545923893e-05 -4.685449201910e-02)	(-1.663271239595e-04 1.509394583064e-01 -2.594222081281e-03)
16.6                	(5.806749846677e+00 2.375535439385e+00 6.140039211224e-01)	(5.806749846677e+00 2.375535439385e+00 6.140039211224e-01)	(2.915672814300e-03 -7.058910601764e-02 -3.110503654276e-04)	(-1.650883453124e-01 -4.980171187044e-05 -6.158265946269e-02)	(-9.689231109245e-05 2.185900641626e-01 -2.140934326345e-03)
16.7                	(5.787949235936e+00 2.375533400296e+00 6.067918256681e-01)	(5.787949235936e+00 2.375533400296e+00 6.067918256681e-01)	(2.897692766924e-03 -4.620127096551e-02 -5.709238133084e-04)	(-2.077364343503e-01 1.533572581014e-06 -8.276704112041e-02)	(5.535162415547e-05 2.661075340337e-01 -1.639560159081e-03)
16.8                	(5.765893816526e+00 2.375534495559e+00 5.976614552810e-01)	(5.765893816526e+00 2.375534495559e+00 5.976614552810e-01)	(2.905292354508e-03 -1.792129046254e-02 -7.873939145954e-04)	(-2.298820633765e-01 1.442441937041e-05 -9.767709579623e-02)	(2.327366978430e-04 2.969563082639e-01 -9.870743880625e-04)
16.9                	(5.742689038831e+00 2.375535658482e+00 5.878982758214e-01)	(5.742689038831e+00 2.375535658482e+00 5.878982758214e-01)	(2.934687572827e-03 1.265743419709e-02 -9.286659227414e-04)	(-2.306389365617e-01 9.007959171064e-06 -9.363310468393e-02)	(3.487312483051e-04 3.116611587395e-01 -2.871554150147e-05)
17                  	(5.720490646278e+00 2.375536857908e+00 5.798026555564e-01)	(5.720490646278e+00 2.375536857908e+00 5.798026555564e-01)	(2.969761853460e-03 4.380068505581e-02 -9.797942012055e-04)	(-2.098860551520e-01 1.577771279433e-05 -6.387901101221e-02)	(3.000903074556e-04 3.071994103935e-01 8.002347762413e-04)
17.1                	(5.701393415574e+00 2.375538148133e+00 5.759328032180e-01)	(5.701393415574e+00 2.375538148133e+00 5.759328032180e-01)	(2.989727315945e-03 7.323142143270e-02 -9.539373458019e-04)	(-1.687308116165e-01 6.327169972806e-06 -1.017941644066e-02)	(1.100209449479e-04 2.767684793748e-01 1.455359210090e-03)
17.2                	(5.687331641953e+00 2.375536887109e+00 5.782247832474e-01)	(5.687331641953e+00 2.375536887109e+00 5.782247832474e-01)	(2.978153002288e-03 9.804733638030e-02 -8.524143495303e-04)	(-1.098609077656e-01 -3.914468173295e-05 5.705413357212e-02)	(-1.635971172170e-04 2.136576138785e-01 2.022704540253e-03)
17.3                	(5.679832603984e+00 2.375529619235e+00 5.872426658380e-01)	(5.679832603984e+00 2.375529619235e+00 5.872426658380e-01)	(2.931702731243e-03 1.148772810254e-01 -6.769498311266e-04)	(-3.882338478828e-02 -1.037892248021e-04 1.211978633365e-01)	(-3.674919797507e-04 1.181100137511e-01 2.430395987082e-03)
17.4                	(5.679685579621e+00 2.375517307454e+00 6.017598229164e-01)	(5.679685579621e+00 2.375517307454e+00 6.017598229164e-01)	(2.862016035194e-03 1.209252604655e-01 -4.369652902700e-04)	(3.578218026207e-02 -1.352845323431e-04 1.645035163450e-01)	(-4.290486239782e-04 2.745201941714e-04 2.659810615276e-03)
17.5                	(5.686800257605e+00 2.375504415390e+00 6.190409201797e-01)	(5.686800257605e+00 2.375504415390e+00 6.190409201797e-01)	(2.789316127872e-03 1.146811405355e-01 -1.493300525311e-04)	(1.048802395354e-01 -1.138821471998e-04 1.749934912647e-01)	(-3.096969593064e-04 -1.246234769406e-01 2.650925550893e-03)
17.6                	(5.700259337092e+00 2.375495351660e+00 6.355813339420e-01)	(5.700259337092e+00 2.375495351660e+00 6.355813339420e-01)	(2.739180417160e-03 9.635136449757e-02 1.530986403953e-04)	(1.618376762346e-01 -6.559441585256e-05 1.503872538705e-01)	(-3.268117649384e-05 -2.388682187077e-01 2.290010338307e-03)
17.7                	(5.718627427235e+00 2.375491650341e+00 6.482229860948e-01)	(5.718627427235e+00 2.375491650341e+00 6.482229860948e-01)	(2.728869445011e-03 6.779502695274e-02 4.268507015846e-04)	(2.025685849778e-01 -9.343529100824e-06 9.915013556940e-02)	(2.774778883215e-04 -3.265524475584e-01 1.535181946090e-03)
17.8                	(5.740170524525e+00 2.375492955682e+00 6.550270389727e-01)	(5.740170524525e+00 2.375492955682e+00 6.550270389727e-01)	(2.759787995484e-03 3.238586925722e-02 6.306742790723e-04)	(2.252441011341e-01 3.250535349887e-05 3.643916132071e-02)	(5.394909962004e-04 -3.740000926465e-01 6.054969325966e-04)
17.9                	(5.763024387683e+00 2.375497956816e+00 6.556870177836e-01)	(5.763024387683e+00 2.375497956816e+00 6.556870177836e-01)	(2.820592158642e-03 -5.486518162974e-03 7.555894648050e-04)	(2.284747979851e-01 6.862674398434e-05 -2.114964217374e-02)	(6.879421648575e-04 -3.758016980799e-01 -1.952358230049e-04)
18                  	(5.785172013577e+00 2.375506715648e+00 6.513969021232e-01)	(5.785172013577e+00 2.375506715648e+00 6.513969021232e-01)	(2.891341032451e-03 -4.130582700324e-02 8.009720183414e-04)	(2.109912129097e-01 1.021036262708e-04 -6.100991391476e-02)	(6.927080742470e-04 -3.336980582661e-01 -9.277780146190e-04)
18.1                	(5.804525994945e+00 2.375517163461e+00 6.442460397363e-01)	(5.804525994945e+00 2.375517163461e+00 6.442460397363e-01)	(2.954305375446e-03 -7.101510757688e-02 7.618093480043e-04)	(1.726477684582e-01 1.024188475911e-04 -7.828955833569e-02)	(5.968887449668e-04 -2.556787031617e-01 -1.572908936500e-03)
18.2                	(5.819078939251e+00 2.375526462312e+00 6.364009412657e-01)	(5.819078939251e+00 2.375526462312e+00 6.364009412657e-01)	(2.994830027602e-03 -9.164791746880e-02 6.407706907258e-04)	(1.156709072475e-01 8.011782599861e-05 -7.594216348491e-02)	(4.034492082215e-04 -1.540628412898e-01 -2.028938702307e-03)
18.3                	(5.827185810288e+00 2.375532604219e+00 6.293986537688e-01)	(5.827185810288e+00 2.375532604219e+00 6.293986537688e-01)	(3.005788358776e-03 -1.015214961152e-01 4.497616717603e-04)	(4.481828282181e-02 3.898947412757e-05 -6.338601406239e-02)	(2.028502541254e-04 -4.317135120391e-02 -2.365545704907e-03)
18.4                	(5.827862929480e+00 2.375533455801e+00 6.236684281886e-01)	(5.827862929480e+00 2.375533455801e+00 6.236684281886e-01)	(2.995413028933e-03 -1.004461635838e-01 1.914677657415e-04)	(-3.140017256805e-02 -2.363485689340e-05 -5.237254096792e-02)	(1.378943787754e-04 6.261900542841e-02 -2.683781789970e-03)
18.5                	(5.821028860978e+00 2.375528983142e+00 6.185767518093e-01)	(5.821028860978e+00 2.375528983142e+00 6.185767518093e-01)	(2.980131190414e-03 -8.958653358411e-02 -1.131419234253e-04)	(-1.040166101023e-01 -5.186138686968e-05 -5.154533711301e-02)	(1.402583497921e-04 1.511041588771e-01 -2.646605324907e-03)
18.6                	(5.807463918161e+00 2.375525706668e+00 6.129423968497e-01)	(5.807463918161e+00 2.375525706668e+00 6.129423968497e-01)	(2.970660766918e-03 -7.099392166491e-02 -4.126121145793e-04)	(-1.648816289333e-01 -4.809623248886e-06 -6.292025726049e-02)	(1.596103478845e-04 2.172094785737e-01 -2.174151854886e-03)
18.7                	(5.788647930709e+00 2.375528249374e+00 6.057800121454e-01)	(5.788647930709e+00 2.375528249374e+00 6.057800121454e-01)	(2.974603363328e-03 -4.678775977393e-02 -6.750621574154e-04)	(-2.082144558454e-01 4.914574568281e-05 -8.049269797696e-02)	(2.410700416881e-04 2.639549328852e-01 -1.641058770182e-03)
18.8                	(5.766516099391e+00 2.375534441527e+00 5.970204733555e-01)	(5.766516099391e+00 2.375534441527e+00 5.970204733555e-01)	(2.996218551086e-03 -1.869114821117e-02 -8.950062098126e-04)	(-2.308595124946e-01 6.937005627412e-05 -9.274657422897e-02)	(3.319256305035e-04 2.954757113559e-01 -1.033820827093e-03)
18.9                	(5.743205493216e+00 2.375542113202e+00 5.878133254583e-01)	(5.743205493216e+00 2.375542113202e+00 5.878133254583e-01)	(3.029890339006e-03 1.179813902077e-02 -1.046302536549e-03)	(-2.317215498416e-01 8.595661210454e-05 -8.779381643765e-02)	(3.350615874738e-04 3.115901581077e-01 -1.141128131091e-04)
19                  	(5.720890236608e+00 2.375551993345e+00 5.802578536445e-01)	(5.720890236608e+00 2.375551993345e+00 5.802578536445e-01)	(3.058860995223e-03 4.300246762872e-02 -1.105351891188e-03)	(-2.109771792018e-01 1.119680234109e-04 -5.926552243535e-02)	(1.925397815160e-04 3.091494839811e-01 8.029067800344e-04)
19.1                	(5.701687651927e+00 2.375563598328e+00 5.767232776966e-01)	(5.701687651927e+00 2.375563598328e+00 5.767232776966e-01)	(3.064396423784e-03 7.274536191451e-02 -1.079315333242e-03)	(-1.698213425672e-01 1.136923328276e-04 -8.212649250952e-03)	(-6.580613381818e-05 2.805879709611e-01 1.503497377119e-03)
19.2                	(5.687522628233e+00 2.375573165800e+00 5.790578223265e-01)	(5.687522628233e+00 2.375573165800e+00 5.790578223265e-01)	(3.032803608641e-03 9.798929461085e-02 -9.752015039328e-04)	(-1.109681565302e-01 6.955816705640e-05 5.592977900739e-02)	(-3.820586981411e-04 2.181664376652e-01 2.093529905630e-03)
19.3                	(5.679903731990e+00 2.375576610983e+00 5.878322475533e-01)	(5.679903731990e+00 2.375576610983e+00 5.878322475533e-01)	(2.961968681425e-03 1.152169761048e-01 -7.909934977188e-04)	(-4.007450751332e-02 -1.439481968260e-07 1.176786857086e-01)	(-6.105833672607e-04 1.213493060277e-01 2.575856995164e-03)
19.4                	(5.679624303878e+00 2.375574234726e+00 6.019384305109e-01)	(5.679624303878e+00 2.375574234726e+00 6.019384305109e-01)	(2.865991170618e-03 1.214681354308e-01 -5.332081033125e-04)	(3.439080209279e-02 -4.135449457246e-05 1.600535611455e-01)	(-6.613262935746e-04 1.017265104500e-03 2.882009246496e-03)
19.5                	(5.686605133265e+00 2.375569961581e+00 6.187891162446e-01)	(5.686605133265e+00 2.375569961581e+00 6.187891162446e-01)	(2.769041313839e-03 1.151830567423e-01 -2.200197362284e-04)	(1.037060449089e-01 -3.762057430225e-05 1.711717547158e-01)	(-4.946051731515e-04 -1.263002507535e-01 2.927758804805e-03)
19.6                	(5.699959993777e+00 2.375567181035e+00 6.350320226490e-01)	(5.699959993777e+00 2.375567181035e+00 6.350320226490e-01)	(2.700257936420e-03 9.661137958631e-02 1.124588992914e-04)	(1.609769690303e-01 -1.764742104774e-05 1.484258054778e-01)	(-1.529258735881e-04 -2.416988225648e-01 2.610053656466e-03)
19.7                	(5.718254567985e+00 2.375566530396e+00 6.475860373833e-01)	(5.718254567985e+00 2.375566530396e+00 6.475860373833e-01)	(2.678689717516e-03 6.780457341738e-02 4.215779043798e-04)	(2.020472461020e-01 3.031459112312e-06 9.937640793225e-02)	(2.322702038380e-04 -3.285754646418e-01 1.932246144187e-03)
19.8                	(5.739763609385e+00 2.375567517831e+00 6.545156776664e-01)	(5.739763609385e+00 2.375567517831e+00 6.545156776664e-01)	(2.707227292246e-03 3.228530127304e-02 6.649973426413e-04)	(2.250982861866e-01 1.447931501986e-05 3.861765643953e-02)	(5.752330579854e-04 -3.740479770482e-01 1.017805293495e-03)
19.9                	(5.762619738710e+00 2.375569477841e+00 6.554534121537e-01)	(5.762619738710e+00 2.375569477841e+00 6.554534121537e-01)	(2.774652248232e-03 -5.489356102125e-03 8.269804047503e-04)	(2.286799953603e-01 2.739428224154e-05 -1.797788056010e-02)	(7.911944938517e-04 -3.738496878621e-01 1.642835305832e-04)
20                  	(5.784802530820e+00 2.375573348630e+00 6.514845444109e-01)	(5.784802530820e+00 2.375573348630e+00 6.514845444109e-01)	(2.858741989456e-03 -4.105396636429e-02 9.018583123577e-04)	(2.114514453498e-01 4.905469889429e-05 -5.798263009744e-02)	(8.372148960591e-04 -3.310612914008e-01 -6.617380308921e-04)
20.1                	(5.804211116145e+00 2.375578485526e+00 6.445845412689e-01)	(5.804211116145e+00 2.375578485526e+00 6.445845412689e-01)	(2.938569815439e-03 -7.052928850559e-02 8.824490260676e-04)	(1.733061090399e-01 5.006667970278e-05 -7.642022687244e-02)	(7.672579524224e-04 -2.538493355676e-01 -1.414303810833e-03)
20.2                	(5.818835731910e+00 2.375582840562e+00 6.368438815271e-01)	(5.818835731910e+00 2.375582840562e+00 6.368438815271e-01)	(2.997962610341e-03 -9.105811032116e-02 7.709832435510e-04)	(1.163940223943e-01 3.354784455485e-05 -7.578835881058e-02)	(5.920527133209e-04 -1.540574394480e-01 -1.995355082896e-03)
20.3                	(5.827030224723e+00 2.375584376296e+00 6.297745649322e-01)	(5.827030224723e+00 2.375584376296e+00 6.297745649322e-01)	(3.028065240718e-03 -1.010344601879e-01 5.766890278915e-04)	(4.574100993800e-02 -7.028105981922e-06 -6.481839718348e-02)	(3.950604663174e-04 -4.519476307244e-02 -2.468332079312e-03)
20.4                	(5.827805543644e+00 2.375580720825e+00 6.238501337278e-01)	(5.827805543644e+00 2.375580720825e+00 6.238501337278e-01)	(3.033476706010e-03 -1.002541320474e-01 3.035218288056e-04)	(-3.044045516117e-02 -6.714955967792e-05 -5.465469453552e-02)	(2.802481340681e-04 5.904471768556e-02 -2.891920386548e-03)
20.5                	(5.821073854409e+00 2.375571938250e+00 6.185239893799e-01)	(5.821073854409e+00 2.375571938250e+00 6.185239893799e-01)	(3.026002239204e-03 -8.978267135436e-02 -2.520722474441e-05)	(-1.030167938797e-01 -9.444815891269e-05 -5.380429510452e-02)	(1.956640444502e-04 1.471368919973e-01 -2.924266536341e-03)
20.6                	(5.807588607728e+00 2.375564787146e+00 6.127033026344e-01)	(5.807588607728e+00 2.375564787146e+00 6.127033026344e-01)	(3.014065068715e-03 -7.152848568730e-02 -3.538091712975e-04)	(-1.641432515729e-01 -4.027636671543e-05 -6.428826694686e-02)	(1.072832750353e-04 2.145206328602e-01 -2.478212497036e-03)
20.7                	(5.788833126300e+00 2.375564159005e+00 6.054689903584e-01)	(5.788833126300e+00 2.375564159005e+00 6.054689903584e-01)	(3.006350804645e-03 -4.748595542937e-02 -6.471013416122e-04)	(-2.077145797445e-01 2.081930752407e-05 -8.053031854461e-02)	(1.073596728010e-04 2.635858660329e-01 -1.937291661813e-03)
20.8                	(5.766742175780e+00 2.375567727078e+00 5.967705804801e-01)	(5.766742175780e+00 2.375567727078e+00 5.967705804801e-01)	(3.011609393562e-03 -1.931223118732e-02 -8.966676073782e-04)	(-2.305559395743e-01 4.413775213279e-05 -9.154730301339e-02)	(1.731390925311e-04 2.972178542775e-01 -1.315821223731e-03)
20.9                	(5.743451440269e+00 2.375572769925e+00 5.877176902509e-01)	(5.743451440269e+00 2.375572769925e+00 5.877176902509e-01)	(3.030274220638e-03 1.144557092438e-02 -1.074869082785e-03)	(-2.316525836975e-01 5.924532173217e-05 -8.596949115688e-02)	(2.021379543593e-04 3.146967786040e-01 -3.460638917013e-04)
21                  	(5.721132020386e+00 2.375580326209e+00 5.803416442789e-01)	(5.721132020386e+00 2.375580326209e+00 5.803416442789e-01)	(3.048231098623e-03 4.295417098660e-02 -1.154211178724e-03)	(-2.111448093819e-01 9.432379006921e-05 -5.758360521205e-02)	(9.400043986296e-05 3.119036136870e-01 6.452962578841e-04)
21.1                	(5.701904017361e+00 2.375590463587e+00 5.769466377548e-01)	(5.701904017361e+00 2.375590463587e+00 5.769466377548e-01)	(3.047252008177e-03 7.290278372190e-02 -1.141190690141e-03)	(-1.701379516489e-01 1.008454650118e-04 -7.219442924627e-03)	(-1.088296645514e-04 2.819581203587e-01 1.404673589764e-03)
21.2                	(5.687700875222e+00 2.375598908299e+00 5.793297320714e-01)	(5.687700875222e+00 2.375598908299e+00 5.793297320714e-01)	(3.014980043701e-03 9.818414243874e-02 -1.044548733345e-03)	(-1.113672673941e-01 6.025079985191e-05 5.587514763784e-02)	(-3.672946489812e-04 2.178047591079e-01 2.032998562983e-03)
21.3                	(5.680027513814e+00 2.375601676945e+00 5.880408717951e-01)	(5.680027513814e+00 2.375601676945e+00 5.880408717951e-01)	(2.948062234462e-03 1.153084912585e-01 -8.648197427368e-04)	(-4.069958059736e-02 -4.713708169159e-06 1.165206532571e-01)	(-5.594428117244e-04 1.196574783860e-01 2.538508453350e-03)
21.4                	(5.679694618358e+00 2.375598853017e+00 6.020054016485e-01)	(5.679694618358e+00 2.375598853017e+00 6.020054016485e-01)	(2.858438435517e-03 1.213621522248e-01 -6.082809248268e-04)	(3.380995677131e-02 -4.547482090639e-05 1.583582291583e-01)	(-5.919747947118e-04 -1.039044044456e-03 2.883388632699e-03)
21.5                	(5.686616934739e+00 2.375594290973e+00 6.186722841497e-01)	(5.686616934739e+00 2.375594290973e+00 6.186722841497e-01)	(2.768244305420e-03 1.149055696118e-01 -2.923526939892e-04)	(1.032259795202e-01 -3.891276008101e-05 1.693622321824e-01)	(-4.258112742111e-04 -1.276004466820e-01 2.970553493454e-03)
21.6                	(5.699924228330e+00 2.375591680559e+00 6.347507529014e-01)	(5.699924228330e+00 2.375591680559e+00 6.347507529014e-01)	(2.705399872662e-03 9.627296670684e-02 4.593895607288e-05)	(1.605691790666e-01 -1.244863114573e-05 1.470356766267e-01)	(-9.117310221402e-05 -2.414049814873e-01 2.676928489794e-03)
21.7                	(5.718193794963e+00 2.375591889504e+00 6.472125315682e-01)	(5.718193794963e+00 2.375591889504e+00 6.472125315682e-01)	(2.689292225731e-03 6.758788820397e-02 3.622890012874e-04)	(2.018794812846e-01 1.445993993396e-05 9.896032730498e-02)	(2.895490144501e-04 -3.265752711003e-01 2.008828609184e-03)
21.8                	(5.739691466365e+00 2.375593997924e+00 6.541584800220e-01)	(5.739691466365e+00 2.375593997924e+00 6.541584800220e-01)	(2.722607796766e-03 3.232027239207e-02 6.137879757675e-04)	(2.250157535674e-01 2.434609999466e-05 3.935747175373e-02)	(6.184006987262e-04 -3.712193219993e-01 1.105576388214e-03)
21.9                	(5.762540111157e+00 2.375596742765e+00 6.552162473741e-01)	(5.762540111157e+00 2.375596742765e+00 6.552162473741e-01)	(2.793092272697e-03 -5.188950135396e-03 7.842474726553e-04)	(2.285772409621e-01 3.375251147943e-05 -1.636191067811e-02)	(8.104308409886e-04 -3.716566229890e-01 2.503527170671e-04)
22                  	(5.784708306881e+00 2.375601098744e+00 6.514294590713e-01)	(5.784708306881e+00 2.375601098744e+00 6.514294590713e-01)	(2.878464991479e-03 -4.061737632443e-02 8.684480635415e-04)	(2.112816542285e-01 5.280279202062e-05 -5.604015334325e-02)	(8.417705114309e-04 -3.304234443638e-01 -5.626429577220e-04)
22.1                	(5.804097473298e+00 2.375606556810e+00 6.447232179839e-01)	(5.804097473298e+00 2.375606556810e+00 6.447232179839e-01)	(2.958774384535e-03 -7.012077358025e-02 8.611308220379e-04)	(1.730668474528e-01 5.229876206304e-05 -7.459378108914e-02)	(7.575445663595e-04 -2.549065281405e-01 -1.282323361336e-03)
22.2                	(5.818688643313e+00 2.375610854875e+00 6.371211567107e-01)	(5.818688643313e+00 2.375610854875e+00 6.371211567107e-01)	(3.017507637470e-03 -9.081878269250e-02 7.655582374680e-04)	(1.160138976434e-01 3.010881392812e-05 -7.488953431950e-02)	(5.590941369455e-04 -1.565295734424e-01 -1.831301001869e-03)
22.3                	(5.826860184569e+00 2.375611686419e+00 6.300922283171e-01)	(5.826860184569e+00 2.375611686419e+00 6.300922283171e-01)	(3.044550157400e-03 -1.010695753470e-01 5.891202310429e-04)	(4.560636336435e-02 -1.848101740182e-05 -6.492876511326e-02)	(3.330392899189e-04 -4.774941292986e-02 -2.301565443996e-03)
22.4                	(5.827618263263e+00 2.375606424376e+00 6.241093835689e-01)	(5.827618263263e+00 2.375606424376e+00 6.241093835689e-01)	(3.044365246892e-03 -1.004812108299e-01 3.337024793244e-04)	(-3.053269678750e-02 -8.832374224571e-05 -5.569251689169e-02)	(1.990711547363e-04 5.769216301921e-02 -2.717920164304e-03)
22.5                	(5.820872174669e+00 2.375595174743e+00 6.186496742111e-01)	(5.820872174669e+00 2.375595174743e+00 6.186496742111e-01)	(3.030457020833e-03 -9.005115631851e-02 2.121311608761e-05)	(-1.030237880232e-01 -1.200432615322e-04 -5.534729743729e-02)	(1.217646692117e-04 1.477346679182e-01 -2.773980200549e-03)
22.6                	(5.807405854552e+00 2.375585680325e+00 6.126717847633e-01)	(5.807405854552e+00 2.375585680325e+00 6.126717847633e-01)	(3.013323841424e-03 -7.164038419883e-02 -2.947080165612e-04)	(-1.638249520367e-01 -5.994306394281e-05 -6.581474387430e-02)	(5.914355232570e-05 2.167656788308e-01 -2.369933878315e-03)
22.7                	(5.788686750114e+00 2.375583460760e+00 6.053020129962e-01)	(5.788686750114e+00 2.375583460760e+00 6.053020129962e-01)	(3.002484190811e-03 -4.734296805064e-02 -5.807256327201e-04)	(-2.073078459964e-01 8.209016845657e-06 -8.165761506505e-02)	(8.350413232668e-05 2.660846020370e-01 -1.884591721507e-03)
22.8                	(5.766635921255e+00 2.375585586253e+00 5.965231308141e-01)	(5.766635921255e+00 2.375585586253e+00 5.965231308141e-01)	(3.007017704955e-03 -1.897097293900e-02 -8.274934877506e-04)	(-2.301704179497e-01 2.684375139939e-05 -9.199871737336e-02)	(1.796147958380e-04 2.986979726468e-01 -1.304611577823e-03)
22.9                	(5.743380192602e+00 2.375588775906e+00 5.874697804151e-01)	(5.743380192602e+00 2.375588775906e+00 5.874697804151e-01)	(3.027195866873e-03 1.185182785143e-02 -1.006668051495e-03)	(-2.314220406327e-01 3.953958275615e-05 -8.552677310654e-02)	(2.229514603466e-04 3.135131907289e-01 -3.685263250336e-04)
23                  	(5.721096576898e+00 2.375594106465e+00 5.801732933320e-01)	(5.721096576898e+00 2.375594106465e+00 5.801732933320e-01)	(3.048111998962e-03 4.327915977696e-02 -1.089521436232e-03)	(-2.107047215902e-01 7.122544490835e-05 -5.649138683026e-02)	(1.285148396309e-04 3.103435346750e-01 5.876030190984e-04)
23.1                	(5.701902636210e+00 2.375602440080e+00 5.768993853246e-01)	(5.701902636210e+00 2.375602440080e+00 5.768993853246e-01)	(3.050777161134e-03 7.300263227418e-02 -1.083290714783e-03)	(-1.697860741292e-01 8.879979881930e-05 -5.969871067783e-03)	(-7.902830737116e-05 2.795063652186e-01 1.315791337764e-03)
23.2                	(5.687727796168e+00 2.375610087498e+00 5.793992898236e-01)	(5.687727796168e+00 2.375610087498e+00 5.793992898236e-01)	(3.022108239799e-03 9.803082932797e-02 -9.960232777284e-04)	(-1.111161719729e-01 5.440271120355e-05 5.692807612685e-02)	(-3.389308753767e-04 2.151531891040e-01 1.923525002620e-03)
23.3                	(5.680087073274e+00 2.375612171686e+00 5.881970341890e-01)	(5.680087073274e+00 2.375612171686e+00 5.881970341890e-01)	(2.959545772046e-03 1.149361148519e-01 -8.283483043620e-04)	(-4.035271973803e-02 -1.363283992497e-05 1.171387013452e-01)	(-5.306470750549e-04 1.181797971938e-01 2.396366844198e-03)
23.4                	(5.679775074217e+00 2.375608104295e+00 6.021823398492e-01)	(5.679775074217e+00 2.375608104295e+00 6.021823398492e-01)	(2.874238151891e-03 1.209175509634e-01 -5.879216031107e-04)	(3.392906908779e-02 -6.171930628251e-05 1.581372613669e-01)	(-5.775619776089e-04 -9.631238283026e-04 2.705084903215e-03)
23.5                	(5.686713786293e+00 2.375601524224e+00 6.187930419515e-01)	(5.686713786293e+00 2.375601524224e+00 6.187930419515e-01)	(2.786729106616e-03 1.145377875149e-01 -2.915566933641e-04)	(1.034345970966e-01 -6.262854450430e-05 1.685537755395e-01)	(-4.363294422141e-04 -1.262792758952e-01 2.764814071805e-03)
23.6                	(5.700054738962e+00 2.375596357513e+00 6.347873598161e-01)	(5.700054738962e+00 2.375596357513e+00 6.347873598161e-01)	(2.723481931850e-03 9.607136643117e-02 2.501419014307e-05)	(1.609519431855e-01 -3.871856267978e-05 1.462173806023e-01)	(-1.392125393872e-04 -2.397409807667e-01 2.456064338003e-03)
23.7                	(5.718350043466e+00 2.375594202229e+00 6.471663489574e-01)	(5.718350043466e+00 2.375594202229e+00 6.471663489574e-01)	(2.702694589285e-03 6.752986719490e-02 3.192694833334e-04)	(2.021011237362e-01 -5.896319096681e-06 9.814200235502e-02)	(2.095314840466e-04 -3.252607714854e-01 1.789933053339e-03)
23.8                	(5.739863190452e+00 2.375594793100e+00 6.540421522567e-01)	(5.739863190452e+00 2.375594793100e+00 6.540421522567e-01)	(2.728177585633e-03 3.235390881678e-02 5.496452679380e-04)	(2.251318924611e-01 1.361547941522e-05 3.882844411573e-02)	(5.232010057285e-04 -3.707163583662e-01 9.036818487702e-04)
23.9                	(5.762719748202e+00 2.375596668180e+00 6.550715928004e-01)	(5.762719748202e+00 2.375596668180e+00 6.550715928004e-01)	(2.789187562470e-03 -5.152550877831e-03 7.018420240022e-04)	(2.285862223026e-01 2.593635396223e-05 -1.641220599573e-02)	(7.135319861656e-04 -3.721939873802e-01 8.909843002290e-05)
24                  	(5.784881039424e+00 2.375600210965e+00 6.512988392614e-01)	(5.784881039424e+00 2.375600210965e+00 6.512988392614e-01)	(2.865334751458e-03 -4.068063757158e-02 7.730740389924e-04)	(2.111392365847e-01 4.447367894748e-05 -5.571155670956e-02)	(7.628711916344e-04 -3.317769929592e-01 -6.570270597811e-04)
24.1                	(5.804248250028e+00 2.375604839072e+00 6.446398815274e-01)	(5.804248250028e+00 2.375604839072e+00 6.446398815274e-01)	(2.938983937623e-03 -7.033744825201e-02 7.602286286501e-04)	(1.727638697548e-01 4.338422610375e-05 -7.398538791284e-02)	(7.128321504366e-04 -2.565966184150e-01 -1.289569501489e-03)
24.2                	(5.818812704922e+00 2.375608150707e+00 6.371191087937e-01)	(5.818812704922e+00 2.375608150707e+00 6.371191087937e-01)	(2.995878738844e-03 -9.118540640873e-02 6.699554331234e-04)	(1.157528299865e-01 1.912230110717e-05 -7.393656766450e-02)	(5.593319760366e-04 -1.574375543504e-01 -1.720269847435e-03)
24.3                	(5.826947456388e+00 2.375607626974e+00 6.301802488797e-01)	(5.826947456388e+00 2.375607626974e+00 6.301802488797e-01)	(3.026902633798e-03 -1.014581270353e-01 5.092308109740e-04)	(4.528360062013e-02 -3.556321854328e-05 -6.412560883994e-02)	(3.836800429441e-04 -4.739748214332e-02 -2.100087496107e-03)
24.4                	(5.827681930919e+00 2.375600229517e+00 6.242584340235e-01)	(5.827681930919e+00 2.375600229517e+00 6.242584340235e-01)	(3.036319864297e-03 -1.007851148182e-01 2.765579747835e-04)	(-3.068934617386e-02 -1.136031422901e-04 -5.529922902173e-02)	(2.922602279031e-04 5.905520820900e-02 -2.468971852308e-03)
24.5                	(5.820922709133e+00 2.375586289159e+00 6.188144611306e-01)	(5.820922709133e+00 2.375586289159e+00 6.188144611306e-01)	(3.035384226202e-03 -9.018820054422e-02 -9.402283781670e-06)	(-1.031211367046e-01 -1.470838689511e-04 -5.545587665150e-02)	(2.324533748120e-04 1.494848058531e-01 -2.485789582000e-03)
24.6                	(5.807438621090e+00 2.375574109988e+00 6.127994654845e-01)	(5.807438621090e+00 2.375574109988e+00 6.127994654845e-01)	(3.031626285719e-03 -7.161028917396e-02 -2.968057104569e-04)	(-1.639949421928e-01 -8.706933974194e-05 -6.643154943955e-02)	(1.666998124459e-04 2.184489103529e-01 -2.076186820621e-03)
24.7                	(5.788708057936e+00 2.375569118075e+00 6.053494646114e-01)	(5.788708057936e+00 2.375569118075e+00 6.053494646114e-01)	(3.032333193982e-03 -4.717470145571e-02 -5.548306298677e-04)	(-2.074087835337e-01 -1.878764237514e-05 -8.259784759636e-02)	(1.653522153480e-04 2.671965546624e-01 -1.601011167549e-03)
24.8                	(5.766649099746e+00 2.375568677798e+00 5.964755707259e-01)	(5.766649099746e+00 2.375568677798e+00 5.964755707259e-01)	(3.042915058983e-03 -1.874061709686e-02 -7.755778622412e-04)	(-2.302744742298e-01 1.322815979728e-06 -9.291914554542e-02)	(1.975651737892e-04 2.987243966442e-01 -1.048753409867e-03)
24.9                	(5.743382616949e+00 2.375569404413e+00 5.873416343925e-01)	(5.743382616949e+00 2.375569404413e+00 5.873416343925e-01)	(3.061948363154e-03 1.202852963593e-02 -9.328797142500e-04)	(-2.314654129986e-01 1.749642459742e-05 -8.624577139183e-02)	(1.796590323576e-04 3.135554554881e-01 -1.696726772790e-04)
25                  	(5.721074465225e+00 2.375572801134e+00 5.799920877119e-01)	(5.721074465225e+00 2.375572801134e+00 5.799920877119e-01)	(3.075493331768e-03 4.329483745961e-02 -9.997614817801e-04)	(-2.110738522101e-01 5.164533092727e-05 -5.681332151960e-02)	(3.885058976445e-05 3.083830642376e-01 7.189207444410e-04)
25.1                	(5.701859706781e+00 2.375578878362e+00 5.767121470212e-01)	(5.701859706781e+00 2.375578878362e+00 5.767121470212e-01)	(3.067789330066e-03 7.286294778849e-02 -9.848620147703e-04)	(-1.703569360716e-01 6.412831714549e-05 -5.745379716330e-03)	(-1.865735909458e-04 2.777811512905e-01 1.354924113794e-03)
25.2                	(5.687678141504e+00 2.375584238720e+00 5.792610218042e-01)	(5.687678141504e+00 2.375584238720e+00 5.792610218042e-01)	(3.027641214408e-03 9.775199996115e-02 -8.977361292469e-04)	(-1.110011004720e-01 3.370681118192e-05 5.763504998662e-02)	(-4.602104192348e-04 2.146573676135e-01 1.877555783452e-03)
25.3                	(5.680049222978e+00 2.375584425570e+00 5.881354475128e-01)	(5.680049222978e+00 2.375584425570e+00 5.881354475128e-01)	(2.954127053724e-03 1.146830744596e-01 -7.385348494376e-04)	(-4.023243665941e-02 -3.048342138768e-05 1.179058795592e-01)	(-6.448281372613e-04 1.190264495949e-01 2.279544028436e-03)
25.4                	(5.679761739427e+00 2.375578857908e+00 6.021968026865e-01)	(5.679761739427e+00 2.375578857908e+00 6.021968026865e-01)	(2.860073301050e-03 1.208018257006e-01 -5.128483268557e-04)	(3.418473946492e-02 -7.475538381426e-05 1.588276460912e-01)	(-6.695435350362e-04 8.071873280057e-04 2.542104554620e-03)
25.5                	(5.686729388034e+00 2.375571071162e+00 6.188690262332e-01)	(5.686729388034e+00 2.375571071162e+00 6.188690262332e-01)	(2.768940007852e-03 1.146072608978e-01 -2.350185428694e-04)	(1.036058795690e-01 -7.549200628201e-05 1.689795869607e-01)	(-4.461871458113e-04 -1.243782307800e-01 2.567747574100e-03)
25.6                	(5.700079533444e+00 2.375564046196e+00 6.348830069627e-01)	(5.700079533444e+00 2.375564046196e+00 6.348830069627e-01)	(2.714268368223e-03 9.629132454061e-02 5.782116030395e-05)	(1.609242318422e-01 -6.191157097333e-05 1.461627902639e-01)	(-5.894586958747e-06 -2.387114254192e-01 2.197462364047e-03)
25.7                	(5.718363190285e+00 2.375559391492e+00 6.472401630250e-01)	(5.718363190285e+00 2.375559391492e+00 6.472401630250e-01)	(2.713833064761e-03 6.779467891750e-02 3.241713198085e-04)	(2.018872914915e-01 -3.146555342215e-05 9.780718266322e-02)	(4.242201024893e-04 -3.254616066921e-01 1.502761774887e-03)
25.8                	(5.739853812758e+00 2.375557354178e+00 6.540769657228e-01)	(5.739853812758e+00 2.375557354178e+00 6.540769657228e-01)	(2.762418532201e-03 3.253939702211e-02 5.281672840973e-04)	(2.248216018632e-01 -1.308570019910e-05 3.840198359311e-02)	(7.325194723858e-04 -3.721283010206e-01 6.564067212561e-04)
25.9                	(5.762671937542e+00 2.375556475415e+00 6.550630103019e-01)	(5.762671937542e+00 2.375556475415e+00 6.550630103019e-01)	(2.841953582402e-03 -5.135823960451e-03 6.622379269508e-04)	(2.281584179006e-01 -2.347664175949e-06 -1.682264229136e-02)	(8.643219900793e-04 -3.739099871494e-01 -6.562990372379e-05)
26                  	(5.784789087825e+00 2.375557253076e+00 6.512579506848e-01)	(5.784789087825e+00 2.375557253076e+00 6.512579506848e-01)	(2.929090820125e-03 -4.081148560848e-02 7.249513505070e-04)	(2.106930868004e-01 1.832576393491e-05 -5.591735727128e-02)	(8.351502289875e-04 -3.329298785727e-01 -7.295604744793e-04)
26.1                	(5.804114090042e+00 2.375559730635e+00 6.445896853733e-01)	(5.804114090042e+00 2.375559730635e+00 6.445896853733e-01)	(3.005882210051e-03 -7.053031480778e-02 7.094754891713e-04)	(1.723916475128e-01 2.663961790997e-05 -7.397474396997e-02)	(7.045734424839e-04 -2.565677876694e-01 -1.314097922632e-03)
26.2                	(5.818641893648e+00 2.375561822527e+00 6.370723700748e-01)	(5.818641893648e+00 2.375561822527e+00 6.370723700748e-01)	(3.057956828557e-03 -9.130351493065e-02 6.197128364154e-04)	(1.154138356551e-01 1.260840105257e-05 -7.388302791028e-02)	(4.712997479793e-04 -1.561113326566e-01 -1.709923416490e-03)
26.3                	(5.826753470948e+00 2.375561450238e+00 6.301435689858e-01)	(5.826753470948e+00 2.375561450238e+00 6.301435689858e-01)	(3.076936173856e-03 -1.013921392146e-01 4.612594199856e-04)	(4.517198313249e-02 -2.524597832890e-05 -6.396639460679e-02)	(2.304385029938e-04 -4.511567401488e-02 -2.067359780974e-03)
26.4                	(5.827481368125e+00 2.375555904807e+00 6.242427929971e-01)	(5.827481368125e+00 2.375555904807e+00 6.242427929971e-01)	(3.069341156613e-03 -1.004878852174e-01 2.322504903404e-04)	(-3.075367901313e-02 -8.811751276084e-05 -5.505081614429e-02)	(1.032597413010e-04 6.124217453225e-02 -2.416722542069e-03)
26.5                	(5.820725767645e+00 2.375544936190e+00 6.188217445840e-01)	(5.820725767645e+00 2.375544936190e+00 6.188217445840e-01)	(3.049475277850e-03 -8.971488295641e-02 -4.855727502529e-05)	(-1.029835404022e-01 -1.141754411153e-04 -5.527317513275e-02)	(3.222860788779e-05 1.506503721350e-01 -2.418585810909e-03)
26.6                	(5.807263146122e+00 2.375536117525e+00 6.128194408270e-01)	(5.807263146122e+00 2.375536117525e+00 6.128194408270e-01)	(3.025490810858e-03 -7.109376472786e-02 -3.276345271937e-04)	(-1.637547590892e-01 -5.497085864489e-05 -6.634426824006e-02)	(-5.259130010257e-05 2.181892074676e-01 -1.977506468061e-03)
26.7                	(5.788563080175e+00 2.375534051551e+00 6.053762457716e-01)	(5.788563080175e+00 2.375534051551e+00 6.053762457716e-01)	(3.005122815869e-03 -4.675905363442e-02 -5.743760646018e-04)	(-2.070570959268e-01 7.474603310891e-06 -8.255348288659e-02)	(-4.507854356300e-05 2.654016160117e-01 -1.492294042315e-03)
26.8                	(5.766539586193e+00 2.375536046195e+00 5.965007201635e-01)	(5.766539586193e+00 2.375536046195e+00 5.965007201635e-01)	(2.997495043140e-03 -1.855205000136e-02 -7.826682252821e-04)	(-2.298654407515e-01 2.413106464076e-05 -9.298751752101e-02)	(3.857869615807e-05 2.961648508830e-01 -9.456337702501e-04)
26.9                	(5.743320471119e+00 2.375538613713e+00 5.873582016077e-01)	(5.743320471119e+00 2.375538613713e+00 5.873582016077e-01)	(3.004108492855e-03 1.196990125607e-02 -9.283647624623e-04)	(-2.309523996905e-01 2.925866532500e-05 -8.631699257159e-02)	(9.174507026066e-05 3.112107279593e-01 -9.274980243574e-05)
27                  	(5.721073517729e+00 2.375542453655e+00 5.800011776313e-01)	(5.721073517729e+00 2.375542453655e+00 5.800011776313e-01)	(3.012489069626e-03 4.306811295865e-02 -9.862179441284e-04)	(-2.103854577154e-01 5.104424602202e-05 -5.688366619578e-02)	(2.415833575364e-05 3.074132488758e-01 7.829776456516e-04)
27.1                	(5.701928608643e+00 2.375548311385e+00 5.767158606606e-01)	(5.701928608643e+00 2.375548311385e+00 5.767158606606e-01)	(3.005195605594e-03 7.257893253477e-02 -9.606749337244e-04)	(-1.691710323927e-01 5.987937791018e-05 -5.823017612162e-03)	(-1.504868317817e-04 2.784251405983e-01 1.468503748521e-03)
27.2                	(5.687820515641e+00 2.375552688108e+00 5.792512619874e-01)	(5.687820515641e+00 2.375552688108e+00 5.792512619874e-01)	(2.970759973627e-03 9.760214717394e-02 -8.608052644818e-04)	(-1.103918769108e-01 1.871274067169e-05 5.746162852283e-02)	(-3.603082677222e-04 2.161857896853e-01 1.989943267651e-03)
27.3                	(5.680244989422e+00 2.375551050506e+00 5.881125300201e-01)	(5.680244989422e+00 2.375551050506e+00 5.881125300201e-01)	(2.908767457386e-03 1.146730949098e-01 -6.911519365376e-04)	(-3.974827981504e-02 -5.165367598805e-05 1.178557568091e-01)	(-4.962975334977e-04 1.201433524256e-01 2.363160968916e-03)
27.4                	(5.679977806522e+00 2.375543174015e+00 6.021568578058e-01)	(5.679977806522e+00 2.375543174015e+00 6.021568578058e-01)	(2.830588686808e-03 1.208510670028e-01 -4.590242235814e-04)	(3.436525799570e-02 -9.959922033688e-05 1.586541764195e-01)	(-4.905319247661e-04 7.740948723730e-04 2.580189789099e-03)
27.5                	(5.686943824709e+00 2.375532971419e+00 6.188033348796e-01)	(5.686943824709e+00 2.375532971419e+00 6.188033348796e-01)	(2.756017397840e-03 1.145950781806e-01 -1.800962605351e-04)	(1.035304008988e-01 -9.685533991398e-05 1.686812229868e-01)	(-3.054432470747e-04 -1.256158282448e-01 2.554936500631e-03)
27.6                	(5.700279837648e+00 2.375524568650e+00 6.347929672421e-01)	(5.700279837648e+00 2.375524568650e+00 6.347929672421e-01)	(2.710720567658e-03 9.610572798294e-02 1.101143844564e-04)	(1.607092604097e-01 -6.692777785579e-05 1.459697526192e-01)	(2.920600958652e-05 -2.408136616976e-01 2.147322661512e-03)
27.7                	(5.718536754453e+00 2.375520334988e+00 6.471319263947e-01)	(5.718536754453e+00 2.375520334988e+00 6.471319263947e-01)	(2.709942885632e-03 6.740093027386e-02 3.694538944261e-04)	(2.016039607540e-01 -1.867238481690e-05 9.766423196354e-02)	(3.773164394672e-04 -3.274057039952e-01 1.400506144269e-03)
27.8                	(5.739994385432e+00 2.375520505639e+00 6.539583668420e-01)	(5.739994385432e+00 2.375520505639e+00 6.539583668420e-01)	(2.752489529150e-03 3.200676223349e-02 5.601103533137e-04)	(2.245222605150e-01 1.862796345028e-05 3.835946582422e-02)	(6.518002986594e-04 -3.726626276139e-01 4.879641797592e-04)
27.9                	(5.762789097889e+00 2.375523829710e+00 6.549495514411e-01)	(5.762789097889e+00 2.375523829710e+00 6.549495514411e-01)	(2.824423026883e-03 -5.633199874865e-03 6.733531874703e-04)	(2.279942361048e-01 4.845446663070e-05 -1.668904482662e-02)	(7.922871255279e-04 -3.726809100574e-01 -2.976403709589e-04)
28                  	(5.784896103780e+00 2.375530078127e+00 6.511650965511e-01)	(5.784896103780e+00 2.375530078127e+00 6.511650965511e-01)	(2.904797700301e-03 -4.112398778617e-02 7.106689095597e-04)	(2.106418565998e-01 7.414205577814e-05 -5.564247678891e-02)	(7.810273689873e-04 -3.305607426122e-01 -9.652791228683e-04)
